0
0
0
0.00104
0.001429
0.001102
0
-0.001888
-0.003642
-0.004897
-0.004959
-0.004632
-0.004437
-0.004639
-0.005543
-0.006506
-0.00677
-0.00603
-0.004095
-0.001222
0.001685
0.003003
0.002938
0.001794
0
0
0
0
-0.001235
-0.003409
-0.006643
-0.009938
-0.01219
-0.01282
-0.01172
-0.009788
-0.007476
-0.005415
-0.003502
-0.001149
0.002128
0.006296
0.01073
0.0146
0.01728
0.01802
0.018
0.01796
0.01725
0.01617
0.01489
0.01287
0.01039
0.008118
0.006708
0.006282
0.006286
0.005638
0.003552
0
-0.003319
-0.006578
-0.008731
-0.00891
-0.00764
-0.005643
-0.003414
0
0.001931
0.004624
0.007988
0.01164
0.01484
0.01748
0.01939
0.02039
0.02055
0.02014
0.01893
0.01596
0.01133
0.005514
0
-0.00618
-0.01039
-0.01349
-0.01523
-0.0158
-0.01531
-0.01407
-0.01129
-0.006992
-0.002009
0.003191
0.007895
0.01159
0.01387
0.01581
0.01767
0.01923
0.01998
0.01961
0.01793
0.01466
0.01082
0.007203
0.003791
0
-0.003892
-0.008625
-0.01435
-0.02064
-0.02528
-0.02754
-0.0273
-0.02453
-0.01948
-0.0136
-0.007389
0
0.007009
0.01456
0.02166
0.02802
0.03238
0.03478
0.03586
0.03581
0.03428
0.03088
0.02511
0.01659
0.00611
-0.004928
-0.01533
-0.02362
-0.02974
-0.03445
-0.03735
-0.03841
-0.0375
-0.03377
-0.02628
-0.01563
-0.003359
0.009323
0.0212
0.03169
0.04067
0.04802
0.05319
0.05554
0.05485
0.05033
0.04192
0.03079
0.01825
0.005734
-0.006529
-0.01848
-0.03026
-0.04133
-0.05088
-0.0578
-0.06103
-0.06072
-0.0573
-0.0514
-0.0432
-0.03337
-0.02221
-0.009958
0.003041
0.01598
0.02797
0.03873
0.04749
0.05366
0.05681
0.05716
0.05524
0.05058
0.04387
0.03612
0.02701
0.01635
0.00476
-0.007652
-0.02057
-0.03224
-0.04105
-0.04641
-0.04846
-0.04739
-0.04345
-0.03749
-0.03004
-0.021
-0.01048
0
0.01264
0.02398
0.03375
0.04126
0.0462
0.04888
0.0493
0.04759
0.04386
0.03793
0.02942
0.0189
0.007413
-0.003821
-0.0145
-0.02365
-0.03118
-0.03757
-0.04291
-0.04689
-0.04933
-0.04923
-0.04605
-0.03921
-0.02954
-0.01833
-0.006318
0.005862
0.01779
0.02954
0.04014
0.04834
0.05365
0.05477
0.0513
0.04452
0.035
0.02466
0.01446
0.003856
-0.00723
-0.01883
-0.03014
-0.03955
-0.04544
-0.04799
-0.04762
-0.04515
-0.0416
-0.03721
-0.03228
-0.02645
-0.01977
-0.01242
-0.004477
0.002628
0.008381
0.01328
0.01764
0.02116
0.02399
0.02588
0.02578
0.02415
0.0209
0.01641
0.01111
0.006019
0.001401
-0.002385
-0.004819
-0.005262
-0.004113
-0.002174
0
0.00222
0.003566
0.004252
0.005542
0.007091
0.008993
0.01113
0.0131
0.01424
0.01435
0.01381
0.01248
0.01078
0.008766
0.006308
0.003147
0
-0.003347
-0.006057
-0.008229
-0.009977
-0.01165
-0.0134
-0.01518
-0.01685
-0.0176
-0.01724
-0.01548
-0.0125
-0.008655
-0.004147
0
0.004402
0.00788
0.01028
0.01208
0.01372
0.01453
0.01464
0.01444
0.01402
0.01357
0.01337
0.01413
0.01519
0.01564
0.01489
0.01271
0.009395
0.005823
0.002743
0
-0.001126
-0.003371
-0.006274
-0.009478
-0.0122
-0.01354
-0.01221
-0.007587
-0.001166
0.006003
0.0127
0.01874
0.02439
0.03063
0.03749
0.04436
0.04986
0.05341
0.05414
0.05126
0.04529
0.03683
0.02661
0.01565
0.00523
-0.004549
-0.01335
-0.02106
-0.02711
-0.0323
-0.0366
-0.04002
-0.04123
-0.0396
-0.03481
-0.02627
-0.01381
0
0.01747
0.03537
0.05374
0.07129
0.08652
0.09822
0.1049
0.1046
0.09724
0.08306
0.06271
0.03764
0.01003
-0.01843
-0.04632
-0.0728
-0.09726
-0.1189
-0.1369
-0.1503
-0.1574
-0.1568
-0.1479
-0.1308
-0.106
-0.07519
-0.04065
-0.004779
0.03062
0.06346
0.09163
0.1143
0.1305
0.1402
0.144
0.1413
0.1318
0.115
0.09196
0.06365
0.03244
0
-0.03001
-0.0581
-0.08283
-0.1038
-0.1199
-0.1309
-0.1366
-0.1356
-0.1271
-0.1118
-0.09093
-0.06634
-0.03961
-0.01241
0.01374
0.03762
0.05807
0.0742
0.0856
0.09252
0.09434
0.09058
0.08206
0.06913
0.05203
0.0312
0.007521
-0.01772
-0.04364
-0.06928
-0.09251
-0.1109
-0.1235
-0.1292
-0.1285
-0.1231
-0.1146
-0.1046
-0.09305
-0.07995
-0.06522
-0.04927
-0.03261
-0.01653
-0.002026
0.01106
0.02317
0.03498
0.04808
0.0623
0.07612
0.0875
0.09442
0.09528
0.08905
0.0757
0.05626
0.03206
0.005388
-0.0217
-0.04664
-0.06709
-0.08112
-0.08749
-0.08599
-0.07748
-0.06433
-0.04808
-0.03028
-0.01265
0.003435
0.01757
0.02986
0.03979
0.04723
0.0513
0.0516
0.04773
0.03977
0.02836
0.01524
0.001904
-0.01
-0.01841
-0.02261
-0.02238
-0.01892
-0.01321
-0.006935
-0.002294
0
0.002422
0.004481
0.007621
0.01261
0.0187
0.02458
0.0295
0.03233
0.03365
0.03415
0.03432
0.03495
0.03678
0.03889
0.04157
0.04676
0.05859
0.07877
0.1068
0.1405
0.1778
0.2162
0.2529
0.2863
0.3168
0.3447
0.3697
0.3928
0.4136
0.4285
0.4348
0.4304
0.4125
0.379
0.3325
0.2788
0.2251
0.1772
0.1359
0.0947
0.04662
-0.005894
-0.05597
-0.0941
-0.1056
-0.07751
-0.006936
0.09739
0.2179
0.3363
0.4413
0.5275
0.5924
0.6325
0.6379
0.5953
0.4949
0.3309
0.104
-0.1694
-0.4627
-0.7504
-1.01
-1.22
-1.39
-1.5
-1.56
-1.59
-1.58
-1.54
-1.48
-1.37
-1.22
-0.9957
-0.6846
-0.2751
0.2159
0.7477
1.26
1.7
2.01
2.15
2.12
1.92
1.56
1.04
0.3573
-0.4658
-1.38
-2.33
-3.22
-3.99
-4.59
-4.97
-5.17
-5.16
-4.92
-4.35
-3.39
-2.02
-0.3082
1.63
3.6
5.45
7.05
8.34
9.29
9.88
10.07
9.79
8.98
7.62
5.79
3.56
1.09
-1.45
-3.94
-6.31
-8.54
-10.54
-12.21
-13.48
-14.24
-14.33
-13.61
-12.03
-9.63
-6.51
-2.92
0.8644
4.56
7.91
10.68
12.73
13.95
14.28
13.76
12.53
10.72
8.49
6
3.33
0.5649
-2.16
-4.69
-6.84
-8.41
-9.26
-9.37
-8.83
-7.78
-6.35
-4.66
-2.76
-0.709
1.44
3.57
5.52
7.17
8.4
9.17
9.45
9.27
8.61
7.44
5.78
3.76
1.5
-0.8152
-3.01
-4.95
-6.6
-7.95
-8.98
-9.65
-9.87
-9.56
-8.72
-7.4
-5.74
-3.97
-2.19
-0.3997
1.41
3.25
5.06
6.7
7.96
8.7
8.91
8.63
7.98
7.12
6.08
4.81
3.26
1.46
-0.4932
-2.42
-4.09
-5.39
-6.3
-6.88
-7.21
-7.29
-7.06
-6.41
-5.31
-3.81
-2.1
-0.4137
1.06
2.21
3.03
3.62
4.06
4.35
4.41
4.22
3.73
2.97
2.03
1.01
-0.03732
-1.1
-2.19
-3.32
-4.47
-5.57
-6.48
-7.14
-7.5
-7.5
-7.12
-6.35
-5.21
-3.72
-1.9
0.1676
2.38
4.6
6.71
8.53
9.97
10.9
11.21
10.81
9.66
7.85
5.52
2.89
0.1513
-2.51
-4.98
-7.19
-9.14
-10.77
-11.94
-12.48
-12.24
-11.15
-9.3
-6.85
-3.99
-0.9
2.26
5.37
8.34
11.01
13.19
14.64
15.22
14.91
13.81
12.07
9.88
7.36
4.56
1.55
-1.53
-4.47
-7.04
-9.02
-10.3
-10.89
-10.91
-10.46
-9.61
-8.38
-6.72
-4.63
-2.23
0.2889
2.66
4.67
6.18
7.13
7.54
7.49
7.01
6.12
4.84
3.25
1.43
-0.4465
-2.22
-3.75
-4.99
-5.91
-6.48
-6.72
-6.6
-6.12
-5.3
-4.2
-2.89
-1.47
0.008043
1.45
2.8
3.99
4.96
5.63
5.94
5.86
5.39
4.59
3.53
2.31
1
-0.3393
-1.64
-2.83
-3.84
-4.61
-5.07
-5.22
-5.06
-4.62
-3.92
-2.99
-1.9
-0.6849
0.5819
1.81
2.91
3.81
4.45
4.83
4.95
4.82
4.45
3.86
3.06
2.07
0.9526
-0.242
-1.45
-2.6
-3.6
-4.4
-4.92
-5.13
-5.03
-4.63
-3.95
-3.03
-1.94
-0.7392
0.4904
1.67
2.72
3.55
4.14
4.48
4.57
4.44
4.11
3.58
2.86
1.95
0.9044
-0.2194
-1.33
-2.35
-3.19
-3.83
-4.27
-4.5
-4.52
-4.32
-3.88
-3.21
-2.34
-1.34
-0.2917
0.7107
1.59
2.3
2.84
3.18
3.31
3.21
2.88
2.34
1.63
0.8285
0.02226
-0.7203
-1.35
-1.86
-2.22
-2.44
-2.53
-2.47
-2.25
-1.86
-1.32
-0.6728
0.03124
0.7411
1.41
2.02
2.53
2.91
3.16
3.26
3.19
2.94
2.52
1.94
1.23
0.4336
-0.413
-1.25
-2.04
-2.72
-3.25
-3.6
-3.78
-3.76
-3.49
-2.96
-2.16
-1.11
0.1241
1.45
2.74
3.89
4.83
5.49
5.86
5.93
5.7
5.17
4.33
3.23
1.93
0.5091
-0.9667
-2.42
-3.8
-5.1
-6.19
-6.95
-7.3
-7.17
-6.53
-5.42
-3.97
-2.3
-0.511
1.29
3.01
4.54
5.77
6.55
6.8
6.54
5.81
4.75
3.48
2.15
0.812
-0.4653
-1.63
-2.64
-3.45
-4.02
-4.36
-4.52
-4.55
-4.44
-4.16
-3.68
-2.97
-2.05
-1.02
-0.003672
0.9433
1.77
2.47
3.06
3.57
3.93
4.04
3.84
3.3
2.45
1.41
0.3305
-0.6901
-1.61
-2.39
-3.04
-3.55
-3.92
-4.07
-3.98
-3.65
-3.12
-2.44
-1.64
-0.7731
0.1369
1.07
1.97
2.75
3.31
3.59
3.54
3.17
2.6
1.93
1.22
0.5175
-0.1227
-0.6862
-1.17
-1.56
-1.83
-2
-2.06
-2.04
-1.95
-1.78
-1.53
-1.16
-0.6875
-0.1354
0.4561
1.05
1.61
2.1
2.5
2.79
2.92
2.88
2.65
2.25
1.74
1.16
0.5396
-0.09385
-0.7444
-1.41
-2.05
-2.59
-2.96
-3.1
-3
-2.68
-2.23
-1.72
-1.18
-0.6222
-0.01628
0.6607
1.4
2.13
2.78
3.26
3.52
3.57
3.45
3.23
2.95
2.62
2.23
1.78
1.25
0.6842
0.123
-0.3939
-0.8518
-1.26
-1.64
-2
-2.33
-2.62
-2.85
-2.99
-3.05
-3.05
-3.02
-2.98
-2.93
-2.88
-2.77
-2.56
-2.22
-1.71
-1.04
-0.2621
0.5776
1.44
2.29
3.07
3.77
4.34
4.76
4.99
4.99
4.76
4.33
3.73
3.04
2.26
1.4
0.4597
-0.5403
-1.57
-2.55
-3.4
-4.06
-4.5
-4.71
-4.71
-4.5
-4.09
-3.49
-2.71
-1.79
-0.7991
0.1897
1.11
1.93
2.62
3.19
3.62
3.87
3.91
3.73
3.35
2.79
2.1
1.33
0.4845
-0.4069
-1.33
-2.23
-3.06
-3.73
-4.17
-4.34
-4.27
-4
-3.58
-3.05
-2.46
-1.8
-1.11
-0.3792
0.3594
1.07
1.74
2.33
2.83
3.21
3.46
3.52
3.37
3.01
2.49
1.84
1.1
0.3352
-0.4187
-1.11
-1.69
-2.14
-2.42
-2.54
-2.48
-2.27
-1.93
-1.47
-0.9229
-0.3012
0.3619
1.01
1.59
2.03
2.3
2.35
2.22
1.94
1.6
1.25
0.9355
0.6644
0.4227
0.1866
-0.05651
-0.3073
-0.5617
-0.7978
-0.9721
-1.05
-1.02
-0.882
-0.6323
-0.3094
0.02912
0.3288
0.5349
0.5936
0.4838
0.2308
-0.1084
-0.4656
-0.7725
-0.9857
-1.11
-1.17
-1.2
-1.23
-1.23
-1.17
-1.01
-0.7454
-0.3989
-0.01368
0.3663
0.715
1.04
1.36
1.68
1.99
2.22
2.31
2.21
1.93
1.5
0.9848
0.4552
-0.0256
-0.443
-0.8071
-1.12
-1.39
-1.62
-1.76
-1.8
-1.72
-1.54
-1.28
-0.9758
-0.6864
-0.4327
-0.2086
0.007934
0.2393
0.4978
0.7738
1.03
1.21
1.29
1.26
1.17
1.04
0.929
0.8247
0.7
0.5192
0.2735
-0.02523
-0.3493
-0.6617
-0.9377
-1.18
-1.39
-1.58
-1.75
-1.87
-1.92
-1.86
-1.66
-1.34
-0.908
-0.402
0.1405
0.6774
1.17
1.59
1.93
2.18
2.34
2.41
2.36
2.18
1.86
1.41
0.8824
0.323
-0.2077
-0.6793
-1.09
-1.45
-1.78
-2.08
-2.33
-2.47
-2.45
-2.21
-1.78
-1.19
-0.5218
0.1477
0.7453
1.24
1.62
1.89
2.05
2.09
2
1.77
1.42
0.9769
0.4929
0.01836
-0.4053
-0.7664
-1.08
-1.35
-1.57
-1.7
-1.72
-1.6
-1.33
-0.943
-0.4974
-0.03996
0.3924
0.7853
1.14
1.46
1.71
1.85
1.82
1.59
1.17
0.5986
-0.03962
-0.6669
-1.22
-1.67
-2
-2.23
-2.35
-2.36
-2.25
-2.01
-1.65
-1.16
-0.5751
0.08236
0.7735
1.46
2.09
2.61
2.99
3.2
3.23
3.1
2.82
2.44
1.96
1.42
0.8454
0.2582
-0.3047
-0.8077
-1.22
-1.53
-1.73
-1.83
-1.86
-1.86
-1.84
-1.8
-1.73
-1.61
-1.41
-1.13
-0.7817
-0.3816
0.03436
0.4286
0.7737
1.05
1.25
1.37
1.42
1.4
1.31
1.14
0.8897
0.5831
0.2468
-0.08721
-0.3967
-0.671
-0.9028
-1.08
-1.2
-1.24
-1.2
-1.06
-0.8556
-0.6012
-0.3357
-0.08532
0.1361
0.3278
0.4953
0.6355
0.7307
0.7582
0.7007
0.5488
0.3133
0.02626
-0.2741
-0.5541
-0.7888
-0.9659
-1.08
-1.14
-1.11
-0.9825
-0.7445
-0.4066
0
0.4211
0.7964
1.09
1.28
1.38
1.4
1.38
1.33
1.25
1.13
0.9399
0.6797
0.3578
0
-0.3648
-0.7124
-1.03
-1.3
-1.48
-1.57
-1.53
-1.37
-1.09
-0.7179
-0.3093
0.09823
0.4653
0.7642
0.9881
1.14
1.23
1.25
1.2
1.11
0.9823
0.8123
0.6024
0.3403
0.01339
-0.3668
-0.7608
-1.12
-1.38
-1.51
-1.5
-1.35
-1.11
-0.81
-0.4541
-0.05278
0.3905
0.8647
1.34
1.75
2.07
2.24
2.28
2.19
2
1.73
1.37
0.9093
0.341
-0.326
-1.06
-1.79
-2.47
-3.03
-3.42
-3.6
-3.56
-3.3
-2.82
-2.14
-1.31
-0.3798
0.5588
1.43
2.15
2.67
2.99
3.11
3.06
2.87
2.55
2.14
1.63
1.03
0.3531
-0.3828
-1.15
-1.89
-2.56
-3.1
-3.45
-3.58
-3.46
-3.07
-2.44
-1.6
-0.63
0.3959
1.38
2.25
2.91
3.34
3.52
3.46
3.2
2.75
2.17
1.48
0.7354
-0.04265
-0.8154
-1.55
-2.22
-2.8
-3.27
-3.59
-3.74
-3.67
-3.38
-2.87
-2.17
-1.31
-0.3573
0.6293
1.59
2.47
3.23
3.81
4.18
4.31
4.2
3.84
3.27
2.52
1.65
0.7185
-0.2144
-1.09
-1.86
-2.49
-2.93
-3.17
-3.18
-2.98
-2.55
-1.94
-1.19
-0.3634
0.4509
1.18
1.75
2.15
2.35
2.39
2.26
1.99
1.59
1.08
0.5221
-0.04182
-0.5531
-0.9742
-1.29
-1.53
-1.71
-1.86
-1.98
-2.03
-1.99
-1.83
-1.53
-1.14
-0.6993
-0.2545
0.1602
0.5329
0.8636
1.15
1.39
1.54
1.59
1.54
1.39
1.18
0.9395
0.7168
0.5223
0.3404
0.1458
-0.08032
-0.3463
-0.644
-0.9454
-1.21
-1.43
-1.58
-1.65
-1.66
-1.61
-1.49
-1.27
-0.9627
-0.5696
-0.117
0.3589
0.8174
1.23
1.57
1.85
2.06
2.19
2.22
2.13
1.9
1.53
1.04
0.4778
-0.103
-0.6588
-1.16
-1.59
-1.93
-2.16
-2.26
-2.2
-1.98
-1.6
-1.11
-0.5751
-0.0389
0.454
0.8847
1.25
1.54
1.77
1.93
1.98
1.92
1.73
1.41
1.01
0.556
0.09253
-0.3514
-0.7599
-1.13
-1.45
-1.72
-1.94
-2.07
-2.07
-1.92
-1.61
-1.18
-0.6617
-0.1393
0.3411
0.7541
1.1
1.39
1.66
1.9
2.1
2.24
2.26
2.14
1.87
1.43
0.8452
0.148
-0.6008
-1.33
-1.94
-2.36
-2.52
-2.43
-2.12
-1.67
-1.17
-0.6629
-0.1853
0.2717
0.712
1.13
1.48
1.72
1.79
1.68
1.41
1.01
0.5347
0.02573
-0.4883
-0.9873
-1.44
-1.81
-2.05
-2.12
-2.01
-1.71
-1.27
-0.7118
-0.07611
0.6165
1.33
2.02
2.61
3.03
3.22
3.16
2.88
2.43
1.86
1.18
0.4222
-0.3973
-1.24
-2.05
-2.74
-3.23
-3.46
-3.42
-3.13
-2.63
-1.95
-1.12
-0.2063
0.738
1.62
2.34
2.82
3.04
3.01
2.77
2.37
1.83
1.17
0.3637
-0.5612
-1.55
-2.51
-3.33
-3.89
-4.12
-3.99
-3.56
-2.89
-2.07
-1.19
-0.3143
0.5037
1.24
1.89
2.45
2.9
3.22
3.35
3.24
2.87
2.23
1.36
0.3327
-0.7577
-1.83
-2.8
-3.61
-4.2
-4.52
-4.5
-4.11
-3.35
-2.27
-0.9664
0.4434
1.84
3.11
4.21
5.09
5.7
6.01
5.99
5.63
4.93
3.94
2.74
1.42
0.07298
-1.24
-2.46
-3.54
-4.44
-5.12
-5.54
-5.68
-5.54
-5.14
-4.48
-3.61
-2.55
-1.36
-0.09836
1.17
2.37
3.43
4.26
4.82
5.09
5.04
4.69
4.06
3.21
2.19
1.07
-0.08122
-1.19
-2.2
-3.07
-3.75
-4.21
-4.41
-4.35
-4.03
-3.47
-2.71
-1.8
-0.7963
0.2614
1.32
2.33
3.24
3.97
4.46
4.69
4.64
4.32
3.77
3.05
2.18
1.23
0.2436
-0.7295
-1.63
-2.4
-2.98
-3.37
-3.54
-3.51
-3.31
-2.98
-2.53
-1.99
-1.36
-0.6839
0.02485
0.7266
1.39
1.97
2.44
2.77
2.94
2.93
2.74
2.36
1.82
1.15
0.3959
-0.373
-1.1
-1.72
-2.22
-2.57
-2.76
-2.82
-2.74
-2.56
-2.25
-1.85
-1.34
-0.7695
-0.1557
0.4541
1.02
1.51
1.91
2.21
2.38
2.44
2.36
2.15
1.83
1.43
0.9819
0.5114
0.04305
-0.4129
-0.856
-1.28
-1.68
-2.02
-2.27
-2.41
-2.42
-2.3
-2.06
-1.73
-1.31
-0.8303
-0.3026
0.2497
0.7941
1.29
1.72
2.05
2.27
2.4
2.43
2.36
2.18
1.88
1.46
0.9274
0.3195
-0.3213
-0.9436
-1.5
-1.97
-2.33
-2.57
-2.69
-2.66
-2.5
-2.18
-1.74
-1.2
-0.5998
0.004554
0.5809
1.11
1.57
1.95
2.26
2.45
2.52
2.45
2.25
1.93
1.51
1.03
0.4925
-0.07871
-0.666
-1.24
-1.76
-2.19
-2.49
-2.63
-2.62
-2.48
-2.21
-1.85
-1.39
-0.8537
-0.2559
0.3756
1.01
1.6
2.13
2.57
2.9
3.11
3.16
3.04
2.73
2.25
1.62
0.886
0.108
-0.6683
-1.4
-2.07
-2.63
-3.06
-3.3
-3.33
-3.14
-2.74
-2.16
-1.46
-0.6929
0.09891
0.8812
1.62
2.29
2.84
3.23
3.43
3.41
3.18
2.78
2.23
1.57
0.8166
0.006126
-0.8294
-1.64
-2.37
-2.97
-3.38
-3.6
-3.63
-3.48
-3.16
-2.69
-2.08
-1.33
-0.4797
0.4285
1.33
2.14
2.82
3.31
3.6
3.7
3.62
3.36
2.95
2.38
1.69
0.9171
0.1018
-0.7033
-1.46
-2.12
-2.68
-3.12
-3.42
-3.55
-3.49
-3.22
-2.76
-2.13
-1.38
-0.5616
0.2807
1.1
1.87
2.55
3.09
3.46
3.62
3.56
3.28
2.82
2.19
1.45
0.6407
-0.2103
-1.06
-1.86
-2.58
-3.15
-3.55
-3.75
-3.72
-3.49
-3.05
-2.45
-1.71
-0.8819
-0.01451
0.8397
1.63
2.3
2.82
3.17
3.33
3.3
3.1
2.73
2.24
1.63
0.9467
0.2215
-0.5062
-1.2
-1.81
-2.3
-2.66
-2.86
-2.9
-2.78
-2.5
-2.09
-1.57
-0.9876
-0.3647
0.2565
0.8428
1.37
1.81
2.15
2.37
2.48
2.45
2.29
2
1.6
1.11
0.5636
-0.00906
-0.5724
-1.09
-1.55
-1.9
-2.15
-2.27
-2.27
-2.14
-1.89
-1.53
-1.1
-0.6031
-0.08461
0.427
0.9016
1.31
1.64
1.86
1.98
1.99
1.9
1.72
1.45
1.11
0.729
0.3254
-0.08082
-0.4703
-0.8267
-1.14
-1.39
-1.56
-1.66
-1.66
-1.58
-1.41
-1.17
-0.8765
-0.5353
-0.1682
0.2049
0.564
0.8909
1.17
1.38
1.53
1.59
1.57
1.48
1.31
1.09
0.8107
0.5038
0.183
-0.1353
-0.435
-0.7004
-0.919
-1.08
-1.19
-1.24
-1.23
-1.18
-1.08
-0.9491
-0.7763
-0.5695
-0.3333
-0.0767
0.1876
0.4451
0.6826
0.8892
1.06
1.18
1.26
1.3
1.27
1.19
1.05
0.8369
0.5709
0.2602
-0.07879
-0.4289
-0.7713
-1.09
-1.37
-1.59
-1.74
-1.8
-1.77
-1.64
-1.4
-1.07
-0.6677
-0.2134
0.2616
0.7271
1.15
1.52
1.79
1.96
2.02
1.95
1.77
1.47
1.1
0.6499
0.165
-0.332
-0.8138
-1.25
-1.62
-1.9
-2.06
-2.09
-1.99
-1.77
-1.44
-1.03
-0.566
-0.07507
0.4115
0.8689
1.28
1.61
1.85
1.99
2.01
1.92
1.71
1.41
1.03
0.5906
0.119
-0.3613
-0.8239
-1.24
-1.58
-1.82
-1.94
-1.93
-1.81
-1.59
-1.28
-0.9018
-0.4839
-0.04346
0.3944
0.8029
1.16
1.44
1.62
1.71
1.69
1.57
1.36
1.06
0.701
0.2912
-0.1392
-0.5625
-0.9535
-1.29
-1.56
-1.75
-1.84
-1.84
-1.74
-1.55
-1.27
-0.944
-0.5776
-0.1969
0.1802
0.5394
0.8683
1.15
1.38
1.53
1.6
1.59
1.5
1.35
1.15
0.9256
0.6761
0.4165
0.1583
-0.0858
-0.3025
-0.4783
-0.6039
-0.6772
-0.6996
-0.673
-0.6
-0.4841
-0.3292
-0.1429
0.06085
0.2651
0.4527
0.6077
0.7192
0.7833
0.8011
0.7745
0.7058
0.597
0.452
0.2777
0.08512
-0.113
-0.3052
-0.4817
-0.6369
-0.7683
-0.8745
-0.9509
-0.9914
-0.9905
-0.9427
-0.8476
-0.7104
-0.538
-0.3403
-0.128
0.08807
0.2984
0.4918
0.6554
0.7767
0.8443
0.8522
0.8001
0.6949
0.5458
0.3623
0.1554
-0.06456
-0.2874
-0.5018
-0.6941
-0.851
-0.9605
-1.01
-1.01
-0.9493
-0.8374
-0.6837
-0.4976
-0.29
-0.07434
0.1368
0.3317
0.5015
0.6403
0.7457
0.817
0.8532
0.8514
0.8089
0.7235
0.596
0.4337
0.2482
0.05132
-0.145
-0.33
-0.4974
-0.6428
-0.7622
-0.85
-0.9
-0.9077
-0.8719
-0.7959
-0.6852
-0.5447
-0.3782
-0.1905
0.01447
0.2305
0.4488
0.6588
0.8476
1
1.11
1.18
1.19
1.14
1.05
0.9135
0.7347
0.5256
0.298
0.06359
-0.1664
-0.3815
-0.5718
-0.7268
-0.8378
-0.8973
-0.9009
-0.8498
-0.7512
-0.6161
-0.4554
-0.2798
-0.09701
0.08725
0.2677
0.4368
0.585
0.7016
0.7769
0.8043
0.7826
0.7141
0.6042
0.4586
0.2845
0.09008
-0.116
-0.3253
-0.5274
-0.7101
-0.8606
-0.9678
-1.02
-1.02
-0.9489
-0.8244
-0.6481
-0.4308
-0.1883
0.06392
0.3114
0.5384
0.731
0.8775
0.9697
1
0.9776
0.8986
0.7726
0.6077
0.4134
0.1993
-0.02394
-0.2442
-0.449
-0.6258
-0.7637
-0.8551
-0.8966
-0.8873
-0.8288
-0.725
-0.5819
-0.4072
-0.2108
-0.004931
0.1978
0.3855
0.5472
0.6743
0.7613
0.804
0.8
0.7493
0.6549
0.5233
0.3634
0.1856
0.001393
-0.1786
-0.3448
-0.4897
-0.6056
-0.6864
-0.7278
-0.727
-0.6841
-0.6027
-0.4892
-0.3511
-0.1965
-0.03445
0.1258
0.2766
0.4098
0.5174
0.5938
0.6354
0.6399
0.6073
0.5405
0.444
0.323
0.1849
0.03804
-0.1095
-0.249
-0.3724
-0.4728
-0.5448
-0.5847
-0.5916
-0.5657
-0.5081
-0.4228
-0.3151
-0.1914
-0.05881
0.0747
0.2018
0.3159
0.4107
0.4815
0.5249
0.5393
0.523
0.4771
0.4049
0.3103
0.1987
0.07718
-0.04675
-0.1664
-0.2754
-0.3678
-0.4383
-0.4831
-0.4992
-0.4864
-0.4453
-0.3786
-0.2914
-0.1887
-0.07663
0.03851
0.1505
0.2533
0.3411
0.4084
0.4509
0.467
0.4563
0.4197
0.3609
0.2838
0.1916
0.0889
-0.01786
-0.1223
-0.2189
-0.3016
-0.365
-0.4062
-0.4244
-0.4191
-0.3909
-0.3417
-0.2733
-0.1891
-0.09397
0.006128
0.106
0.2001
0.2821
0.3478
0.3948
0.4201
0.4222
0.4007
0.3568
0.2932
0.2139
0.1247
0.03064
-0.06276
-0.1505
-0.2289
-0.2939
-0.3414
-0.3686
-0.3741
-0.3577
-0.3211
-0.267
-0.199
-0.1216
-0.03888
0.04506
0.1258
0.1993
0.2614
0.3082
0.337
0.3464
0.3362
0.3074
0.262
0.2025
0.1323
0.05556
-0.02342
-0.09911
-0.167
-0.2238
-0.2669
-0.2944
-0.3058
-0.3009
-0.2796
-0.2421
-0.1905
-0.1278
-0.05855
0.01259
0.08103
0.1435
0.1982
0.2428
0.2746
0.2913
0.2908
0.2723
0.2379
0.1908
0.1353
0.07577
0.01457
-0.04665
-0.105
-0.1582
-0.2034
-0.236
-0.2528
-0.2537
-0.2403
-0.2149
-0.1802
-0.1382
-0.08885
-0.0328
0.02716
0.08662
0.1405
0.1838
0.2129
0.228
0.2306
0.2216
0.2025
0.1736
0.1349
0.08709
0.03272
-0.02362
-0.07698
-0.1234
-0.1606
-0.1873
-0.204
-0.2112
-0.2082
-0.1944
-0.1694
-0.1337
-0.08944
-0.04102
0.007765
0.0543
0.09649
0.1325
0.162
0.1839
0.1964
0.1972
0.1858
0.1625
0.1297
0.09026
0.04733
0.003494
-0.03943
-0.08028
-0.1174
-0.1491
-0.1729
-0.1862
-0.1883
-0.1791
-0.1597
-0.1325
-0.09886
-0.0598
-0.01712
0.02724
0.07099
0.1107
0.1425
0.1644
0.1761
0.1778
0.1706
0.1549
0.1313
0.1004
0.06303
0.02144
-0.02115
-0.06146
-0.09597
-0.1237
-0.1442
-0.1578
-0.1643
-0.1622
-0.1501
-0.1277
-0.09644
-0.05958
-0.02082
0.01654
0.04984
0.07814
0.1013
0.1197
0.1328
0.1396
0.1385
0.1283
0.1099
0.08487
0.05632
0.02711
-0.001516
-0.02877
-0.05449
-0.07814
-0.09895
-0.1149
-0.1235
-0.1236
-0.1153
-0.09979
-0.07914
-0.05551
-0.03067
-0.00511
0.02103
0.04611
0.06898
0.08817
0.1015
0.1075
0.1064
0.09996
0.08942
0.07537
0.05854
0.03864
0.0153
-0.01
-0.03494
-0.05702
-0.07479
-0.08746
-0.09541
-0.09979
-0.1011
-0.09873
-0.09115
-0.07757
-0.05826
-0.03417
-0.007337
0.01919
0.0436
0.06527
0.08356
0.09764
0.1065
0.1087
0.1032
0.09062
0.07232
0.05075
0.02831
0.005912
-0.01605
-0.03787
-0.05935
-0.0785
-0.09294
-0.1004
-0.09993
-0.09249
-0.08008
-0.06426
-0.0467
-0.02718
-0.004516
0.02026
0.04608
0.06984
0.08796
0.09842
0.1012
0.09787
0.09014
0.07972
0.06653
0.04969
0.02902
0.005637
-0.01909
-0.04249
-0.06167
-0.07515
-0.08348
-0.08748
-0.0882
-0.08557
-0.07861
-0.06596
-0.04698
-0.02333
0.002722
0.02858
0.05164
0.07036
0.0844
0.0944
0.09985
0.1003
0.09582
0.08588
0.07053
0.05118
0.02965
0.007231
-0.01492
-0.03583
-0.05445
-0.0703
-0.08222
-0.08892
-0.08996
-0.08503
-0.07393
-0.05797
-0.03817
-0.01596
0.007636
0.03036
0.05197
0.07129
0.08692
0.09831
0.1049
0.1056
0.0997
0.0877
0.07035
0.04854
0.02446
0
-0.02285
-0.04363
-0.06147
-0.07647
-0.08831
-0.09615
-0.09844
-0.09461
-0.08432
-0.06855
-0.04954
-0.02867
-0.006952
0.01496
0.03661
0.05686
0.07522
0.08959
0.09865
0.1012
0.09695
0.08681
0.07266
0.05548
0.03633
0.01581
-0.005384
-0.02654
-0.04639
-0.06315
-0.07577
-0.08337
-0.08608
-0.0843
-0.07824
-0.06792
-0.05368
-0.03583
-0.01529
0.006451
0.02779
0.04746
0.06348
0.07595
0.08493
0.09039
0.09162
0.0879
0.07854
0.06363
0.04401
0.02151
-0.001615
-0.02384
-0.0437
-0.05966
-0.07168
-0.07974
-0.08327
-0.08212
-0.07628
-0.06558
-0.05084
-0.03318
-0.01376
0.006411
0.0258
0.04347
0.05879
0.0701
0.07689
0.0788
0.07568
0.06804
0.05644
0.04133
0.02326
0.003707
-0.01639
-0.03534
-0.05118
-0.06327
-0.07142
-0.07542
-0.07616
-0.07425
-0.06944
-0.06128
-0.0492
-0.03371
-0.01515
0.00479
0.0243
0.04179
0.0568
0.06892
0.07735
0.08186
0.0824
0.07877
0.07033
0.05767
0.04211
0.02433
0.005414
-0.013
-0.02955
-0.04384
-0.05515
-0.0625
-0.06583
-0.0657
-0.06222
-0.05539
-0.04594
-0.03378
-0.01891
-0.001941
0.01558
0.03201
0.04642
0.05804
0.06631
0.07141
0.07348
0.07235
0.06759
0.05886
0.04604
0.03045
0.01313
-0.004571
-0.02126
-0.03665
