-0.040090 
-0.046427 
-0.030925 
-0.003034 
-0.006753 
-0.006795 
-0.006857 
-0.006931 
-0.006985 
-0.006962 
-0.006842 
-0.006677 
-0.006527 
-0.006418 
-0.006388 
-0.006480 
-0.006657 
-0.006825 
-0.006884 
-0.006773 
-0.006566 
-0.006419 
-0.006403 
-0.006479 
-0.006554 
-0.006518 
-0.006315 
-0.006020 
-0.005863 
-0.006056 
-0.006493 
-0.006837 
-0.006838 
-0.006493 
-0.006080 
-0.005944 
-0.006206 
-0.006678 
-0.007147 
-0.007524 
-0.007642 
-0.007371 
-0.006836 
-0.006267 
-0.005756 
-0.005256 
-0.004691 
-0.004242 
-0.004265 
-0.004849 
-0.005728 
-0.006490 
-0.006885 
-0.006945 
-0.006813 
-0.006668 
-0.006655 
-0.006745 
-0.006958 
-0.007435 
-0.008035 
-0.008117 
-0.007153 
-0.005343 
-0.003539 
-0.002821 
-0.003675 
-0.005462 
-0.007009 
-0.007630 
-0.007486 
-0.007222 
-0.007322 
-0.007789 
-0.008069 
-0.007622 
-0.006736 
-0.005741 
-0.004131 
-0.001273 
0.002673 
0.006958 
0.011128 
0.015215 
0.019318 
0.022547 
0.023171 
0.021018 
0.017755 
0.014854 
0.013241 
0.013897 
0.016935 
0.020981 
0.024532 
0.026872 
0.027796 
0.027428 
0.026370 
0.025508 
0.025202 
0.025266 
0.025692 
0.026785 
0.028657 
0.030844 
0.032153 
0.031520 
0.029253 
0.026493 
0.024059 
0.022121 
0.020335 
0.018310 
0.015905 
0.013178 
0.010407 
0.008605 
0.008936 
0.011038 
0.012245 
0.008413 
-0.001964 
-0.015786 
-0.029159 
-0.040842 
-0.051201 
-0.056468 
-0.049988 
-0.032117 
-0.010471 
0.008815 
0.024964 
0.040598 
0.058515 
0.079181 
0.098399 
0.109170 
0.109629 
0.105246 
0.102141 
0.102179 
0.103782 
0.104556 
0.103262 
0.100463 
0.100209 
0.109376 
0.130074 
0.153534 
0.164699 
0.156801 
0.137682 
0.119524 
0.108017 
0.101162 
0.093901 
0.082828 
0.068149 
0.051910 
0.035922 
0.021006 
0.006737 
-0.007785 
-0.022973 
-0.038813 
-0.055106 
-0.071473 
-0.087948 
-0.104721 
-0.121823 
-0.139411 
-0.157302 
-0.174926 
-0.192020 
-0.204378 
-0.202542 
-0.185131 
-0.163957 
-0.149821 
-0.144622 
-0.146107 
-0.151083 
-0.156094 
-0.155526 
-0.140691 
-0.108777 
-0.068432 
-0.027852 
0.019588 
0.086928 
0.174371 
0.259975 
0.307361 
0.300721 
0.265232 
0.238778 
0.237254 
0.250632 
0.261022 
0.259038 
0.246977 
0.232631 
0.221998 
0.216058 
0.212525 
0.208655 
0.203044 
0.196118 
0.188981 
0.182370 
0.174940 
0.163405 
0.146519 
0.126912 
0.107491 
0.084312 
0.047647 
-0.005246 
-0.066344 
-0.126468 
-0.173213 
-0.187019 
-0.162692 
-0.120630 
-0.084492 
-0.061695 
-0.045363 
-0.024784 
0.007388 
0.051851 
0.103248 
0.150621 
0.175048 
0.162911 
0.124544 
0.083417 
0.053456 
0.033089 
0.012313 
-0.016745 
-0.054415 
-0.095865 
-0.136243 
-0.172780 
-0.198634 
-0.202181 
-0.182663 
-0.154137 
-0.130064 
-0.113830 
-0.099421 
-0.077545 
-0.044257 
-0.003659 
0.037273 
0.074825 
0.110075 
0.141745 
0.156255 
0.139359 
0.097298 
0.050473 
0.013465 
-0.011649 
-0.031233 
-0.053424 
-0.082238 
-0.115748 
-0.149687 
-0.180931 
-0.200054 
-0.189906 
-0.147058 
-0.089620 
-0.037140 
0.004828 
0.034000 
0.038623 
0.014328 
-0.023686 
-0.057997 
-0.085363 
-0.114024 
-0.150593 
-0.193380 
-0.235898 
-0.273937 
-0.307185 
-0.327935 
-0.322253 
-0.290549 
-0.249132 
-0.211794 
-0.179911 
-0.148144 
-0.111813 
-0.071301 
-0.039103 
-0.032261 
-0.051863 
-0.081771 
-0.106650 
-0.121987 
-0.127593 
-0.123620 
-0.114747 
-0.107444 
-0.104001 
-0.102540 
-0.100096 
-0.094691 
-0.087311 
-0.083219 
-0.087228 
-0.098377 
-0.111531 
-0.122689 
-0.131881 
-0.138710 
-0.133156 
-0.102388 
-0.049654 
0.008428 
0.060122 
0.096486 
0.103270 
0.078048 
0.038564 
0.004231 
-0.018428 
-0.033495 
-0.047757 
-0.066817 
-0.091645 
-0.119080 
-0.145029 
-0.160554 
-0.153955 
-0.125005 
-0.087605 
-0.054712 
-0.030400 
-0.019582 
-0.029117 
-0.054579 
-0.082812 
-0.105069 
-0.121500 
-0.138218 
-0.158368 
-0.170832 
-0.154919 
-0.105587 
-0.040504 
0.019679 
0.065899 
0.100222 
0.131386 
0.164813 
0.192129 
0.202038 
0.196134 
0.185386 
0.178216 
0.175422 
0.175151 
0.175312 
0.171069 
0.159605 
0.143959 
0.128651 
0.115928 
0.105331 
0.095007 
0.083356 
0.070462 
0.057160 
0.044040 
0.031639 
0.019575 
0.008709 
0.005621 
0.019031 
0.047832 
0.081301 
0.110937 
0.135219 
0.150113 
0.144130 
0.114252 
0.073341 
0.036921 
0.011600 
-0.006437 
-0.018076 
-0.011502 
0.020032 
0.065876 
0.111037 
0.140228 
0.135448 
0.094379 
0.037977 
-0.011040 
-0.041064 
-0.047654 
-0.035868 
-0.021452 
-0.020223 
-0.036920 
-0.062738 
-0.085425 
-0.100327 
-0.110717 
-0.098497 
-0.006869 
0.166835 
0.311565 
0.332779 
0.257766 
0.171856 
0.125856 
0.115358 
0.109867 
0.086008 
0.040810 
-0.015252 
-0.069012 
-0.111872 
-0.143614 
-0.170560 
-0.195050 
-0.207735 
-0.201848 
-0.184796 
-0.167767 
-0.155183 
-0.144635 
-0.132365 
-0.116538 
-0.099008 
-0.090399 
-0.105073 
-0.143479 
-0.184646 
-0.201478 
-0.186222 
-0.156039 
-0.132851 
-0.124652 
-0.124808 
-0.123593 
-0.112553 
-0.054758 
0.080144 
0.222517 
0.275404 
0.241088 
0.188732 
0.169348 
0.186126 
0.212632 
0.224628 
0.215887 
0.201435 
0.210333 
0.250864 
0.289556 
0.290718 
0.256694 
0.214391 
0.183936 
0.167434 
0.155152 
0.136372 
0.107414 
0.072488 
0.037705 
0.005259 
-0.026375 
-0.059062 
-0.093107 
-0.123275 
-0.139266 
-0.138100 
-0.128805 
-0.121821 
-0.120341 
-0.121587 
-0.121294 
-0.119213 
-0.122863 
-0.134915 
-0.142851 
-0.135554 
-0.116861 
-0.097030 
-0.082923 
-0.078126 
-0.083585 
-0.095318 
-0.106898 
-0.114976 
-0.117537 
-0.108392 
-0.083520 
-0.049025 
-0.015042 
0.012740 
0.030986 
0.034603 
0.022962 
0.001321 
-0.030125 
-0.075285 
-0.131328 
-0.178466 
-0.181182 
-0.123642 
-0.031911 
0.048431 
0.075750 
0.037445 
-0.035843 
-0.100861 
-0.136086 
-0.146889 
-0.153268 
-0.170651 
-0.199162 
-0.227251 
-0.239338 
-0.226278 
-0.189130 
-0.130834 
-0.060069 
-0.001543 
0.021072 
0.012587 
-0.001428 
-0.002724 
0.009174 
0.024278 
0.036351 
0.052273 
0.082654 
0.125769 
0.168604 
0.197106 
0.203930 
0.194629 
0.182191 
0.172235 
0.160251 
0.142062 
0.118600 
0.092851 
0.067679 
0.044833 
0.024566 
0.005548 
-0.013795 
-0.034276 
-0.058001 
-0.088510 
-0.118580 
-0.125203 
-0.094772 
-0.042764 
0.002938 
0.029218 
0.043140 
0.057113 
0.074720 
0.092027 
0.103534 
0.102579 
0.086933 
0.063051 
0.039234 
0.020557 
0.017810 
0.046580 
0.102790 
0.152420 
0.160710 
0.128228 
0.084222 
0.053438 
0.039863 
0.032399 
0.019044 
-0.004172 
-0.034047 
-0.059438 
-0.062540 
-0.036187 
0.006985 
0.048988 
0.077819 
0.085371 
0.071230 
0.047511 
0.028087 
0.017153 
0.009586 
-0.001800 
-0.019654 
-0.041631 
-0.062189 
-0.076561 
-0.082802 
-0.077853 
-0.060325 
-0.035906 
-0.012701 
0.005714 
0.021132 
0.037314 
0.056702 
0.073356 
0.072233 
0.046864 
0.008097 
-0.029066 
-0.058365 
-0.083387 
-0.108599 
-0.125414 
-0.115754 
-0.076950 
-0.026927 
0.015209 
0.043203 
0.064049 
0.087154 
0.110181 
0.120808 
0.114475 
0.099264 
0.085149 
0.075451 
0.066779 
0.054872 
0.038703 
0.020238 
0.001754 
-0.015647 
-0.029959 
-0.037009 
-0.035497 
-0.029941 
-0.025666 
-0.024567 
-0.027217 
-0.036179 
-0.052344 
-0.068705 
-0.073409 
-0.062260 
-0.043208 
-0.026373 
-0.015522 
-0.008297 
-0.000331 
0.010948 
0.025277 
0.040684 
0.055635 
0.066935 
0.065594 
0.044955 
0.010898 
-0.024570 
-0.053775 
-0.070518 
-0.067358 
-0.046947 
-0.025200 
-0.014954 
-0.014483 
-0.013258 
-0.003504 
0.014307 
0.034571 
0.052790 
0.068032 
0.081281 
0.091415 
0.094730 
0.093237 
0.097011 
0.111356 
0.124988 
0.119577 
0.091363 
0.053252 
0.016654 
-0.020185 
-0.063429 
-0.111901 
-0.157228 
-0.183309 
-0.175984 
-0.142615 
-0.105123 
-0.075878 
-0.049846 
-0.015976 
0.029496 
0.081097 
0.128548 
0.163198 
0.179443 
0.172379 
0.145024 
0.110503 
0.080754 
0.064379 
0.070393 
0.098167 
0.132399 
0.150668 
0.135381 
0.090286 
0.037410 
-0.004773 
-0.031943 
-0.050028 
-0.068483 
-0.093455 
-0.123225 
-0.150901 
-0.172223 
-0.186818 
-0.191074 
-0.180466 
-0.158916 
-0.135797 
-0.116681 
-0.101474 
-0.087403 
-0.071798 
-0.053783 
-0.033929 
-0.011947 
0.013962 
0.043917 
0.075269 
0.105754 
0.129585 
0.134496 
0.116244 
0.086556 
0.059602 
0.039021 
0.023668 
0.018824 
0.028359 
0.045649 
0.061410 
0.072363 
0.080313 
0.084259 
0.078747 
0.062910 
0.043017 
0.024048 
0.005524 
-0.014786 
-0.037800 
-0.062584 
-0.088074 
-0.112575 
-0.128335 
-0.126115 
-0.107758 
-0.084719 
-0.066688 
-0.055755 
-0.048076 
-0.038767 
-0.025580 
-0.009174 
0.009705 
0.030088 
0.048357 
0.061607 
0.069522 
0.070246 
0.061922 
0.047512 
0.032712 
0.023981 
0.026876 
0.043127 
0.063673 
0.077184 
0.085705 
0.092602 
0.099131 
0.108177 
0.119621 
0.131735 
0.139727 
0.136346 
0.120188 
0.098289 
0.077950 
0.063057 
0.059425 
0.072666 
0.098913 
0.125860 
0.139264 
0.130642 
0.105888 
0.079680 
0.061287 
0.049996 
0.040099 
0.026945 
0.009148 
-0.006298 
0.000534 
0.038305 
0.078932 
0.087344 
0.061994 
0.026829 
0.002096 
-0.008179 
-0.012485 
-0.024008 
-0.042514 
-0.047635 
-0.027269 
0.008165 
0.042646 
0.068303 
0.086892 
0.104593 
0.126003 
0.151656 
0.179626 
0.208197 
0.234055 
0.243520 
0.218546 
0.158064 
0.079515 
0.002001 
-0.066869 
-0.129009 
-0.176061 
-0.189068 
-0.172272 
-0.158327 
-0.170459 
-0.202649 
-0.236099 
-0.253610 
-0.238362 
-0.183998 
-0.112144 
-0.063929 
-0.063381 
-0.095829 
-0.129215 
-0.145177 
-0.146844 
-0.129591 
-0.068051 
0.023612 
0.082653 
0.080226 
0.046259 
0.022610 
0.026680 
0.048822 
0.070632 
0.077859 
0.062376 
0.026794 
-0.015806 
-0.053322 
-0.083165 
-0.106258 
-0.115443 
-0.102666 
-0.073955 
-0.044135 
-0.023909 
-0.015107 
-0.013728 
-0.021719 
-0.047978 
-0.092614 
-0.142851 
-0.181623 
-0.198298 
-0.197712 
-0.193535 
-0.194270 
-0.197226 
-0.191880 
-0.171324 
-0.142510 
-0.122496 
-0.120926 
-0.131425 
-0.141844 
-0.145770 
-0.144508 
-0.142954 
-0.144704 
-0.149900 
-0.156388 
-0.162089 
-0.166916 
-0.167428 
-0.147473 
-0.092449 
-0.022100 
0.020120 
0.016930 
-0.010327 
-0.032317 
-0.036799 
-0.029748 
-0.023277 
-0.024854 
-0.034033 
-0.045786 
-0.056120 
-0.062678 
-0.061024 
-0.046984 
-0.023516 
0.001350 
0.022461 
0.040253 
0.058096 
0.077005 
0.090565 
0.089825 
0.076398 
0.062098 
0.055743 
0.056452 
0.058074 
0.056065 
0.054058 
0.064575 
0.095535 
0.139334 
0.177144 
0.190534 
0.173216 
0.134710 
0.092309 
0.057290 
0.025731 
-0.012118 
-0.051944 
-0.079640 
-0.090373 
-0.080745 
-0.043071 
0.013061 
0.063067 
0.095335 
0.117914 
0.143769 
0.171948 
0.184241 
0.169010 
0.134754 
0.093425 
0.048391 
0.001084 
-0.042452 
-0.070436 
-0.073114 
-0.056135 
-0.035813 
-0.022775 
-0.019322 
-0.025670 
-0.039293 
-0.053795 
-0.064632 
-0.072373 
-0.076821 
-0.070786 
-0.048190 
-0.014194 
0.021152 
0.053497 
0.084541 
0.115231 
0.141164 
0.158259 
0.168758 
0.171435 
0.155307 
0.115709 
0.073294 
0.064764 
0.104727 
0.165015 
0.193249 
0.156746 
0.072769 
-0.015471 
-0.080804 
-0.120471 
-0.143083 
-0.161639 
-0.183177 
-0.193574 
-0.171830 
-0.119544 
-0.057235 
-0.000701 
0.045333 
0.072407 
0.067773 
0.036118 
-0.001285 
-0.028709 
-0.045894 
-0.061747 
-0.083742 
-0.114227 
-0.144110 
-0.137645 
-0.063303 
0.040585 
0.096773 
0.082376 
0.036330 
0.003330 
-0.001200 
0.010534 
0.022277 
0.035127 
0.058179 
0.082521 
0.088535 
0.073353 
0.051331 
0.035664 
0.028954 
0.026204 
0.021577 
0.012423 
0.000134 
-0.009467 
-0.008594 
0.004605 
0.023703 
0.041839 
0.057921 
0.074885 
0.094167 
0.112948 
0.123937 
0.115654 
0.081688 
0.033234 
-0.009563 
-0.046142 
-0.086815 
-0.113344 
-0.100299 
-0.058568 
-0.019040 
0.002554 
0.011878 
0.022392 
0.033898 
0.026009 
-0.009872 
-0.052840 
-0.081776 
-0.095879 
-0.099789 
-0.089287 
-0.062105 
-0.026899 
0.006407 
0.035628 
0.061502 
0.073642 
0.060223 
0.028911 
-0.007404 
-0.045866 
-0.087094 
-0.128805 
-0.158175 
-0.158731 
-0.132527 
-0.098713 
-0.072509 
-0.055656 
-0.042007 
-0.026245 
-0.006741 
0.017267 
0.048895 
0.089938 
0.136381 
0.182099 
0.223766 
0.256990 
0.272802 
0.267880 
0.250069 
0.225948 
0.194660 
0.156598 
0.122220 
0.107915 
0.117832 
0.138563 
0.150839 
0.140407 
0.108171 
0.069040 
0.036850 
0.013551 
-0.010094 
-0.044153 
-0.089541 
-0.139808 
-0.187708 
-0.226407 
-0.251920 
-0.268362 
-0.284284 
-0.304586 
-0.328549 
-0.352691 
-0.374726 
-0.392618 
-0.400000 
-0.390977 
-0.369829 
-0.347197 
-0.329423 
-0.315857 
-0.302444 
-0.286119 
-0.266628 
-0.245416 
-0.226283 
-0.217197 
-0.222708 
-0.230374 
-0.217547 
-0.177081 
-0.123316 
-0.073539 
-0.033917 
-0.000105 
0.034996 
0.074476 
0.116712 
0.158899 
0.199579 
0.239103 
0.278658 
0.306326 
0.292224 
0.225019 
0.135631 
0.066153 
0.030219 
0.010588 
-0.015930 
-0.057153 
-0.095983 
-0.104773 
-0.077290 
-0.031635 
0.016358 
0.064852 
0.116747 
0.168753 
0.209813 
0.232956 
0.242470 
0.246493 
0.250761 
0.257171 
0.264688 
0.269777 
0.263506 
0.237585 
0.196011 
0.151425 
0.112339 
0.078535 
0.049652 
0.036269 
0.049187 
0.081535 
0.116115 
0.141017 
0.154348 
0.162391 
0.171120 
0.177733 
0.175372 
0.163696 
0.148396 
0.134287 
0.122272 
0.110667 
0.097799 
0.083261 
0.067773 
0.052251 
0.035691 
0.015588 
-0.008619 
-0.034758 
-0.059072 
-0.078019 
-0.091491 
-0.103092 
-0.116314 
-0.131320 
-0.141460 
-0.135664 
-0.111821 
-0.080741 
-0.056331 
-0.046995 
-0.050159 
-0.054581 
-0.049838 
-0.033610 
-0.011847 
0.008012 
0.022984 
0.033381 
0.039230 
0.040624 
0.039717 
0.039729 
0.041942 
0.045243 
0.047826 
0.048988 
0.048184 
0.043099 
0.032032 
0.016621 
0.000431 
-0.014258 
-0.027719 
-0.038767 
-0.041957 
-0.034935 
-0.022659 
-0.011318 
-0.003264 
0.003051 
0.010688 
0.017155 
0.006102 
-0.037379 
-0.099672 
-0.146313 
-0.155037 
-0.132770 
-0.104047 
-0.087291 
-0.083860 
-0.084755 
-0.081566 
-0.071767 
-0.057622 
-0.043034 
-0.030696 
-0.022322 
-0.019528 
-0.021134 
-0.023341 
-0.021082 
-0.010035 
0.008736 
0.026823 
0.030618 
0.013438 
-0.011664 
-0.022633 
-0.012062 
0.010510 
0.034505 
0.056154 
0.074395 
0.083130 
0.074052 
0.049551 
0.021435 
-0.001506 
-0.018784 
-0.035499 
-0.056208 
-0.077101 
-0.085264 
-0.073978 
-0.050911 
-0.026912 
-0.006319 
0.012623 
0.033612 
0.057057 
0.074974 
0.078069 
0.068220 
0.055278 
0.046288 
0.041537 
0.037492 
0.031123 
0.021800 
0.010357 
-0.002772 
-0.017649 
-0.031369 
-0.035457 
-0.023747 
-0.000876 
0.022953 
0.041489 
0.054799 
0.066873 
0.080566 
0.091090 
0.088995 
0.072429 
0.049652 
0.029115 
0.012691 
0.000035 
-0.004530 
0.003487 
0.020602 
0.038564 
0.052861 
0.064173 
0.072035 
0.072492 
0.064674 
0.053334 
0.043299 
0.035205 
0.026624 
0.015769 
0.002640 
-0.011756 
-0.026004 
-0.039451 
-0.052343 
-0.065022 
-0.077871 
-0.091035 
-0.104577 
-0.115950 
-0.115080 
-0.092675 
-0.053563 
-0.013224 
0.015111 
0.029959 
0.040463 
0.055686 
0.068857 
0.055336 
0.001566 
-0.073555 
-0.125380 
-0.118728 
-0.071298 
-0.030520 
-0.014946 
-0.009563 
0.004291 
0.031882 
0.061431 
0.074008 
0.063797 
0.044345 
0.035178 
0.044349 
0.064197 
0.082239 
0.086426 
0.066301 
0.023802 
-0.026046 
-0.069957 
-0.104539 
-0.131929 
-0.155022 
-0.178096 
-0.202114 
-0.213832 
-0.194227 
-0.143856 
-0.084594 
-0.037743 
-0.007974 
0.015206 
0.041597 
0.065750 
0.072903 
0.058376 
0.032286 
0.007227 
-0.012514 
-0.030596 
-0.045023 
-0.045221 
-0.028906 
-0.004166 
0.020829 
0.042522 
0.062238 
0.082782 
0.105697 
0.126362 
0.130852 
0.109615 
0.071150 
0.033014 
0.007357 
-0.005547 
-0.015202 
-0.033270 
-0.066329 
-0.111262 
-0.157832 
-0.183767 
-0.157910 
-0.075439 
0.030881 
0.119417 
0.165879 
0.172796 
0.156250 
0.130566 
0.106189 
0.087187 
0.070185 
0.050036 
0.024762 
-0.004377 
-0.034273 
-0.061442 
-0.084392 
-0.103731 
-0.115213 
-0.108904 
-0.083213 
-0.049970 
-0.021844 
-0.001126 
0.019813 
0.049773 
0.083457 
0.097730 
0.083529 
0.063864 
0.061851 
0.076715 
0.092360 
0.094602 
0.082377 
0.064657 
0.050833 
0.047202 
0.054585 
0.066401 
0.074931 
0.075346 
0.064378 
0.043773 
0.020642 
0.000174 
-0.017296 
-0.035058 
-0.059365 
-0.094748 
-0.134023 
-0.155345 
-0.142146 
-0.103370 
-0.061588 
-0.031042 
-0.013400 
-0.002325 
0.012193 
0.036951 
0.069348 
0.095722 
0.100717 
0.083868 
0.058972 
0.038772 
0.026357 
0.017591 
0.007441 
-0.003640 
-0.008033 
-0.000097 
0.016590 
0.034317 
0.046252 
0.046552 
0.034696 
0.017745 
0.002724 
-0.010137 
-0.024931 
-0.044266 
-0.065796 
-0.080531 
-0.079440 
-0.064667 
-0.046720 
-0.033153 
-0.024463 
-0.016487 
-0.007307 
-0.005017 
-0.020766 
-0.050905 
-0.078560 
-0.093217 
-0.096516 
-0.091908 
-0.081260 
-0.068683 
-0.058502 
-0.051263 
-0.044384 
-0.036883 
-0.031974 
-0.032371 
-0.036426 
-0.040818 
-0.043935 
-0.045992 
-0.046806 
-0.044702 
-0.038483 
-0.029452 
-0.020741 
-0.014336 
-0.009498 
-0.004602 
0.000981 
0.006963 
0.011966 
0.013107 
0.008473 
-0.000610 
-0.011527 
-0.024464 
-0.041434 
-0.059993 
-0.074590 
-0.083912 
-0.091289 
-0.100034 
-0.110975 
-0.123302 
-0.133077 
-0.129246 
-0.103175 
-0.062989 
-0.025397 
-0.001790 
0.003860 
-0.003342 
-0.012178 
-0.015048 
-0.012414 
-0.008516 
-0.004616 
0.002709 
0.018371 
0.044306 
0.076503 
0.104504 
0.116222 
0.109811 
0.095795 
0.084322 
0.077191 
0.071005 
0.062502 
0.050778 
0.036953 
0.022867 
0.009718 
-0.002367 
-0.013959 
-0.025744 
-0.037880 
-0.049883 
-0.061016 
-0.071113 
-0.080824 
-0.090743 
-0.101221 
-0.111965 
-0.117757 
-0.108945 
-0.083970 
-0.053591 
-0.028258 
-0.009538 
0.007001 
0.026404 
0.047937 
0.058336 
0.041863 
0.004689 
-0.023978 
-0.021888 
0.005223 
0.035972 
0.055511 
0.063089 
0.066700 
0.074030 
0.086439 
0.098310 
0.100429 
0.087053 
0.062485 
0.036629 
0.014791 
-0.004675 
-0.025861 
-0.050601 
-0.073765 
-0.084734 
-0.079819 
-0.066838 
-0.055465 
-0.049224 
-0.045930 
-0.041938 
-0.035211 
-0.025957 
-0.015704 
-0.006052 
0.002452 
0.010170 
0.018783 
0.030972 
0.045370 
0.056562 
0.062608 
0.066245 
0.070519 
0.076630 
0.083916 
0.089842 
0.091245 
0.087626 
0.081802 
0.076873 
0.073682 
0.071129 
0.067780 
0.063179 
0.057862 
0.052351 
0.047034 
0.042047 
0.037180 
0.032376 
0.027491 
0.022934 
0.020283 
0.020340 
0.021778 
0.023043 
0.023400 
0.023130 
0.023040 
0.022074 
0.017692 
0.008934 
-0.002423 
-0.014686 
-0.027408 
-0.040370 
-0.053707 
-0.067404 
-0.081956 
-0.092992 
-0.081394 
-0.030934 
0.038275 
0.083363 
0.086189 
0.064242 
0.044242 
0.038481 
0.040902 
0.040205 
0.031357 
0.015908 
-0.001571 
-0.015774 
-0.021219 
-0.015498 
-0.003311 
0.008300 
0.016815 
0.024146 
0.032307 
0.039617 
0.042085 
0.038227 
0.031346 
0.025520 
0.021554 
0.018187 
0.014029 
0.008511 
0.002008 
-0.004536 
-0.010371 
-0.014127 
-0.013098 
-0.006803 
0.001422 
0.008722 
0.014646 
0.019062 
0.020882 
0.016088 
-0.000516 
-0.028170 
-0.059569 
-0.088465 
-0.114089 
-0.139303 
-0.162482 
-0.170550 
-0.151404 
-0.111517 
-0.069417 
-0.037472 
-0.015988 
0.002258 
0.023877 
0.049374 
0.075873 
0.100998 
0.122817 
0.140146 
0.153386 
0.160680 
0.157928 
0.146242 
0.131723 
0.119666 
0.113460 
0.114121 
0.117885 
0.116866 
0.104987 
0.084482 
0.063091 
0.045568 
0.032397 
0.024622 
0.024460 
0.030061 
0.035611 
0.035574 
0.026944 
0.010722 
-0.009338 
-0.029309 
-0.043868 
-0.045520 
-0.032729 
-0.013718 
0.002609 
0.013069 
0.017639 
0.015668 
0.007543 
-0.002504 
-0.009834 
-0.013433 
-0.015451 
-0.018791 
-0.024462 
-0.031458 
-0.038507 
-0.044904 
-0.050520 
-0.055784 
-0.061145 
-0.066843 
-0.073039 
-0.078602 
-0.081055 
-0.079487 
-0.075471 
-0.071127 
-0.067835 
-0.065404 
-0.062425 
-0.056694 
-0.046700 
-0.033631 
-0.020011 
-0.007540 
0.003695 
0.014192 
0.024133 
0.031976 
0.033000 
0.024087 
0.008183 
-0.009793 
-0.027586 
-0.045247 
-0.060330 
-0.065155 
-0.055340 
-0.036646 
-0.018223 
-0.003707 
0.009019 
0.022780 
0.036626 
0.046279 
0.048728 
0.045272 
0.040006 
0.035785 
0.033144 
0.029691 
0.021635 
0.008236 
-0.007811 
-0.023315 
-0.037110 
-0.049875 
-0.062667 
-0.075736 
-0.087058 
-0.094027 
-0.097214 
-0.099602 
-0.103281 
-0.108439 
-0.114031 
-0.119023 
-0.120064 
-0.110146 
-0.086932 
-0.056978 
-0.028420 
-0.004371 
0.017003 
0.039002 
0.063664 
0.090466 
0.117287 
0.142949 
0.166404 
0.180885 
0.177463 
0.157890 
0.133841 
0.114379 
0.098666 
0.080426 
0.056155 
0.027508 
0.001124 
-0.014151 
-0.015769 
-0.010392 
-0.005836 
-0.005668 
-0.009112 
-0.013321 
-0.016226 
-0.016157 
-0.010314 
0.002563 
0.016550 
0.023195 
0.021013 
0.016534 
0.019019 
0.032067 
0.050776 
0.067690 
0.079259 
0.086955 
0.094406 
0.099782 
0.094284 
0.074367 
0.046581 
0.019466 
-0.000773 
-0.008534 
-0.003255 
0.007755 
0.017334 
0.023967 
0.030028 
0.035483 
0.034782 
0.024160 
0.007027 
-0.010273 
-0.024072 
-0.034338 
-0.043037 
-0.052591 
-0.064271 
-0.076827 
-0.086178 
-0.089350 
-0.088861 
-0.089684 
-0.093802 
-0.099292 
-0.101312 
-0.095381 
-0.082406 
-0.067501 
-0.054596 
-0.044319 
-0.034498 
-0.022791 
-0.009034 
0.005689 
0.020102 
0.033443 
0.045543 
0.056641 
0.067576 
0.078868 
0.090556 
0.102331 
0.113465 
0.121156 
0.120151 
0.108747 
0.092068 
0.076317 
0.063416 
0.051748 
0.039026 
0.024009 
0.006577 
-0.012419 
-0.031551 
-0.050021 
-0.068016 
-0.085806 
-0.103132 
-0.120100 
-0.135899 
-0.143358 
-0.133530 
-0.109579 
-0.084626 
-0.066890 
-0.054875 
-0.042836 
-0.026352 
-0.004960 
0.018606 
0.041305 
0.062955 
0.086666 
0.112032 
0.128180 
0.123093 
0.099920 
0.072890 
0.051708 
0.037160 
0.025447 
0.012742 
-0.002707 
-0.020493 
-0.038774 
-0.055972 
-0.071851 
-0.087120 
-0.100130 
-0.104125 
-0.094177 
-0.074070 
-0.051800 
-0.032453 
-0.016139 
-0.000021 
0.017574 
0.034852 
0.049530 
0.060045 
0.063852 
0.060308 
0.052305 
0.042642 
0.031959 
0.020296 
0.007849 
-0.006236 
-0.023460 
-0.043932 
-0.065864 
-0.086684 
-0.104242 
-0.118238 
-0.130761 
-0.143359 
-0.153342 
-0.156535 
-0.154053 
-0.152302 
-0.154436 
-0.154619 
-0.145067 
-0.125994 
-0.103962 
-0.084397 
-0.068307 
-0.053631 
-0.038040 
-0.020528 
-0.001619 
0.017502 
0.036042 
0.053892 
0.071488 
0.089305 
0.103764 
0.105848 
0.092038 
0.073602 
0.067694 
0.079953 
0.101226 
0.119750 
0.131128 
0.138182 
0.145764 
0.156589 
0.170440 
0.183397 
0.185632 
0.168937 
0.136827 
0.098601 
0.059434 
0.018714 
-0.027163 
-0.079804 
-0.135695 
-0.180838 
-0.195525 
-0.177613 
-0.146525 
-0.121619 
-0.107939 
-0.098860 
-0.086128 
-0.066480 
-0.041608 
-0.014826 
0.011416 
0.036012 
0.055059 
0.060843 
0.051814 
0.036270 
0.023234 
0.015291 
0.010595 
0.008717 
0.010717 
0.015512 
0.020422 
0.024194 
0.027078 
0.026410 
0.016403 
-0.003902 
-0.028593 
-0.051595 
-0.070947 
-0.086146 
-0.093457 
-0.089310 
-0.077022 
-0.063847 
-0.053886 
-0.046466 
-0.038681 
-0.028072 
-0.013873 
0.002685 
0.019495 
0.035267 
0.050100 
0.064681 
0.079536 
0.094463 
0.106080 
0.108763 
0.101700 
0.090470 
0.080812 
0.074339 
0.069270 
0.063252 
0.055348 
0.045775 
0.037665 
0.038469 
0.050448 
0.065259 
0.074914 
0.079168 
0.082109 
0.087043 
0.091183 
0.086286 
0.068891 
0.044753 
0.021670 
0.002809 
-0.013543 
-0.030835 
-0.049667 
-0.062425 
-0.058432 
-0.037931 
-0.011949 
0.010062 
0.026351 
0.040633 
0.057323 
0.076247 
0.089359 
0.088140 
0.074370 
0.057112 
0.042619 
0.031221 
0.020289 
0.007435 
-0.007901 
-0.024401 
-0.039734 
-0.052087 
-0.061878 
-0.071055 
-0.077744 
-0.075763 
-0.064861 
-0.053003 
-0.046285 
-0.043982 
-0.042164 
-0.038005 
-0.031285 
-0.023529 
-0.016282 
-0.010115 
-0.004203 
0.002840 
0.011396 
0.020715 
0.030039 
0.039101 
0.047930 
0.056957 
0.065301 
0.068511 
0.062355 
0.048827 
0.034027 
0.021779 
0.011775 
0.001831 
-0.009700 
-0.022010 
-0.031547 
-0.036093 
-0.038179 
-0.042344 
-0.050393 
-0.060564 
-0.070196 
-0.078325 
-0.084726 
-0.085928 
-0.077661 
-0.061584 
-0.043951 
-0.029070 
-0.016803 
-0.004734 
0.006361 
0.009762 
0.000948 
-0.015708 
-0.032457 
-0.045429 
-0.055764 
-0.066764 
-0.080016 
-0.089374 
-0.081930 
-0.053214 
-0.014482 
0.017950 
0.036037 
0.045307 
0.057453 
0.078713 
0.107206 
0.134179 
0.143291 
0.122950 
0.082803 
0.044385 
0.019194 
0.003553 
-0.012361 
-0.035320 
-0.065679 
-0.099457 
-0.128140 
-0.138205 
-0.123057 
-0.092685 
-0.063126 
-0.041236 
-0.019912 
0.012370 
0.055732 
0.095146 
0.113387 
0.107602 
0.090726 
0.076658 
0.068898 
0.062637 
0.052851 
0.039115 
0.024091 
0.010123 
-0.002268 
-0.013929 
-0.025697 
-0.038035 
-0.049104 
-0.053349 
-0.047339 
-0.034576 
-0.021504 
-0.011430 
-0.003397 
0.005017 
0.015424 
0.027661 
0.040572 
0.053132 
0.064767 
0.075517 
0.085559 
0.091719 
0.086643 
0.068292 
0.044903 
0.026069 
0.013974 
0.004574 
-0.005986 
-0.018876 
-0.033308 
-0.047579 
-0.060966 
-0.073040 
-0.080635 
-0.079681 
-0.071044 
-0.060001 
-0.049855 
-0.040374 
-0.030481 
-0.019387 
-0.006950 
0.006446 
0.020621 
0.035181 
0.049784 
0.062385 
0.067073 
0.060427 
0.046636 
0.033020 
0.023957 
0.018560 
0.013201 
0.005552 
-0.004461 
-0.013831 
-0.017048 
-0.011751 
-0.001967 
0.004881 
0.003097 
-0.006871 
-0.019253 
-0.029164 
-0.035492 
-0.038113 
-0.036222 
-0.030627 
-0.024552 
-0.021768 
-0.024624 
-0.031672 
-0.038245 
-0.039585 
-0.033731 
-0.023433 
-0.013437 
-0.006153 
-0.000939 
0.004130 
0.010621 
0.018585 
0.026894 
0.035163 
0.043335 
0.051190 
0.059077 
0.067115 
0.075265 
0.083663 
0.091920 
0.100071 
0.109507 
0.121473 
0.131915 
0.132182 
0.120349 
0.102616 
0.084335 
0.067012 
0.050151 
0.032694 
0.013712 
-0.007077 
-0.029253 
-0.052186 
-0.075046 
-0.097352 
-0.119328 
-0.141319 
-0.163367 
-0.180442 
-0.183537 
-0.171532 
-0.153260 
-0.136696 
-0.121643 
-0.104123 
-0.082608 
-0.058205 
-0.033030 
-0.007961 
0.017290 
0.042169 
0.059711 
0.056735 
0.029966 
-0.008283 
-0.043058 
-0.067475 
-0.084631 
-0.102277 
-0.120668 
-0.126211 
-0.106996 
-0.069000 
-0.027936 
0.006322 
0.033694 
0.059154 
0.086545 
0.117229 
0.149010 
0.170437 
0.169202 
0.148768 
0.123592 
0.104084 
0.091392 
0.080444 
0.066066 
0.045384 
0.016390 
-0.019365 
-0.056357 
-0.091008 
-0.123261 
-0.153066 
-0.176263 
-0.183490 
-0.159808 
-0.095705 
-0.003730 
0.090269 
0.157523 
0.173895 
0.144708 
0.103421 
0.077199 
0.069078 
0.066673 
0.056917 
0.036625 
0.010678 
-0.015967 
-0.040383 
-0.062207 
-0.083117 
-0.104427 
-0.126760 
-0.149700 
-0.166269 
-0.165681 
-0.147118 
-0.120891 
-0.097644 
-0.080791 
-0.066328 
-0.048843 
-0.025152 
0.004547 
0.035421 
0.062879 
0.086387 
0.107961 
0.130083 
0.153890 
0.178721 
0.202506 
0.222574 
0.233175 
0.227481 
0.207495 
0.183707 
0.164899 
0.151264 
0.138349 
0.123319 
0.104789 
0.083939 
0.062817 
0.042126 
0.022113 
0.002316 
-0.017460 
-0.037351 
-0.057865 
-0.078410 
-0.098735 
-0.118895 
-0.137949 
-0.155210 
-0.171154 
-0.187274 
-0.203825 
-0.220502 
-0.237457 
-0.254479 
-0.270324 
-0.278345 
-0.269818 
-0.245512 
-0.216183 
-0.190888 
-0.169639 
-0.147025 
-0.119490 
-0.088043 
-0.055379 
-0.023444 
0.007636 
0.039567 
0.074258 
0.110769 
0.139825 
0.145821 
0.122385 
0.080408 
0.037256 
0.002402 
-0.025900 
-0.053409 
-0.084289 
-0.120119 
-0.154372 
-0.168372 
-0.148022 
-0.102901 
-0.055230 
-0.017274 
0.012703 
0.041895 
0.069467 
0.082352 
0.073580 
0.052617 
0.032294 
0.016797 
0.002240 
-0.016019 
-0.037999 
-0.061597 
-0.085178 
-0.107681 
-0.129537 
-0.149452 
-0.161724 
-0.159611 
-0.144610 
-0.126208 
-0.111238 
-0.099808 
-0.086968 
-0.068730 
-0.045499 
-0.020236 
0.003928 
0.026311 
0.047224 
0.062602 
0.068222 
0.066439 
0.063274 
0.063250 
0.067536 
0.074524 
0.080381 
0.082407 
0.081651 
0.081042 
0.079351 
0.064309 
0.023750 
-0.034225 
-0.089295 
-0.131439 
-0.165412 
-0.196014 
-0.215336 
-0.212087 
-0.187821 
-0.155846 
-0.127641 
-0.105296 
-0.084503 
-0.060484 
-0.030797 
0.003749 
0.040449 
0.077055 
0.107419 
0.120664 
0.113978 
0.097975 
0.085150 
0.079572 
0.077635 
0.074094 
0.066273 
0.055094 
0.043259 
0.032569 
0.023569 
0.016730 
0.011775 
0.010639 
0.019700 
0.041901 
0.072332 
0.103630 
0.130218 
0.148522 
0.158906 
0.164818 
0.167062 
0.164703 
0.159207 
0.151345 
0.140410 
0.126334 
0.108350 
0.085352 
0.057473 
0.028070 
0.003367 
-0.012532 
-0.021896 
-0.030471 
-0.041199 
-0.053215 
-0.064697 
-0.073987 
-0.080003 
-0.083739 
-0.087006 
-0.090713 
-0.090791 
-0.079799 
-0.057947 
-0.032572 
-0.009664 
0.009968 
0.028440 
0.048291 
0.070057 
0.085336 
0.082335 
0.060473 
0.031246 
0.005744 
-0.014324 
-0.033454 
-0.055450 
-0.081064 
-0.107363 
-0.125640 
-0.126887 
-0.111873 
-0.090882 
-0.073582 
-0.061812 
-0.051798 
-0.039551 
-0.023970 
-0.006309 
0.011123 
0.026686 
0.038163 
0.041118 
0.035038 
0.025858 
0.021027 
0.023337 
0.028936 
0.032168 
0.029213 
0.020312 
0.009484 
0.000049 
-0.007426 
-0.014373 
-0.022208 
-0.030250 
-0.035706 
-0.036257 
-0.032726 
-0.028424 
-0.025611 
-0.023716 
-0.021539 
-0.018745 
-0.015109 
-0.010874 
-0.008125 
-0.010705 
-0.020403 
-0.034153 
-0.047559 
-0.058748 
-0.067996 
-0.072767 
-0.067667 
-0.052743 
-0.034210 
-0.017655 
-0.003935 
0.009707 
0.025985 
0.045527 
0.066760 
0.087358 
0.101234 
0.099464 
0.081290 
0.056440 
0.034432 
0.017224 
0.002137 
-0.011752 
-0.019564 
-0.015770 
-0.002785 
0.011415 
0.021330 
0.027251 
0.032900 
0.041103 
0.052031 
0.064596 
0.076956 
0.085804 
0.088178 
0.083324 
0.073127 
0.061360 
0.050821 
0.042042 
0.034216 
0.026787 
0.019721 
0.014082 
0.013733 
0.020646 
0.030528 
0.037317 
0.039454 
0.039653 
0.038905 
0.035434 
0.028857 
0.020789 
0.014091 
0.012979 
0.019555 
0.030092 
0.038672 
0.042988 
0.045119 
0.048510 
0.054676 
0.061580 
0.064393 
0.060782 
0.053546 
0.046607 
0.042083 
0.040092 
0.038988 
0.037097 
0.034114 
0.030455 
0.026778 
0.023623 
0.021077 
0.018925 
0.017174 
0.015992 
0.015012 
0.013634 
0.011375 
0.007848 
0.003490 
-0.000566 
-0.003462 
-0.005226 
-0.006629 
-0.008448 
-0.009623 
-0.007605 
-0.001605 
0.006521 
0.014179 
0.020705 
0.026828 
0.033251 
0.039597 
0.042590 
0.039285 
0.031862 
0.025328 
0.022009 
0.020838 
0.019346 
0.015750 
0.010298 
0.004296 
-0.001317 
-0.006039 
-0.008017 
-0.004380 
0.005099 
0.016939 
0.027480 
0.036072 
0.042931 
0.044549 
0.036683 
0.021147 
0.003446 
-0.013193 
-0.028635 
-0.040902 
-0.043268 
-0.032737 
-0.015577 
-0.000449 
0.008605 
0.013409 
0.018318 
0.026110 
0.036799 
0.049066 
0.059975 
0.063923 
0.058105 
0.045891 
0.031705 
0.017666 
0.004101 
-0.008940 
-0.020686 
-0.030828 
-0.040427 
-0.050270 
-0.057208 
-0.054976 
-0.042385 
-0.026813 
-0.016347 
-0.012114 
-0.009933 
-0.005965 
0.000282 
0.006861 
0.012203 
0.014936 
0.013441 
0.008055 
0.001083 
-0.005248 
-0.008493 
-0.005410 
0.004283 
0.016352 
0.026633 
0.033356 
0.036364 
0.035742 
0.030606 
0.020709 
0.007809 
-0.005675 
-0.018509 
-0.030814 
-0.042157 
-0.051180 
-0.056414 
-0.056355 
-0.050968 
-0.041898 
-0.031006 
-0.019511 
-0.008155 
0.003077 
0.014922 
0.027295 
0.038872 
0.047124 
0.049081 
0.044207 
0.035930 
0.028342 
0.022923 
0.018681 
0.013851 
0.007641 
0.000411 
-0.007114 
-0.014341 
-0.020992 
-0.027257 
-0.033514 
-0.040037 
-0.046356 
-0.049877 
-0.047413 
-0.039441 
-0.029934 
-0.022075 
-0.016181 
-0.010785 
-0.004499 
0.003016 
0.010854 
0.017565 
0.022734 
0.027018 
0.029506 
0.027025 
0.018512 
0.007059 
-0.003953 
-0.012778 
-0.017416 
-0.015900 
-0.009482 
-0.002180 
0.003092 
0.005193 
0.004021 
0.001176 
-0.001137 
-0.002046 
-0.002467 
-0.005309 
-0.013336 
-0.025562 
-0.037427 
-0.045075 
-0.048794 
-0.051384 
-0.052657 
-0.047824 
-0.034408 
-0.016307 
0.000924 
0.014161 
0.022254 
0.024409 
0.020334 
0.011412 
0.000363 
-0.010891 
-0.021739 
-0.031719 
-0.040888 
-0.050093 
-0.059991 
-0.070077 
-0.078584 
-0.083815 
-0.084825 
-0.081317 
-0.074478 
-0.066825 
-0.060103 
-0.054280 
-0.048404 
-0.041690 
-0.034205 
-0.026608 
-0.019583 
-0.013395 
-0.007649 
-0.001782 
0.004313 
0.009808 
0.013338 
0.014709 
0.015366 
0.016777 
0.019156 
0.021781 
0.024331 
0.027285 
0.031079 
0.035021 
0.037588 
0.038313 
0.038169 
0.038303 
0.039241 
0.040984 
0.041663 
0.037564 
0.027424 
0.014199 
0.001750 
-0.008147 
-0.015958 
-0.023391 
-0.031951 
-0.041566 
-0.049635 
-0.052533 
-0.049939 
-0.045141 
-0.041560 
-0.041345 
-0.044955 
-0.050643 
-0.055878 
-0.059619 
-0.062312 
-0.063140 
-0.059647 
-0.051119 
-0.039528 
-0.028108 
-0.019499 
-0.013724 
-0.008732 
-0.002248 
0.006937 
0.018290 
0.030233 
0.041369 
0.051414 
0.060378 
0.066324 
0.067027 
0.063567 
0.058569 
0.053034 
0.046832 
0.039937 
0.032555 
0.024936 
0.017686 
0.012169 
0.009285 
0.008077 
0.006793 
0.004325 
0.000563 
-0.003724 
-0.007620 
-0.010868 
-0.013869 
-0.016982 
-0.019978 
-0.022434 
-0.023995 
-0.023793 
-0.021227 
-0.017037 
-0.012584 
-0.008570 
-0.004679 
-0.000341 
0.004661 
0.010073 
0.015513 
0.020851 
0.026064 
0.031210 
0.036353 
0.041415 
0.046383 
0.051363 
0.056363 
0.061340 
0.065871 
0.069039 
0.070741 
0.071347 
0.068676 
0.059511 
0.044710 
0.028548 
0.014384 
0.002605 
-0.008508 
-0.020672 
-0.034228 
-0.048204 
-0.059468 
-0.063036 
-0.057944 
-0.049380 
-0.042719 
-0.039231 
-0.037041 
-0.033879 
-0.028846 
-0.022562 
-0.016139 
-0.010209 
-0.005353 
-0.003002 
-0.004219 
-0.007919 
-0.011559 
-0.012547 
-0.009668 
-0.004274 
0.001070 
0.004921 
0.007655 
0.010073 
0.011556 
0.010818 
0.008058 
0.004838 
0.002257 
0.000431 
0.000061 
0.002614 
0.008070 
0.014291 
0.018725 
0.020434 
0.020638 
0.021137 
0.022769 
0.025260 
0.027757 
0.028803 
0.026828 
0.021934 
0.015975 
0.010665 
0.006359 
0.002387 
-0.001511 
-0.004451 
-0.005733 
-0.005939 
-0.006153 
-0.007383 
-0.010361 
-0.014836 
-0.019670 
-0.023932 
-0.027579 
-0.031083 
-0.034872 
-0.039121 
-0.043497 
-0.046223 
-0.044524 
-0.038039 
-0.029594 
-0.021988 
-0.015931 
-0.010566 
-0.006261 
-0.005612 
-0.009726 
-0.016329 
-0.022482 
-0.027129 
-0.031093 
-0.035079 
-0.037332 
-0.035033 
-0.028487 
-0.020736 
-0.014086 
-0.008827 
-0.003814 
0.001925 
0.007308 
0.009873 
0.008849 
0.005968 
0.003560 
0.004065 
0.009800 
0.020313 
0.032248 
0.042808 
0.049973 
0.050787 
0.045002 
0.037045 
0.030794 
0.026442 
0.022234 
0.016808 
0.010005 
0.002461 
-0.004985 
-0.011866 
-0.018325 
-0.024764 
-0.030435 
-0.032368 
-0.028518 
-0.020870 
-0.013155 
-0.007348 
-0.002950 
0.001616 
0.007070 
0.012139 
0.015166 
0.016123 
0.016296 
0.016909 
0.018241 
0.019874 
0.021097 
0.021327 
0.020608 
0.018983 
0.015651 
0.010302 
0.004035 
-0.001942 
-0.007279 
-0.012417 
-0.017881 
-0.023035 
-0.025323 
-0.022469 
-0.015820 
-0.008925 
-0.003763 
-0.000059 
0.003572 
0.008309 
0.014351 
0.020966 
0.026300 
0.028428 
0.027647 
0.026058 
0.025294 
0.025575 
0.026241 
0.026385 
0.024722 
0.020077 
0.012781 
0.004700 
-0.002616 
-0.009001 
-0.015195 
-0.020831 
-0.023044 
-0.019774 
-0.013090 
-0.006434 
-0.001336 
0.002610 
0.006514 
0.010026 
0.011888 
0.012148 
0.011870 
0.011970 
0.012506 
0.013054 
0.013265 
0.012470 
0.010404 
0.007582 
0.004916 
0.003873 
0.006018 
0.011317 
0.017657 
0.023168 
0.027621 
0.031735 
0.035431 
0.036713 
0.034083 
0.028906 
0.023679 
0.019622 
0.016305 
0.013092 
0.010407 
0.008940 
0.008436 
0.008158 
0.007548 
0.006398 
0.004493 
0.001663 
-0.001478 
-0.004086 
-0.005613 
-0.006143 
-0.006477 
-0.007430 
-0.009578 
-0.013354 
-0.018270 
-0.023147 
-0.027346 
-0.029694 
-0.028144 
-0.022598 
-0.015605 
-0.009482 
-0.004676 
-0.000376 
0.004019 
0.007946 
0.010536 
0.012151 
0.014253 
0.017574 
0.021681 
0.025647 
0.028059 
0.028143 
0.026710 
0.025296 
0.025023 
0.025887 
0.027095 
0.027583 
0.025921 
0.021372 
0.015016 
0.008712 
0.003553 
-0.000691 
-0.004973 
-0.009842 
-0.015252 
-0.020896 
-0.026443 
-0.031643 
-0.036154 
-0.039385 
-0.041359 
-0.042932 
-0.043746 
-0.042654 
-0.039701 
-0.035506 
-0.030839 
-0.026382 
-0.022129 
-0.017794 
-0.013511 
-0.010050 
-0.007848 
-0.006428 
-0.005325 
-0.004929 
-0.005754 
-0.007603 
-0.009746 
-0.011202 
-0.010783 
-0.007904 
-0.003670 
0.000358 
0.003633 
0.006405 
0.009227 
0.012613 
0.016645 
0.020694 
0.023586 
0.024282 
0.022523 
0.018657 
0.013408 
0.007848 
0.002602 
-0.002544 
-0.007909 
-0.013656 
-0.018652 
-0.020027 
-0.016562 
-0.010496 
-0.004825 
-0.000663 
0.002254 
0.004252 
0.005325 
0.005387 
0.004840 
0.003865 
0.002223 
-0.000046 
-0.002726 
-0.005341 
-0.006696 
-0.005209 
-0.000605 
0.005255 
0.010442 
0.014628 
0.018423 
0.022468 
0.027087 
0.032230 
0.036666 
0.038223 
0.036047 
0.031640 
0.027427 
0.024522 
0.022501 
0.020632 
0.018511 
0.016121 
0.013444 
0.010452 
0.007213 
0.003754 
0.000089 
-0.003523 
-0.007001 
-0.010470 
-0.013404 
-0.015260 
-0.016423 
-0.017426 
-0.018632 
-0.020247 
-0.021885 
-0.023425 
-0.024982 
-0.026027 
-0.025671 
-0.023378 
-0.019334 
-0.014653 
-0.010403 
-0.006607 
-0.002994 
0.000760 
0.004535 
0.007743 
0.010277 
0.012591 
0.015121 
0.017767 
0.020266 
0.022249 
0.023415 
0.023951 
0.023905 
0.022968 
0.020430 
0.015534 
0.008841 
0.001740 
-0.004891 
-0.010395 
-0.014053 
-0.015692 
-0.015558 
-0.014173 
-0.012326 
-0.010494 
-0.008829 
-0.007533 
-0.007328 
-0.008822 
-0.011044 
-0.011634 
-0.009082 
-0.004315 
0.000518 
0.004064 
0.006134 
0.007103 
0.007920 
0.009390 
0.011484 
0.013885 
0.016118 
0.017736 
0.018165 
0.016721 
0.013862 
0.011031 
0.009421 
0.009485 
0.010709 
0.011940 
0.012472 
0.011796 
0.008556 
0.002412 
-0.005005 
-0.011212 
-0.014122 
-0.014128 
-0.013478 
-0.013896 
-0.015518 
-0.017620 
-0.019368 
-0.020338 
-0.020770 
-0.020416 
-0.018626 
-0.015415 
-0.011776 
-0.008607 
-0.005772 
-0.002993 
-0.000634 
0.000320 
-0.000713 
-0.002941 
-0.005037 
-0.006492 
-0.007579 
-0.008780 
-0.010077 
-0.010939 
-0.011290 
-0.011212 
-0.009985 
-0.006436 
-0.000569 
0.006139 
0.012314 
0.017397 
0.020988 
0.022639 
0.022412 
0.020810 
0.018210 
0.014735 
0.010548 
0.006006 
0.001465 
-0.002916 
-0.007217 
-0.011507 
-0.015366 
-0.017816 
-0.018307 
-0.017390 
-0.015468 
-0.012588 
-0.009287 
-0.006219 
-0.004104 
-0.003431 
-0.003796 
-0.004201 
-0.004018 
-0.003471 
-0.002591 
-0.000701 
0.002488 
0.006344 
0.010069 
0.013411 
0.016567 
0.019809 
0.023387 
0.027049 
0.029369 
0.028321 
0.023808 
0.018084 
0.013099 
0.009259 
0.005762 
0.002173 
-0.000852 
-0.002670 
-0.003490 
-0.004132 
-0.005126 
-0.006396 
-0.007577 
-0.008534 
-0.009313 
-0.009825 
-0.009620 
-0.008345 
-0.006346 
-0.002865 
-0.000326 
0.002538 
0.005704 
0.008979 
0.012253 
0.015545 
0.018931 
0.022342 
0.025054 
0.025846 
0.024407 
0.021819 
0.018934 
0.015358 
0.010537 
0.004812 
-0.001137 
-0.006873 
-0.012370 
-0.017852 
-0.023016 
-0.026932 
-0.029076 
-0.029711 
-0.029088 
-0.027306 
-0.025013 
-0.022904 
-0.020966 
-0.019060 
-0.017102 
-0.014839 
-0.011968 
-0.008322 
-0.004203 
-0.000153 
0.003631 
0.007085 
0.009826 
0.010804 
0.009074 
0.005686 
0.003113 
0.002630 
0.003373 
0.003933 
0.003619 
0.002571 
0.001360 
0.000620 
0.000822 
0.001804 
0.003050 
0.004093 
0.004505 
0.003981 
0.002626 
0.000937 
-0.000493 
-0.001546 
-0.002531 
-0.003630 
-0.004608 
-0.004779 
-0.003865 
-0.002263 
-0.000482 
0.001176 
0.002652 
0.004080 
0.005608 
0.007241 
0.009006 
0.010736 
0.012142 
0.012982 
0.013164 
0.013096 
0.013068 
0.012855 
0.012479 
0.012045 
0.011508 
0.010951 
0.010366 
0.009769 
0.009535 
0.010055 
0.011306 
0.012851 
0.014088 
0.015039 
0.016020 
0.016983 
0.017794 
0.017994 
0.017428 
0.016408 
0.015091 
0.013780 
0.012594 
0.011404 
0.010242 
0.009001 
0.007848 
0.007394 
0.007827 
0.008802 
0.009825 
0.010591 
0.011167 
0.011737 
0.012393 
0.013120 
0.013911 
0.014721 
0.015216 
0.015044 
0.014203 
0.013032 
0.011982 
0.011173 
0.010509 
0.009790 
0.008925 
0.007837 
0.006026 
0.003366 
0.000351 
-0.002492 
-0.005262 
-0.008861 
-0.013889 
-0.019600 
-0.024100 
-0.026206 
-0.026420 
-0.025691 
-0.024668 
-0.023805 
-0.023108 
-0.022365 
-0.021417 
-0.020195 
-0.018864 
-0.017512 
-0.016058 
-0.014281 
-0.012121 
-0.009854 
-0.007760 
-0.005848 
-0.003964 
-0.002614 
-0.002962 
-0.005476 
-0.009100 
-0.012428 
-0.015015 
-0.017125 
-0.019337 
-0.021825 
-0.023462 
-0.022896 
-0.020366 
-0.017340 
-0.015043 
-0.013916 
-0.013609 
-0.013349 
-0.012658 
-0.011557 
-0.010607 
-0.010565 
-0.011492 
-0.012802 
-0.013968 
-0.014809 
-0.015388 
-0.015702 
-0.015602 
-0.015106 
-0.014532 
-0.014188 
-0.014189 
-0.014509 
-0.014916 
-0.015166 
-0.015266 
-0.015310 
-0.015222 
-0.014789 
-0.014015 
-0.013091 
-0.012100 
-0.011010 
-0.009773 
-0.008493 
-0.007268 
-0.006077 
-0.004914 
-0.003759 
-0.002587 
-0.001436 
-0.000659 
-0.000891 
-0.002291 
-0.004320 
-0.006385 
-0.008182 
-0.009761 
-0.011354 
-0.012880 
-0.013728 
-0.013362 
-0.012072 
-0.010651 
-0.009593 
-0.008858 
-0.008149 
-0.007280 
-0.006248 
-0.005152 
-0.004119 
-0.003262 
-0.002773 
-0.002757 
-0.003016 
-0.003273 
-0.003392 
-0.003396 
-0.003407 
-0.003498 
-0.003650 
-0.003821 
-0.003971 
-0.004065 
-0.004101 
-0.003923 
-0.003234 
-0.002031 
-0.000648 
0.000594 
0.001505 
0.001998 
0.002170 
0.002278 
0.002509 
0.002892 
0.003330 
0.003714 
0.003992 
0.004192 
0.004339 
0.004285 
0.003866 
0.003172 
0.002458 
0.001928 
0.001678 
0.001648 
0.001641 
0.001540 
0.001405 
0.001414 
0.001675 
0.002086 
0.002481 
0.002789 
0.003032 
0.003259 
0.003497 
0.003759 
0.004019 
0.004251 
0.004391 
0.004299 
0.003932 
0.003444 
0.003009 
0.002604 
0.002064 
0.001338 
0.000621 
0.000154 
-0.000048 
-0.000161 
-0.000272 
-0.000283 
-0.000109 
0.000194 
0.000503 
0.000759 
0.000940 
0.001016 
0.000994 
0.000935 
0.000909 
0.000946 
0.001083 
0.001324 
0.001596 
0.001830 
0.002012 
0.002155 
0.002263 
0.002345 
0.002417 
0.002492 
0.002617 
0.002849 
0.003178 
0.003524 
0.003803 
0.003947 
0.003895 
0.003653 
0.003302 
0.002937 
0.002615 
0.002345 
0.002101 
0.001857 
0.001605 
0.001366 
0.001167 
0.001030 
0.000964 
0.000981 
0.001079 
0.001219 
0.001346 
0.001443 
0.001524 
0.001602 
0.001663 
0.001672 
0.001631 
0.001586 
0.001587 
0.001668 
0.001806 
0.001945 
0.002049 
0.002119 
0.002176 
0.002238 
0.002303 
0.002352 
0.002362 
0.002340 
0.002310 
0.002293 
0.002289 
0.002291 
0.002292 
0.002291 
0.002297 
0.002325 
0.002372 
0.002423 
0.002464 
0.002493 
0.002514 
0.002527 
0.002531 
0.002524 
0.002508 
0.002484 
0.002455 
0.002434 
0.002427 
0.002433 
0.002450 
0.002474 
0.002505 
0.002544 
0.002594 
0.002655 
0.002721 
0.002790 
0.002853 
0.002905 
0.002948 
0.002982 
0.003009 
0.003030 
0.003045 
0.003054 
0.003061 
0.003066 
0.003069 
0.003071 
0.003069 
0.003064 
0.003055 
0.003043 
0.003029 
0.003015 
