1.919457e-004
-4.245282e-004
-1.162912e-004
1.919457e-004
5.001827e-004
8.084196e-004
-4.245282e-004
-1.162912e-004
-1.162912e-004
-4.245282e-004
5.001827e-004
5.001827e-004
1.919457e-004
1.919457e-004
-4.245282e-004
-4.245282e-004
1.919457e-004
1.919457e-004
-1.162912e-004
-4.245282e-004
8.084196e-004
1.919457e-004
1.919457e-004
1.919457e-004
-4.245282e-004
1.919457e-004
5.001827e-004
5.001827e-004
1.919457e-004
1.919457e-004
-1.162912e-004
-1.162912e-004
1.919457e-004
-1.162912e-004
1.919457e-004
-4.245282e-004
-1.162912e-004
-1.162912e-004
-1.162912e-004
-1.162912e-004
-1.162912e-004
-1.162912e-004
-1.162912e-004
-4.245282e-004
5.001827e-004
-4.245282e-004
-7.327651e-004
5.001827e-004
1.919457e-004
-4.245282e-004
-4.245282e-004
-7.327651e-004
-4.245282e-004
-4.245282e-004
-4.245282e-004
-1.162912e-004
5.001827e-004
5.001827e-004
-1.162912e-004
-7.327651e-004
1.919457e-004
5.001827e-004
-4.245282e-004
-4.245282e-004
-4.245282e-004
-1.162912e-004
-7.327651e-004
-1.162912e-004
5.001827e-004
-1.162912e-004
-4.245282e-004
-4.245282e-004
-4.245282e-004
-1.162912e-004
-1.162912e-004
-1.162912e-004
-1.162912e-004
-1.162912e-004
5.001827e-004
1.919457e-004
1.919457e-004
-1.162912e-004
-4.245282e-004
-4.245282e-004
5.001827e-004
-1.162912e-004
-4.245282e-004
-7.327651e-004
1.919457e-004
-4.245282e-004
-4.245282e-004
1.919457e-004
1.919457e-004
1.919457e-004
-4.245282e-004
1.919457e-004
-4.245282e-004
-1.162912e-004
-1.162912e-004
1.919457e-004
1.919457e-004
-4.245282e-004
-1.162912e-004
-4.245282e-004
-1.162912e-004
1.919457e-004
5.001827e-004
1.919457e-004
1.919457e-004
1.919457e-004
8.084196e-004
-4.245282e-004
-1.162912e-004
-1.162912e-004
-1.162912e-004
-7.327651e-004
-1.162912e-004
-1.162912e-004
-4.245282e-004
-1.162912e-004
-1.162912e-004
1.919457e-004
-4.245282e-004
1.919457e-004
-4.245282e-004
-7.327651e-004
-4.245282e-004
1.919457e-004
5.001827e-004
5.001827e-004
5.001827e-004
-1.162912e-004
-4.245282e-004
1.919457e-004
-1.162912e-004
1.919457e-004
8.084196e-004
-4.245282e-004
-7.327651e-004
-4.245282e-004
-1.162912e-004
-4.245282e-004
-4.245282e-004
-1.162912e-004
-4.245282e-004
-4.245282e-004
-7.327651e-004
-4.245282e-004
1.919457e-004
5.001827e-004
1.919457e-004
-7.327651e-004
-1.162912e-004
5.001827e-004
1.919457e-004
1.919457e-004
-4.245282e-004
1.919457e-004
1.919457e-004
5.001827e-004
1.919457e-004
1.919457e-004
1.919457e-004
-1.162912e-004
5.001827e-004
5.001827e-004
5.001827e-004
-4.245282e-004
-1.162912e-004
1.919457e-004
5.001827e-004
1.919457e-004
-1.162912e-004
-1.162912e-004
-7.327651e-004
-4.245282e-004
-1.162912e-004
5.001827e-004
1.919457e-004
-1.041002e-003
-4.245282e-004
-4.245282e-004
-7.327651e-004
-1.162912e-004
5.001827e-004
1.919457e-004
1.919457e-004
1.919457e-004
-4.245282e-004
-4.245282e-004
-1.162912e-004
1.919457e-004
1.919457e-004
-4.245282e-004
-4.245282e-004
-1.162912e-004
1.919457e-004
1.919457e-004
1.919457e-004
-4.245282e-004
-4.245282e-004
-1.162912e-004
-1.162912e-004
1.919457e-004
-1.162912e-004
-1.162912e-004
-4.245282e-004
-4.245282e-004
-1.162912e-004
5.001827e-004
1.919457e-004
-1.162912e-004
-7.327651e-004
1.919457e-004
-1.162912e-004
1.919457e-004
5.001827e-004
5.001827e-004
1.919457e-004
5.001827e-004
-1.162912e-004
1.919457e-004
-4.245282e-004
-1.162912e-004
1.919457e-004
-1.162912e-004
-4.245282e-004
-4.245282e-004
-7.327651e-004
1.919457e-004
8.084196e-004
-1.162912e-004
1.919457e-004
5.001827e-004
-4.245282e-004
5.001827e-004
-4.245282e-004
-4.245282e-004
5.001827e-004
1.919457e-004
1.919457e-004
-1.162912e-004
-4.245282e-004
-7.327651e-004
5.001827e-004
8.084196e-004
5.001827e-004
1.919457e-004
-4.245282e-004
5.001827e-004
8.084196e-004
1.116657e-003
8.084196e-004
-4.245282e-004
1.919457e-004
1.919457e-004
-1.162912e-004
-1.162912e-004
5.001827e-004
1.919457e-004
-4.245282e-004
1.919457e-004
-7.327651e-004
1.919457e-004
1.919457e-004
5.001827e-004
-4.245282e-004
-4.245282e-004
-7.327651e-004
-7.327651e-004
-1.041002e-003
-4.245282e-004
1.919457e-004
1.919457e-004
-4.245282e-004
-1.162912e-004
1.919457e-004
-7.327651e-004
1.919457e-004
-1.162912e-004
-1.162912e-004
-4.245282e-004
-4.245282e-004
-1.162912e-004
-1.162912e-004
5.001827e-004
-1.162912e-004
-1.162912e-004
-1.162912e-004
1.919457e-004
-1.162912e-004
-4.245282e-004
1.919457e-004
1.919457e-004
1.919457e-004
1.919457e-004
1.919457e-004
1.919457e-004
5.001827e-004
-1.162912e-004
1.919457e-004
-1.162912e-004
-1.162912e-004
-1.162912e-004
-4.245282e-004
1.919457e-004
1.919457e-004
1.919457e-004
5.001827e-004
-1.162912e-004
-7.327651e-004
1.919457e-004
1.919457e-004
-1.162912e-004
-4.245282e-004
-7.327651e-004
-4.245282e-004
-1.041002e-003
-4.245282e-004
1.919457e-004
5.001827e-004
1.919457e-004
-4.245282e-004
-7.327651e-004
-1.162912e-004
-1.162912e-004
5.001827e-004
5.001827e-004
1.919457e-004
-4.245282e-004
-7.327651e-004
-1.162912e-004
-1.162912e-004
-1.041002e-003
-4.245282e-004
-7.327651e-004
-1.162912e-004
-7.327651e-004
-7.327651e-004
-1.041002e-003
-4.245282e-004
-7.327651e-004
-4.245282e-004
-1.041002e-003
-7.327651e-004
1.919457e-004
1.919457e-004
5.001827e-004
1.919457e-004
-4.245282e-004
-1.349239e-003
-4.245282e-004
-1.162912e-004
5.001827e-004
-4.245282e-004
5.001827e-004
1.919457e-004
8.084196e-004
-4.245282e-004
-4.245282e-004
-1.162912e-004
-4.245282e-004
-1.657476e-003
-7.327651e-004
-1.349239e-003
-1.349239e-003
-1.657476e-003
-1.349239e-003
-4.245282e-004
-4.245282e-004
-7.327651e-004
1.919457e-004
5.001827e-004
8.084196e-004
8.084196e-004
8.084196e-004
5.001827e-004
5.001827e-004
1.919457e-004
8.084196e-004
1.733130e-003
1.733130e-003
1.424894e-003
1.424894e-003
1.116657e-003
8.084196e-004
1.919457e-004
5.001827e-004
-1.162912e-004
-1.162912e-004
-4.245282e-004
1.919457e-004
1.919457e-004
1.919457e-004
5.001827e-004
-1.162912e-004
-1.162912e-004
-7.327651e-004
-1.657476e-003
-7.327651e-004
1.919457e-004
5.001827e-004
-4.245282e-004
-4.245282e-004
-7.327651e-004
-4.245282e-004
1.919457e-004
5.001827e-004
5.001827e-004
5.001827e-004
-4.245282e-004
5.001827e-004
1.733130e-003
1.116657e-003
1.919457e-004
-1.162912e-004
1.919457e-004
8.084196e-004
5.001827e-004
5.001827e-004
8.084196e-004
8.084196e-004
5.001827e-004
1.919457e-004
1.919457e-004
-4.245282e-004
-1.162912e-004
5.001827e-004
-1.162912e-004
-1.162912e-004
-1.162912e-004
5.001827e-004
1.116657e-003
8.084196e-004
8.084196e-004
1.424894e-003
1.116657e-003
-1.162912e-004
1.919457e-004
1.919457e-004
1.424894e-003
1.733130e-003
1.733130e-003
2.041367e-003
1.733130e-003
1.424894e-003
1.424894e-003
2.041367e-003
1.733130e-003
1.116657e-003
5.001827e-004
-1.162912e-004
-1.162912e-004
-1.162912e-004
-1.657476e-003
-1.657476e-003
-1.349239e-003
-1.041002e-003
-7.327651e-004
-1.162912e-004
8.084196e-004
1.424894e-003
1.116657e-003
1.116657e-003
1.919457e-004
1.919457e-004
-4.245282e-004
-7.327651e-004
-1.041002e-003
-1.349239e-003
-1.349239e-003
-1.349239e-003
1.919457e-004
1.919457e-004
1.919457e-004
5.001827e-004
1.116657e-003
1.116657e-003
1.919457e-004
1.919457e-004
-1.162912e-004
8.084196e-004
5.001827e-004
5.001827e-004
5.001827e-004
8.084196e-004
-1.162912e-004
-4.245282e-004
-4.245282e-004
-1.349239e-003
-1.349239e-003
-1.965713e-003
-7.327651e-004
-4.245282e-004
-1.162912e-004
1.116657e-003
8.084196e-004
1.919457e-004
-7.327651e-004
-7.327651e-004
-7.327651e-004
-1.162912e-004
-1.162912e-004
-1.041002e-003
-1.162912e-004
-7.327651e-004
-7.327651e-004
-4.245282e-004
-4.245282e-004
-1.657476e-003
-1.349239e-003
-1.965713e-003
-2.582187e-003
-5.972793e-003
-6.589267e-003
-5.664556e-003
-4.123372e-003
-5.664556e-003
-7.822215e-003
-7.513978e-003
-5.972793e-003
-6.589267e-003
-7.822215e-003
-8.130452e-003
-9.979873e-003
-1.152106e-002
-9.671637e-003
-7.822215e-003
-6.281030e-003
-5.356319e-003
-4.123372e-003
-5.048082e-003
-6.589267e-003
-9.055163e-003
-9.671637e-003
-6.589267e-003
1.919457e-004
4.199026e-003
-1.965713e-003
-7.205741e-003
-7.513978e-003
-9.671637e-003
-1.367872e-002
-1.645285e-002
-1.583638e-002
-1.121282e-002
-7.513978e-003
-8.438689e-003
-8.438689e-003
-4.739845e-003
-1.041002e-003
4.199026e-003
9.439054e-003
1.128848e-002
1.406261e-002
2.084382e-002
2.207677e-002
1.806969e-002
1.498732e-002
1.221319e-002
8.822580e-003
1.005553e-002
1.560379e-002
2.022735e-002
2.515914e-002
3.163211e-002
3.224859e-002
2.515914e-002
2.115206e-002
1.591203e-002
-7.327651e-004
-2.230935e-002
-3.618001e-002
-3.371412e-002
-2.107640e-002
-9.671637e-003
-2.273950e-003
7.589632e-003
1.467908e-002
1.991911e-002
2.885798e-002
3.902980e-002
4.858515e-002
5.937344e-002
6.769584e-002
5.659931e-002
4.611925e-002
4.704396e-002
4.920162e-002
4.334512e-002
4.057099e-002
4.889338e-002
5.043457e-002
1.159671e-002
-5.744836e-002
-9.875211e-002
-9.443680e-002
-8.827206e-002
-9.197090e-002
-8.611440e-002
-7.686729e-002
-8.395674e-002
-8.457321e-002
-6.823666e-002
-6.083897e-002
-5.559894e-002
-3.957062e-002
-2.045993e-002
-5.664556e-003
1.067200e-002
3.841333e-002
5.752402e-002
4.950986e-002
4.057099e-002
7.108644e-002
1.311926e-001
1.493786e-001
1.278020e-001
1.456798e-001
1.536939e-001
9.420421e-002
-1.460343e-002
-7.378492e-002
-7.871671e-002
-7.131903e-002
-5.806484e-002
-3.710472e-002
-2.230935e-002
3.890789e-003
2.176853e-002
2.700856e-002
6.245581e-002
8.896419e-002
1.591203e-002
-7.964142e-002
-9.135443e-002
-6.946960e-002
-6.577076e-002
-3.217293e-002
2.041367e-003
-3.217293e-002
-8.364850e-002
-9.227914e-002
-7.686729e-002
-6.607900e-002
-5.035891e-002
-3.618001e-002
-2.539172e-002
-2.138464e-002
-1.059635e-002
1.919457e-004
1.128848e-002
6.356685e-003
-1.768580e-002
-3.833767e-002
-4.357770e-002
-4.080357e-002
-3.001527e-002
-1.367872e-002
-7.205741e-003
5.740211e-003
2.762503e-002
2.330972e-002
-1.162912e-004
-5.664556e-003
-4.245282e-004
6.664922e-003
2.022735e-002
2.670032e-002
3.132388e-002
5.968168e-002
5.998991e-002
2.176853e-002
1.899440e-002
4.026275e-002
4.026275e-002
5.105104e-002
9.081361e-002
7.170292e-002
-1.182930e-002
-5.559894e-002
-4.881773e-002
-2.631643e-002
-2.273950e-003
8.514343e-003
-2.539172e-002
-6.762018e-002
-6.299663e-002
-4.850949e-002
-5.621542e-002
-4.018709e-002
-1.059635e-002
-9.363400e-003
-2.508348e-002
-1.799403e-002
-6.589267e-003
-4.739845e-003
5.431974e-003
1.961087e-002
2.978269e-002
3.070740e-002
1.745321e-002
-7.327651e-004
-4.123372e-003
3.582552e-003
1.344613e-002
2.824151e-002
4.026275e-002
5.290046e-002
7.478529e-002
7.601823e-002
3.779685e-002
7.897869e-003
8.206106e-003
6.048448e-003
-1.306224e-002
-1.830227e-002
-3.506898e-003
1.005553e-002
1.745321e-002
3.039917e-002
4.488630e-002
5.228399e-002
6.492170e-002
8.187474e-002
8.958066e-002
8.742300e-002
9.389598e-002
9.451245e-002
4.581101e-002
-1.891874e-002
-3.402236e-002
-7.513978e-003
-9.979873e-003
-5.128362e-002
-8.703911e-002
-1.024510e-001
-1.055333e-001
-9.258737e-002
-7.070255e-002
-4.943420e-002
-2.878233e-002
-1.349239e-003
3.378977e-002
6.954526e-002
6.862055e-002
2.176853e-002
-1.182930e-002
8.514343e-003
1.776145e-002
5.123737e-003
3.224859e-002
9.112184e-002
1.071502e-001
5.937344e-002
-1.059635e-002
-4.604360e-002
-3.648825e-002
-1.676109e-002
-2.292583e-002
-5.005068e-002
-7.378492e-002
-8.734735e-002
-7.871671e-002
-6.577076e-002
-6.022250e-002
-4.820125e-002
-2.569996e-002
-2.631643e-002
-5.282481e-002
-5.960602e-002
-5.313305e-002
-5.775660e-002
-5.344128e-002
-2.415877e-002
-1.460343e-002
-4.789302e-002
-6.854489e-002
-5.559894e-002
-3.741296e-002
-1.676109e-002
1.919457e-004
1.899440e-002
3.810509e-002
4.581101e-002
2.978269e-002
1.406261e-002
1.313790e-002
1.529556e-002
2.176853e-002
3.563919e-002
4.766044e-002
5.968168e-002
7.663471e-002
8.187474e-002
6.091462e-002
3.163211e-002
1.190495e-002
6.356685e-003
1.128848e-002
1.252142e-002
-1.041002e-003
-1.521990e-002
-1.768580e-002
-1.521990e-002
-1.306224e-002
-9.363400e-003
-4.739845e-003
1.733130e-003
9.747291e-003
1.837793e-002
2.330972e-002
1.591203e-002
-3.506898e-003
-1.491166e-002
-7.513978e-003
6.356685e-003
8.514343e-003
2.349604e-003
2.966078e-003
9.130817e-003
1.375437e-002
1.837793e-002
1.837793e-002
1.036376e-002
-1.349239e-003
-6.589267e-003
-4.123372e-003
-3.198661e-003
-5.664556e-003
-9.671637e-003
-1.090458e-002
-7.513978e-003
-1.657476e-003
1.733130e-003
-2.273950e-003
-1.182930e-002
-1.676109e-002
-1.182930e-002
-4.123372e-003
-3.815135e-003
-3.198661e-003
4.507263e-003
6.664922e-003
-7.327651e-004
-6.281030e-003
-5.972793e-003
-5.356319e-003
-8.130452e-003
-8.130452e-003
-2.890424e-003
3.274315e-003
7.281395e-003
1.622027e-002
3.101564e-002
3.378977e-002
1.098024e-002
-1.244577e-002
-1.676109e-002
-6.281030e-003
1.424894e-003
-1.041002e-003
-1.121282e-002
-2.107640e-002
-2.107640e-002
-6.589267e-003
5.123737e-003
1.036376e-002
1.899440e-002
2.022735e-002
5.123737e-003
-1.090458e-002
-1.182930e-002
-8.746926e-003
-7.822215e-003
-5.356319e-003
-1.162912e-004
5.431974e-003
9.130817e-003
1.282966e-002
1.159671e-002
2.657841e-003
-3.506898e-003
2.349604e-003
1.498732e-002
1.776145e-002
1.098024e-002
6.356685e-003
1.424894e-003
-2.273950e-003
-1.965713e-003
5.123737e-003
9.747291e-003
1.529556e-002
2.423443e-002
2.515914e-002
1.837793e-002
1.837793e-002
2.793327e-002
3.039917e-002
2.485090e-002
1.776145e-002
6.664922e-003
-4.123372e-003
-9.671637e-003
-1.398695e-002
-1.706932e-002
-1.768580e-002
-2.107640e-002
-2.015169e-002
-5.664556e-003
5.740211e-003
-8.130452e-003
-2.385054e-002
-2.200111e-002
-1.614461e-002
-1.460343e-002
-1.460343e-002
-1.275401e-002
-1.275401e-002
-1.182930e-002
-1.213753e-002
-1.460343e-002
-1.367872e-002
-9.671637e-003
-4.123372e-003
3.582552e-003
1.252142e-002
1.529556e-002
1.560379e-002
1.776145e-002
1.437085e-002
1.159671e-002
1.252142e-002
9.130817e-003
9.439054e-003
1.776145e-002
1.406261e-002
-2.477525e-002
-5.621542e-002
-5.960602e-002
-5.714013e-002
-5.498247e-002
-4.727654e-002
-3.864591e-002
-3.278941e-002
-2.323406e-002
-1.614461e-002
-8.438689e-003
-5.972793e-003
-8.130452e-003
-7.822215e-003
5.123737e-003
9.747291e-003
2.657841e-003
1.560379e-002
3.286506e-002
3.748862e-002
5.814049e-002
8.156650e-002
4.396159e-002
-2.354230e-002
-2.847409e-002
-4.123372e-003
-1.614461e-002
-3.741296e-002
-2.970704e-002
-2.600819e-002
-3.248117e-002
-2.261759e-002
-3.506898e-003
1.930264e-002
5.105104e-002
6.831231e-002
4.889338e-002
2.515914e-002
2.361795e-002
1.868616e-002
-4.739845e-003
-2.415877e-002
-3.587178e-002
-5.467423e-002
-6.361310e-002
-4.419417e-002
-1.737756e-002
-3.198661e-003
2.454266e-002
6.522994e-002
6.430523e-002
1.806969e-002
1.733130e-003
1.498732e-002
1.128848e-002
5.740211e-003
2.670032e-002
3.378977e-002
-4.431608e-003
-2.415877e-002
-9.363400e-003
-1.657476e-003
-8.438689e-003
1.919457e-004
1.714498e-002
2.485090e-002
3.255683e-002
3.656391e-002
2.485090e-002
6.356685e-003
8.084196e-004
-1.965713e-003
-1.275401e-002
-1.552814e-002
-3.506898e-003
1.529556e-002
2.115206e-002
1.036376e-002
3.582552e-003
6.973159e-003
6.973159e-003
-6.281030e-003
-1.521990e-002
-1.244577e-002
-8.438689e-003
-1.657476e-003
1.221319e-002
2.639209e-002
3.933804e-002
4.827691e-002
3.872156e-002
8.206106e-003
-1.275401e-002
-1.059635e-002
-1.398695e-002
-3.710472e-002
-4.974244e-002
-3.618001e-002
-1.676109e-002
-3.506898e-003
1.221319e-002
2.300148e-002
1.868616e-002
7.281395e-003
-1.965713e-003
-4.123372e-003
-6.281030e-003
-6.281030e-003
-9.055163e-003
-1.953522e-002
-3.309764e-002
-3.433059e-002
-2.292583e-002
-9.055163e-003
1.733130e-003
4.815500e-003
2.966078e-003
-7.327651e-004
-6.281030e-003
-1.028811e-002
-5.356319e-003
6.356685e-003
1.467908e-002
1.930264e-002
2.300148e-002
1.560379e-002
-4.123372e-003
-1.460343e-002
-1.398695e-002
-1.059635e-002
-5.972793e-003
5.431974e-003
1.560379e-002
1.498732e-002
1.424894e-003
-1.645285e-002
-2.754938e-002
-3.001527e-002
-2.816585e-002
-2.045993e-002
-1.121282e-002
-8.130452e-003
-1.275401e-002
-2.138464e-002
-3.371412e-002
-4.511889e-002
-4.635183e-002
-4.234475e-002
-3.433059e-002
-2.878233e-002
-2.508348e-002
-2.045993e-002
-1.028811e-002
2.966078e-003
1.190495e-002
2.084382e-002
2.824151e-002
3.348154e-002
4.087922e-002
5.166752e-002
5.814049e-002
5.814049e-002
6.060639e-002
6.584642e-002
6.831231e-002
8.033355e-002
8.803948e-002
6.245581e-002
2.608385e-002
-2.890424e-003
-2.569996e-002
-3.433059e-002
-2.015169e-002
-1.460343e-002
-4.234475e-002
-5.960602e-002
-5.251657e-002
-4.265299e-002
-4.234475e-002
-4.142004e-002
-3.648825e-002
-3.802944e-002
-4.049533e-002
-4.080357e-002
-4.573536e-002
-4.727654e-002
-2.354230e-002
-1.657476e-003
7.589632e-003
1.221319e-002
1.868616e-002
1.560379e-002
1.252142e-002
2.300148e-002
3.471448e-002
2.978269e-002
1.467908e-002
8.514343e-003
1.190495e-002
1.837793e-002
2.084382e-002
1.991911e-002
1.745321e-002
1.190495e-002
5.123737e-003
-1.657476e-003
-5.048082e-003
-6.897504e-003
-5.356319e-003
-2.890424e-003
-6.897504e-003
-1.614461e-002
-2.045993e-002
-1.398695e-002
-3.506898e-003
8.822580e-003
1.806969e-002
1.837793e-002
1.899440e-002
2.330972e-002
2.115206e-002
1.098024e-002
6.048448e-003
8.206106e-003
1.159671e-002
1.868616e-002
2.885798e-002
3.348154e-002
3.810509e-002
4.426983e-002
3.687214e-002
1.652850e-002
8.084196e-004
-7.513978e-003
-1.645285e-002
-2.200111e-002
-2.230935e-002
-2.385054e-002
-2.015169e-002
-4.245282e-004
1.159671e-002
-1.965713e-003
-1.676109e-002
-1.244577e-002
5.740211e-003
1.282966e-002
-3.506898e-003
-2.909056e-002
-3.648825e-002
-2.045993e-002
-6.897504e-003
-5.664556e-003
-6.897504e-003
-9.055163e-003
-1.306224e-002
-1.337048e-002
-1.152106e-002
-1.182930e-002
-9.055163e-003
1.116657e-003
7.589632e-003
1.098024e-002
2.146029e-002
3.533096e-002
3.317330e-002
5.431974e-003
-2.724114e-002
-4.326946e-002
-4.080357e-002
-3.433059e-002
-2.785762e-002
-1.737756e-002
-9.055163e-003
-3.815135e-003
9.130817e-003
1.652850e-002
5.001827e-004
-2.230935e-002
-2.785762e-002
-2.878233e-002
-3.124822e-002
-1.953522e-002
4.507263e-003
2.361795e-002
3.656391e-002
5.259223e-002
6.245581e-002
5.783225e-002
3.625567e-002
1.098024e-002
-8.130452e-003
-1.306224e-002
-5.356319e-003
9.747291e-003
2.053558e-002
1.837793e-002
5.431974e-003
-8.130452e-003
-1.213753e-002
-6.281030e-003
-1.965713e-003
-6.281030e-003
-1.152106e-002
-1.645285e-002
-2.724114e-002
-3.710472e-002
-3.093999e-002
-1.337048e-002
-3.815135e-003
3.582552e-003
7.589632e-003
5.123737e-003
7.897869e-003
1.622027e-002
4.199026e-003
-2.292583e-002
-2.816585e-002
-1.645285e-002
-7.513978e-003
3.890789e-003
1.776145e-002
1.437085e-002
-1.657476e-003
-7.822215e-003
-2.890424e-003
6.048448e-003
2.053558e-002
3.255683e-002
3.194035e-002
1.806969e-002
-7.327651e-004
-1.306224e-002
-1.460343e-002
-9.363400e-003
-2.890424e-003
4.507263e-003
8.206106e-003
-7.327651e-004
-1.429519e-002
-2.107640e-002
-1.922698e-002
-1.090458e-002
1.424894e-003
6.664922e-003
-1.041002e-003
-1.657476e-003
8.206106e-003
1.930264e-002
2.670032e-002
2.762503e-002
1.930264e-002
1.190495e-002
1.683674e-002
2.546738e-002
2.485090e-002
1.437085e-002
-5.664556e-003
-2.385054e-002
-2.785762e-002
-2.107640e-002
-9.055163e-003
1.424894e-003
6.356685e-003
-1.965713e-003
-1.614461e-002
-2.354230e-002
-2.138464e-002
-1.152106e-002
1.424894e-003
7.897869e-003
4.815500e-003
-7.327651e-004
-6.589267e-003
-1.398695e-002
-1.306224e-002
-2.890424e-003
6.356685e-003
1.190495e-002
1.806969e-002
2.269324e-002
2.485090e-002
1.683674e-002
-6.589267e-003
-3.063175e-002
-3.433059e-002
-2.138464e-002
-1.028811e-002
4.199026e-003
2.115206e-002
1.930264e-002
1.005553e-002
1.159671e-002
1.437085e-002
8.206106e-003
4.507263e-003
9.130817e-003
8.822580e-003
-1.162912e-004
-8.130452e-003
-1.367872e-002
-1.398695e-002
-5.972793e-003
5.740211e-003
8.206106e-003
8.084196e-004
-9.055163e-003
-1.614461e-002
-1.614461e-002
-1.059635e-002
-6.897504e-003
-8.130452e-003
-8.130452e-003
-4.431608e-003
-2.582187e-003
-6.589267e-003
-5.664556e-003
4.507263e-003
1.837793e-002
3.039917e-002
3.902980e-002
4.026275e-002
3.286506e-002
2.238501e-002
1.190495e-002
-4.245282e-004
-6.897504e-003
-6.897504e-003
-4.123372e-003
1.424894e-003
9.439054e-003
1.190495e-002
3.890789e-003
-6.897504e-003
-1.552814e-002
-2.446701e-002
-3.001527e-002
-2.569996e-002
-1.891874e-002
-1.583638e-002
-1.059635e-002
-2.890424e-003
-5.664556e-003
-1.275401e-002
-1.491166e-002
-1.398695e-002
-1.429519e-002
-1.583638e-002
-2.045993e-002
-2.415877e-002
-2.138464e-002
-1.799403e-002
-1.706932e-002
-1.460343e-002
-1.090458e-002
-9.979873e-003
-4.245282e-004
2.238501e-002
3.841333e-002
4.087922e-002
3.841333e-002
3.348154e-002
2.207677e-002
8.822580e-003
1.733130e-003
-1.041002e-003
-1.041002e-003
-4.245282e-004
2.349604e-003
5.123737e-003
9.130817e-003
1.036376e-002
3.890789e-003
-5.664556e-003
-6.589267e-003
-4.245282e-004
6.973159e-003
8.514343e-003
2.349604e-003
-6.897504e-003
-1.059635e-002
-2.890424e-003
6.664922e-003
6.664922e-003
-1.657476e-003
-1.121282e-002
-1.306224e-002
-7.513978e-003
-2.273950e-003
1.733130e-003
5.431974e-003
7.589632e-003
5.740211e-003
5.431974e-003
6.356685e-003
6.664922e-003
8.514343e-003
1.282966e-002
1.498732e-002
1.406261e-002
1.961087e-002
2.330972e-002
1.991911e-002
1.313790e-002
5.123737e-003
-2.273950e-003
-5.972793e-003
-1.657476e-003
-1.965713e-003
-1.429519e-002
-2.539172e-002
-2.754938e-002
-2.508348e-002
-1.830227e-002
-5.356319e-003
8.822580e-003
1.128848e-002
4.507263e-003
5.001827e-004
8.084196e-004
-5.356319e-003
-1.984346e-002
-2.477525e-002
-1.213753e-002
3.274315e-003
6.664922e-003
6.048448e-003
6.973159e-003
8.822580e-003
1.221319e-002
1.498732e-002
6.048448e-003
-1.059635e-002
-1.953522e-002
-1.645285e-002
-1.367872e-002
-1.213753e-002
-8.438689e-003
-5.048082e-003
-4.245282e-004
7.897869e-003
1.591203e-002
1.652850e-002
1.005553e-002
3.890789e-003
-7.327651e-004
-7.513978e-003
-1.367872e-002
-1.398695e-002
-5.972793e-003
4.507263e-003
1.806969e-002
2.854974e-002
2.361795e-002
7.589632e-003
-5.356319e-003
-1.182930e-002
-1.521990e-002
-1.583638e-002
-1.460343e-002
-1.306224e-002
-1.583638e-002
-1.953522e-002
-1.984346e-002
-1.645285e-002
-1.645285e-002
-1.645285e-002
-1.306224e-002
-6.589267e-003
-4.123372e-003
-2.890424e-003
-4.431608e-003
-5.972793e-003
-3.506898e-003
6.356685e-003
1.745321e-002
2.793327e-002
3.502272e-002
3.779685e-002
3.748862e-002
3.348154e-002
2.392619e-002
9.747291e-003
-4.123372e-003
-1.367872e-002
-1.861051e-002
-1.922698e-002
-1.891874e-002
-1.706932e-002
-1.121282e-002
-1.041002e-003
1.190495e-002
2.485090e-002
2.885798e-002
2.084382e-002
8.206106e-003
-1.349239e-003
-9.055163e-003
-1.614461e-002
-1.830227e-002
-1.028811e-002
2.041367e-003
1.252142e-002
2.300148e-002
3.070740e-002
2.854974e-002
2.176853e-002
1.036376e-002
-7.327651e-004
-1.306224e-002
-2.446701e-002
-3.402236e-002
-3.987886e-002
-3.833767e-002
-2.754938e-002
-1.367872e-002
8.084196e-004
1.683674e-002
2.824151e-002
2.916622e-002
2.146029e-002
1.467908e-002
1.221319e-002
8.206106e-003
-1.965713e-003
-1.028811e-002
-8.746926e-003
-1.657476e-003
5.740211e-003
1.190495e-002
1.991911e-002
2.639209e-002
2.454266e-002
1.961087e-002
1.005553e-002
1.424894e-003
-6.281030e-003
-1.213753e-002
-1.614461e-002
-1.922698e-002
-2.076817e-002
-1.891874e-002
-1.552814e-002
-1.182930e-002
-9.363400e-003
-7.513978e-003
-5.048082e-003
-4.123372e-003
-1.657476e-003
1.116657e-003
1.424894e-003
-4.245282e-004
-3.815135e-003
-8.438689e-003
-1.460343e-002
-1.768580e-002
-1.614461e-002
-1.367872e-002
-1.614461e-002
-1.830227e-002
-2.107640e-002
-2.354230e-002
-2.754938e-002
-2.724114e-002
-1.799403e-002
-7.327651e-004
1.529556e-002
2.423443e-002
3.070740e-002
3.224859e-002
2.670032e-002
1.930264e-002
1.899440e-002
1.991911e-002
1.622027e-002
5.740211e-003
-1.028811e-002
-2.107640e-002
-2.261759e-002
-1.583638e-002
-6.281030e-003
5.740211e-003
1.868616e-002
2.361795e-002
2.269324e-002
1.714498e-002
1.190495e-002
5.431974e-003
-1.162912e-004
-1.162912e-004
2.041367e-003
5.123737e-003
7.897869e-003
8.206106e-003
7.281395e-003
4.199026e-003
2.041367e-003
2.041367e-003
2.041367e-003
1.919457e-004
-4.431608e-003
-1.059635e-002
-1.552814e-002
-2.539172e-002
-2.909056e-002
-1.583638e-002
1.919457e-004
9.130817e-003
1.560379e-002
2.238501e-002
2.392619e-002
1.652850e-002
1.313790e-002
1.406261e-002
1.282966e-002
1.313790e-002
1.005553e-002
3.274315e-003
-5.972793e-003
-1.090458e-002
-1.121282e-002
-9.671637e-003
-9.055163e-003
-9.363400e-003
-1.059635e-002
-1.244577e-002
-1.429519e-002
-1.552814e-002
-1.429519e-002
-9.055163e-003
8.084196e-004
9.439054e-003
1.159671e-002
8.514343e-003
7.281395e-003
5.740211e-003
2.041367e-003
1.733130e-003
1.733130e-003
-4.245282e-004
-5.048082e-003
-9.671637e-003
-1.676109e-002
-1.830227e-002
-1.152106e-002
-3.506898e-003
2.349604e-003
6.973159e-003
8.822580e-003
7.589632e-003
5.740211e-003
3.890789e-003
-3.198661e-003
-1.152106e-002
-1.121282e-002
-1.162912e-004
1.067200e-002
1.190495e-002
5.431974e-003
-3.198661e-003
-7.205741e-003
-4.431608e-003
8.084196e-004
4.815500e-003
1.098024e-002
1.776145e-002
1.930264e-002
7.589632e-003
-7.513978e-003
-1.706932e-002
-2.107640e-002
-1.429519e-002
-4.245282e-004
1.313790e-002
1.437085e-002
8.206106e-003
-1.041002e-003
-8.438689e-003
-1.676109e-002
-2.631643e-002
-3.371412e-002
-2.878233e-002
-1.306224e-002
2.349604e-003
1.498732e-002
3.163211e-002
4.581101e-002
4.211217e-002
2.115206e-002
1.424894e-003
-1.799403e-002
-4.450241e-002
-5.559894e-002
-4.203652e-002
-2.354230e-002
-1.090458e-002
5.123737e-003
1.745321e-002
1.529556e-002
7.589632e-003
3.274315e-003
5.431974e-003
1.252142e-002
1.991911e-002
2.330972e-002
2.238501e-002
2.300148e-002
2.485090e-002
2.515914e-002
2.269324e-002
1.591203e-002
5.123737e-003
-6.281030e-003
-1.244577e-002
-1.521990e-002
-1.614461e-002
-1.891874e-002
-2.385054e-002
-3.217293e-002
-3.618001e-002
-3.741296e-002
-3.802944e-002
-3.001527e-002
-1.460343e-002
8.084196e-004
1.190495e-002
1.591203e-002
1.467908e-002
6.664922e-003
3.890789e-003
1.406261e-002
2.485090e-002
2.515914e-002
1.806969e-002
9.439054e-003
2.349604e-003
-7.327651e-004
-5.048082e-003
-1.645285e-002
-2.539172e-002
-2.600819e-002
-3.093999e-002
-4.142004e-002
-3.402236e-002
-1.275401e-002
6.356685e-003
2.115206e-002
3.317330e-002
3.625567e-002
2.824151e-002
2.053558e-002
1.961087e-002
2.330972e-002
2.762503e-002
3.317330e-002
3.625567e-002
3.779685e-002
3.533096e-002
2.947446e-002
1.313790e-002
-1.460343e-002
-4.326946e-002
-5.559894e-002
-4.604360e-002
-2.508348e-002
-4.245282e-004
2.207677e-002
3.194035e-002
2.854974e-002
1.622027e-002
1.116657e-003
-1.337048e-002
-1.706932e-002
-7.822215e-003
7.589632e-003
2.361795e-002
4.087922e-002
5.012633e-002
4.858515e-002
4.087922e-002
3.471448e-002
2.854974e-002
2.084382e-002
9.130817e-003
-7.513978e-003
-2.847409e-002
-4.881773e-002
-6.145544e-002
-6.330487e-002
-5.714013e-002
-4.758478e-002
-3.648825e-002
-2.785762e-002
-2.138464e-002
-1.799403e-002
-1.028811e-002
-4.123372e-003
-3.506898e-003
-5.048082e-003
-2.890424e-003
-4.245282e-004
-1.162912e-004
-7.327651e-004
-3.198661e-003
-4.431608e-003
-2.582187e-003
-1.349239e-003
1.116657e-003
8.822580e-003
1.776145e-002
2.454266e-002
2.885798e-002
2.885798e-002
2.176853e-002
1.252142e-002
6.664922e-003
1.424894e-003
1.919457e-004
5.001827e-004
-2.273950e-003
-8.438689e-003
-7.513978e-003
8.084196e-004
7.897869e-003
1.190495e-002
1.375437e-002
1.190495e-002
6.048448e-003
1.919457e-004
-3.506898e-003
-6.281030e-003
-6.589267e-003
-4.123372e-003
-2.582187e-003
-4.431608e-003
-5.664556e-003
-5.664556e-003
-5.664556e-003
-5.356319e-003
-3.506898e-003
-1.965713e-003
-4.123372e-003
-8.438689e-003
-1.182930e-002
-1.337048e-002
-1.521990e-002
-1.737756e-002
-1.398695e-002
-8.746926e-003
-1.965713e-003
1.424894e-003
1.919457e-004
-3.506898e-003
-6.281030e-003
-6.897504e-003
-6.897504e-003
-8.130452e-003
-1.213753e-002
-1.460343e-002
-1.676109e-002
-1.460343e-002
-1.182930e-002
-8.438689e-003
-4.739845e-003
3.890789e-003
1.252142e-002
1.837793e-002
2.115206e-002
1.991911e-002
1.591203e-002
9.130817e-003
3.274315e-003
-1.657476e-003
-6.281030e-003
-7.822215e-003
-5.972793e-003
-1.657476e-003
2.966078e-003
6.973159e-003
1.067200e-002
1.529556e-002
1.683674e-002
1.529556e-002
1.036376e-002
4.199026e-003
-4.739845e-003
-1.244577e-002
-1.182930e-002
-5.356319e-003
1.116657e-003
9.130817e-003
1.591203e-002
1.622027e-002
1.067200e-002
7.281395e-003
5.123737e-003
2.349604e-003
2.041367e-003
3.274315e-003
1.733130e-003
-1.041002e-003
-2.890424e-003
-5.048082e-003
-2.890424e-003
-1.162912e-004
1.919457e-004
-5.048082e-003
-1.090458e-002
-1.460343e-002
-1.491166e-002
-9.055163e-003
-3.815135e-003
8.084196e-004
7.589632e-003
1.437085e-002
1.776145e-002
1.806969e-002
1.776145e-002
1.498732e-002
8.822580e-003
6.664922e-003
6.048448e-003
4.199026e-003
1.733130e-003
-1.349239e-003
-2.582187e-003
-2.890424e-003
-1.657476e-003
-3.198661e-003
-5.972793e-003
-9.363400e-003
-1.398695e-002
-1.737756e-002
-1.614461e-002
-1.306224e-002
-8.130452e-003
1.919457e-004
6.664922e-003
1.005553e-002
1.221319e-002
1.159671e-002
8.206106e-003
4.507263e-003
4.199026e-003
6.356685e-003
7.897869e-003
7.589632e-003
4.507263e-003
-1.162912e-004
-1.965713e-003
1.919457e-004
2.349604e-003
4.815500e-003
6.048448e-003
2.966078e-003
-7.327651e-004
-3.815135e-003
-7.513978e-003
-8.746926e-003
-7.513978e-003
-6.589267e-003
-9.055163e-003
-1.028811e-002
-7.205741e-003
-2.273950e-003
2.349604e-003
6.048448e-003
9.439054e-003
1.128848e-002
1.005553e-002
7.589632e-003
5.123737e-003
3.274315e-003
4.815500e-003
5.123737e-003
5.123737e-003
4.507263e-003
2.966078e-003
-7.327651e-004
-2.582187e-003
-4.431608e-003
-6.897504e-003
-1.306224e-002
-2.045993e-002
-2.415877e-002
-2.446701e-002
-2.169288e-002
-1.614461e-002
-6.589267e-003
1.733130e-003
5.740211e-003
5.431974e-003
5.123737e-003
6.356685e-003
9.130817e-003
1.159671e-002
1.159671e-002
8.822580e-003
5.123737e-003
-4.245282e-004
-5.664556e-003
-8.130452e-003
-9.055163e-003
-1.059635e-002
-1.028811e-002
-7.822215e-003
-5.048082e-003
-4.739845e-003
-6.897504e-003
-7.822215e-003
-7.205741e-003
-4.431608e-003
-1.349239e-003
5.001827e-004
-1.162912e-004
-7.327651e-004
-1.162912e-004
3.582552e-003
7.281395e-003
9.130817e-003
1.128848e-002
1.190495e-002
9.747291e-003
7.589632e-003
7.281395e-003
6.973159e-003
8.206106e-003
1.036376e-002
1.036376e-002
7.589632e-003
2.966078e-003
-1.657476e-003
-7.822215e-003
-1.398695e-002
-1.491166e-002
-1.182930e-002
-5.664556e-003
-4.245282e-004
1.424894e-003
-1.965713e-003
-7.513978e-003
-9.363400e-003
-9.363400e-003
-9.055163e-003
-8.746926e-003
-6.281030e-003
-4.739845e-003
-3.815135e-003
1.919457e-004
5.123737e-003
1.005553e-002
1.313790e-002
1.622027e-002
1.498732e-002
1.036376e-002
2.966078e-003
-7.327651e-004
-7.327651e-004
-2.273950e-003
-4.123372e-003
-7.513978e-003
-9.055163e-003
-9.055163e-003
-8.130452e-003
-5.356319e-003
-2.890424e-003
-2.582187e-003
-1.349239e-003
8.084196e-004
3.274315e-003
5.123737e-003
4.507263e-003
5.431974e-003
6.356685e-003
6.356685e-003
7.281395e-003
9.130817e-003
1.159671e-002
1.159671e-002
8.514343e-003
2.657841e-003
-1.657476e-003
-3.198661e-003
-2.582187e-003
-2.273950e-003
-2.273950e-003
-4.245282e-004
1.919457e-004
1.116657e-003
3.274315e-003
5.123737e-003
5.431974e-003
3.890789e-003
5.001827e-004
-1.965713e-003
-5.048082e-003
-5.356319e-003
-6.589267e-003
-5.356319e-003
-3.506898e-003
-1.965713e-003
-7.327651e-004
-4.245282e-004
-4.245282e-004
-7.327651e-004
-4.245282e-004
5.001827e-004
5.001827e-004
1.919457e-004
1.116657e-003
2.041367e-003
4.199026e-003
6.356685e-003
6.664922e-003
6.664922e-003
4.507263e-003
1.116657e-003
-7.327651e-004
-2.890424e-003
-5.356319e-003
-6.897504e-003
-4.739845e-003
-2.273950e-003
-1.041002e-003
5.001827e-004
8.084196e-004
1.733130e-003
1.424894e-003
8.084196e-004
-4.245282e-004
-4.245282e-004
-7.327651e-004
-4.245282e-004
1.116657e-003
1.733130e-003
2.041367e-003
-4.245282e-004
-7.327651e-004
-1.041002e-003
-4.245282e-004
1.733130e-003
3.582552e-003
3.274315e-003
2.041367e-003
2.041367e-003
8.084196e-004
-2.582187e-003
-3.815135e-003
-3.198661e-003
-3.198661e-003
-5.048082e-003
-8.438689e-003
-1.059635e-002
-6.589267e-003
-1.657476e-003
-4.245282e-004
-4.245282e-004
8.084196e-004
1.733130e-003
3.274315e-003
4.507263e-003
5.431974e-003
5.431974e-003
2.966078e-003
5.001827e-004
5.001827e-004
-1.162912e-004
5.001827e-004
8.084196e-004
1.919457e-004
-2.582187e-003
-5.048082e-003
-5.664556e-003
-4.431608e-003
-3.506898e-003
-3.815135e-003
-5.664556e-003
-6.589267e-003
-6.897504e-003
-5.664556e-003
-5.048082e-003
-4.431608e-003
-2.890424e-003
-3.198661e-003
-4.123372e-003
-3.198661e-003
5.001827e-004
4.199026e-003
7.281395e-003
9.439054e-003
1.098024e-002
1.067200e-002
7.897869e-003
6.664922e-003
5.123737e-003
2.041367e-003
-1.349239e-003
-4.123372e-003
-4.739845e-003
-5.356319e-003
-6.281030e-003
-7.822215e-003
-1.028811e-002
-1.182930e-002
-1.244577e-002
-8.438689e-003
-5.048082e-003
-1.657476e-003
2.041367e-003
5.740211e-003
7.589632e-003
9.130817e-003
1.128848e-002
1.221319e-002
1.313790e-002
1.406261e-002
1.128848e-002
1.005553e-002
7.589632e-003
3.274315e-003
-1.349239e-003
-5.048082e-003
-7.513978e-003
-9.671637e-003
-9.979873e-003
-8.130452e-003
-5.664556e-003
-5.664556e-003
-3.815135e-003
-1.965713e-003
1.919457e-004
1.424894e-003
3.890789e-003
4.507263e-003
3.890789e-003
3.582552e-003
4.507263e-003
6.048448e-003
6.356685e-003
5.740211e-003
3.890789e-003
2.349604e-003
5.001827e-004
-7.327651e-004
-3.198661e-003
-5.356319e-003
-6.589267e-003
-5.664556e-003
-2.890424e-003
-4.245282e-004
-4.245282e-004
-1.162912e-004
-1.349239e-003
-2.582187e-003
-1.965713e-003
-1.041002e-003
-7.327651e-004
1.919457e-004
8.084196e-004
5.001827e-004
5.001827e-004
1.116657e-003
5.123737e-003
5.123737e-003
4.815500e-003
2.966078e-003
8.084196e-004
-1.657476e-003
-3.506898e-003
-4.123372e-003
-3.506898e-003
-2.582187e-003
-2.273950e-003
-1.965713e-003
-7.327651e-004
8.084196e-004
5.001827e-004
1.424894e-003
2.657841e-003
1.424894e-003
8.084196e-004
1.424894e-003
2.657841e-003
3.582552e-003
4.507263e-003
5.123737e-003
5.431974e-003
4.815500e-003
4.199026e-003
3.274315e-003
4.199026e-003
5.123737e-003
5.740211e-003
5.123737e-003
4.507263e-003
2.349604e-003
2.041367e-003
3.582552e-003
4.507263e-003
5.431974e-003
6.356685e-003
5.740211e-003
4.199026e-003
2.041367e-003
5.001827e-004
-1.349239e-003
-1.657476e-003
-2.890424e-003
-3.506898e-003
-5.664556e-003
-8.130452e-003
-9.979873e-003
-1.090458e-002
-1.152106e-002
-1.213753e-002
-1.367872e-002
-1.460343e-002
-1.367872e-002
-1.182930e-002
-9.363400e-003
-9.363400e-003
-9.363400e-003
-7.513978e-003
-5.972793e-003
-5.972793e-003
-6.897504e-003
-6.281030e-003
-6.281030e-003
-6.281030e-003
-4.123372e-003
-2.582187e-003
-1.349239e-003
5.001827e-004
2.041367e-003
1.733130e-003
8.084196e-004
8.084196e-004
8.084196e-004
1.733130e-003
1.733130e-003
1.424894e-003
5.001827e-004
1.116657e-003
3.274315e-003
4.507263e-003
5.740211e-003
7.589632e-003
9.439054e-003
8.822580e-003
7.897869e-003
8.206106e-003
6.356685e-003
4.507263e-003
3.582552e-003
8.084196e-004
-1.162912e-004
-4.245282e-004
5.001827e-004
-4.245282e-004
-4.245282e-004
5.001827e-004
1.424894e-003
4.199026e-003
4.815500e-003
5.123737e-003
3.274315e-003
3.274315e-003
4.507263e-003
4.507263e-003
4.199026e-003
4.199026e-003
4.507263e-003
3.582552e-003
3.274315e-003
2.041367e-003
1.733130e-003
8.084196e-004
1.919457e-004
1.919457e-004
1.424894e-003
1.733130e-003
2.041367e-003
3.582552e-003
3.890789e-003
3.274315e-003
5.001827e-004
-1.349239e-003
-3.198661e-003
-4.431608e-003
-5.048082e-003
-4.123372e-003
-2.890424e-003
-1.349239e-003
-1.162912e-004
-4.245282e-004
-7.327651e-004
8.084196e-004
1.733130e-003
1.116657e-003
2.349604e-003
3.582552e-003
5.431974e-003
5.740211e-003
5.431974e-003
5.123737e-003
5.431974e-003
6.048448e-003
5.431974e-003
2.657841e-003
-1.349239e-003
-2.273950e-003
-4.123372e-003
-5.664556e-003
-7.822215e-003
-1.028811e-002
-1.121282e-002
-9.363400e-003
-8.438689e-003
-8.130452e-003
-8.130452e-003
-7.205741e-003
-6.281030e-003
-5.664556e-003
-6.281030e-003
-5.356319e-003
-4.739845e-003
-2.890424e-003
-1.349239e-003
-4.245282e-004
-1.162912e-004
-1.657476e-003
-1.657476e-003
-1.657476e-003
-1.349239e-003
-4.245282e-004
1.116657e-003
2.966078e-003
2.657841e-003
2.657841e-003
1.424894e-003
8.084196e-004
-7.327651e-004
-1.657476e-003
-2.273950e-003
-1.657476e-003
-7.327651e-004
1.919457e-004
5.001827e-004
1.733130e-003
1.733130e-003
2.966078e-003
2.966078e-003
3.274315e-003
3.582552e-003
6.048448e-003
7.897869e-003
7.589632e-003
5.123737e-003
3.274315e-003
1.116657e-003
-7.327651e-004
-1.041002e-003
-1.657476e-003
-3.506898e-003
-4.123372e-003
-2.273950e-003
-1.041002e-003
-1.349239e-003
-4.245282e-004
1.919457e-004
1.424894e-003
1.733130e-003
1.116657e-003
-1.162912e-004
-1.349239e-003
-1.041002e-003
-7.327651e-004
-7.327651e-004
1.919457e-004
1.919457e-004
-4.245282e-004
-1.162912e-004
1.919457e-004
1.919457e-004
1.919457e-004
5.001827e-004
1.919457e-004
-4.245282e-004
-7.327651e-004
-1.162912e-004
5.001827e-004
1.919457e-004
5.001827e-004
-1.162912e-004
-1.162912e-004
-1.162912e-004
8.084196e-004
1.919457e-004
8.084196e-004
8.084196e-004
8.084196e-004
5.001827e-004
1.919457e-004
-4.245282e-004
1.919457e-004
-1.162912e-004
-1.162912e-004
-7.327651e-004
1.919457e-004
-1.162912e-004
-1.162912e-004
1.919457e-004
1.919457e-004
-1.162912e-004
1.919457e-004
5.001827e-004
5.001827e-004
1.919457e-004
1.919457e-004
1.116657e-003
5.001827e-004
1.919457e-004
1.919457e-004
1.919457e-004
-4.245282e-004
1.919457e-004
5.001827e-004
5.001827e-004
1.919457e-004
5.001827e-004
-1.162912e-004
-1.162912e-004
5.001827e-004
1.919457e-004
1.919457e-004
-1.162912e-004
-1.162912e-004
-4.245282e-004
5.001827e-004
8.084196e-004
-4.245282e-004
-1.162912e-004
1.919457e-004
5.001827e-004
1.919457e-004
1.919457e-004
-1.162912e-004
-1.162912e-004
-1.162912e-004
-4.245282e-004
-1.162912e-004
-7.327651e-004
1.919457e-004
1.919457e-004
-4.245282e-004
1.919457e-004
5.001827e-004
1.919457e-004
-1.162912e-004
1.919457e-004
1.919457e-004
5.001827e-004
-1.162912e-004
-1.162912e-004
-7.327651e-004
1.919457e-004
-1.162912e-004
-7.327651e-004
1.919457e-004
-4.245282e-004
-1.162912e-004
-4.245282e-004
-4.245282e-004
-1.162912e-004
-1.162912e-004
-1.162912e-004
5.001827e-004
-1.162912e-004
-4.245282e-004
1.919457e-004
-4.245282e-004
-4.245282e-004
5.001827e-004
8.084196e-004
-1.162912e-004
-7.327651e-004
-1.162912e-004
5.001827e-004
1.919457e-004
-4.245282e-004
5.001827e-004
1.919457e-004
-1.162912e-004
1.919457e-004
-7.327651e-004
-1.162912e-004
-1.162912e-004
-1.162912e-004
-1.349239e-003
-1.657476e-003
-1.162912e-004
-1.162912e-004
-1.041002e-003
-4.245282e-004
-4.245282e-004
-1.162912e-004
-1.162912e-004
-4.245282e-004
1.919457e-004
-7.327651e-004
-1.162912e-004
-4.245282e-004
-4.245282e-004
5.001827e-004
1.919457e-004
-4.245282e-004
-7.327651e-004
1.919457e-004
1.919457e-004
1.919457e-004
1.919457e-004
-4.245282e-004
1.919457e-004
1.919457e-004
-1.162912e-004
1.919457e-004
-4.245282e-004
-4.245282e-004
-4.245282e-004
-1.162912e-004
-1.162912e-004
-1.162912e-004
-1.162912e-004
-1.162912e-004
1.919457e-004
1.919457e-004
-4.245282e-004
1.919457e-004
-7.327651e-004
-7.327651e-004
1.919457e-004
1.919457e-004
1.919457e-004
1.919457e-004
1.919457e-004
1.919457e-004
-7.327651e-004
-1.162912e-004
-1.162912e-004
5.001827e-004
1.919457e-004
-1.162912e-004
-4.245282e-004
-1.041002e-003
-7.327651e-004
-1.162912e-004
5.001827e-004
5.001827e-004
1.919457e-004
-1.041002e-003
-7.327651e-004
-4.245282e-004
-7.327651e-004
1.919457e-004
8.084196e-004
-4.245282e-004
-7.327651e-004
1.919457e-004
-1.162912e-004
-1.162912e-004
1.919457e-004
8.084196e-004
5.001827e-004
5.001827e-004
-1.162912e-004
-7.327651e-004
-7.327651e-004
-1.162912e-004
1.919457e-004
1.919457e-004
1.919457e-004
5.001827e-004
-4.245282e-004
-7.327651e-004
8.084196e-004
1.919457e-004
-1.162912e-004
-4.245282e-004
-1.162912e-004
5.001827e-004
1.919457e-004
-1.162912e-004
-1.162912e-004
1.919457e-004
-4.245282e-004
-1.162912e-004
5.001827e-004
5.001827e-004
5.001827e-004
1.919457e-004
-4.245282e-004
-4.245282e-004
5.001827e-004
5.001827e-004
-1.162912e-004
-4.245282e-004
1.919457e-004
-4.245282e-004
-4.245282e-004
-4.245282e-004
5.001827e-004
1.919457e-004
1.919457e-004
-4.245282e-004
-1.162912e-004
1.919457e-004
1.919457e-004
-1.162912e-004
1.919457e-004
1.919457e-004
5.001827e-004
1.919457e-004
-1.162912e-004
5.001827e-004
1.919457e-004
-1.162912e-004
1.919457e-004
-1.162912e-004
-7.327651e-004
-4.245282e-004
-1.162912e-004
-1.162912e-004
-1.162912e-004
5.001827e-004
1.919457e-004
-4.245282e-004
-4.245282e-004
-4.245282e-004
5.001827e-004
5.001827e-004
-1.162912e-004
-1.162912e-004
-1.162912e-004
-1.162912e-004
1.919457e-004
-7.327651e-004
5.001827e-004
5.001827e-004
5.001827e-004
1.919457e-004
-4.245282e-004
-7.327651e-004
-4.245282e-004
-1.162912e-004
8.084196e-004
5.001827e-004
-1.162912e-004
1.919457e-004
5.001827e-004
8.084196e-004
1.919457e-004
-4.245282e-004
-7.327651e-004
-4.245282e-004
5.001827e-004
-1.162912e-004
5.001827e-004
-4.245282e-004
-1.041002e-003
-4.245282e-004
-1.162912e-004
5.001827e-004
1.919457e-004
5.001827e-004
1.919457e-004
-4.245282e-004
-4.245282e-004
-1.162912e-004
1.919457e-004
1.919457e-004
-1.162912e-004
1.919457e-004
1.919457e-004
-4.245282e-004
5.001827e-004
1.919457e-004
-1.162912e-004
-1.162912e-004
1.919457e-004
1.919457e-004
-4.245282e-004
-7.327651e-004
-1.162912e-004
-1.162912e-004
1.919457e-004
5.001827e-004
-1.162912e-004
-1.162912e-004
-4.245282e-004
1.919457e-004
5.001827e-004
8.084196e-004
8.084196e-004
5.001827e-004
1.919457e-004
-1.162912e-004
-1.162912e-004
1.919457e-004
-1.162912e-004
-7.327651e-004
-4.245282e-004
-4.245282e-004
-4.245282e-004
-1.162912e-004
1.919457e-004
5.001827e-004
5.001827e-004
5.001827e-004
-4.245282e-004
-1.162912e-004
-1.162912e-004
-4.245282e-004
1.919457e-004
1.919457e-004
5.001827e-004
5.001827e-004
-4.245282e-004
-4.245282e-004
-4.245282e-004
-1.162912e-004
1.919457e-004
5.001827e-004
-4.245282e-004
-1.162912e-004
-4.245282e-004
-1.349239e-003
1.919457e-004
-4.245282e-004
1.919457e-004
5.001827e-004
1.919457e-004
-1.162912e-004
-4.245282e-004
1.919457e-004
-1.162912e-004
1.919457e-004
1.919457e-004
-1.162912e-004
-7.327651e-004
1.919457e-004
5.001827e-004
1.919457e-004
-4.245282e-004
-1.162912e-004
-1.162912e-004
5.001827e-004
1.919457e-004
-1.162912e-004
-4.245282e-004
-1.041002e-003
-4.245282e-004
-4.245282e-004
-4.245282e-004
-1.162912e-004
-1.162912e-004
1.919457e-004
-4.245282e-004
1.919457e-004
1.919457e-004
-4.245282e-004
-4.245282e-004
-1.162912e-004
-1.162912e-004
-1.162912e-004
1.919457e-004
1.919457e-004
1.919457e-004
-4.245282e-004
-1.162912e-004
-1.162912e-004
-1.162912e-004
1.919457e-004
-1.162912e-004
-1.041002e-003
-4.245282e-004
-7.327651e-004
-1.162912e-004
-7.327651e-004
8.084196e-004
-7.327651e-004
-7.327651e-004
-4.245282e-004
-4.245282e-004
-4.245282e-004
1.919457e-004
5.001827e-004
1.919457e-004
-1.162912e-004
1.919457e-004
-1.162912e-004
-4.245282e-004
1.919457e-004
-4.245282e-004
-1.162912e-004
5.001827e-004
5.001827e-004
5.001827e-004
-4.245282e-004
-1.162912e-004
-4.245282e-004
-1.162912e-004
8.084196e-004
1.919457e-004
-4.245282e-004
-7.327651e-004
-7.327651e-004
5.001827e-004
-4.245282e-004
1.919457e-004
-4.245282e-004
-1.162912e-004
1.919457e-004
1.919457e-004
-4.245282e-004
1.919457e-004
-1.162912e-004
-1.162912e-004
-4.245282e-004
-1.162912e-004
1.919457e-004
-1.162912e-004
1.919457e-004
-1.162912e-004
1.919457e-004
1.919457e-004
-1.162912e-004
-4.245282e-004
-1.162912e-004
-1.162912e-004
-1.162912e-004
-1.162912e-004
-1.162912e-004
-7.327651e-004
5.001827e-004
-4.245282e-004
-4.245282e-004
-7.327651e-004
-1.162912e-004
1.919457e-004
5.001827e-004
1.919457e-004
1.919457e-004
1.919457e-004
-1.162912e-004
1.919457e-004
1.919457e-004
-7.327651e-004
-4.245282e-004
-1.162912e-004
-1.162912e-004
1.919457e-004
1.919457e-004
-4.245282e-004
-1.162912e-004
-1.162912e-004
-1.162912e-004
-4.245282e-004
1.919457e-004
1.919457e-004
-4.245282e-004
5.001827e-004
1.919457e-004
1.919457e-004
1.919457e-004
-1.162912e-004
1.919457e-004
5.001827e-004
8.084196e-004
-1.162912e-004
1.919457e-004
-1.162912e-004
-7.327651e-004
-1.162912e-004
5.001827e-004
1.919457e-004
5.001827e-004
5.001827e-004
1.919457e-004
1.919457e-004
-4.245282e-004
1.919457e-004
-4.245282e-004
-1.162912e-004
-4.245282e-004
-1.162912e-004
-4.245282e-004
-4.245282e-004
1.919457e-004
1.919457e-004
-1.162912e-004
-7.327651e-004
-1.162912e-004
1.919457e-004
-1.162912e-004
1.919457e-004
1.919457e-004
-1.162912e-004
-7.327651e-004
-4.245282e-004
-1.162912e-004
-1.162912e-004
-1.162912e-004
1.919457e-004
1.919457e-004
-1.162912e-004
1.919457e-004
-4.245282e-004
-4.245282e-004
-4.245282e-004
-1.162912e-004
1.919457e-004
-1.162912e-004
-4.245282e-004
-4.245282e-004
-4.245282e-004
-1.162912e-004
-1.162912e-004
-1.162912e-004
-1.162912e-004
5.001827e-004
-4.245282e-004
-1.162912e-004
1.919457e-004
1.919457e-004
5.001827e-004
