0.0011	0.454693	0.010
0.0047	0.470985	0.020
0.0109	0.487278	0.030
0.0200	0.503570	0.040
0.0323	0.519863	0.050
0.0480	0.536155	0.060
0.0673	0.552448	0.070
0.0904	0.568740	0.080
0.1178	0.585033	0.090
0.1494	0.601325	0.100
0.1857	0.617618	0.110
0.2268	0.633910	0.120
0.2731	0.650203	0.130
0.3246	0.666495	0.140
0.3817	0.682788	0.150
0.4358	0.685000	0.160
0.4919	0.685000	0.170
0.5515	0.685000	0.180
0.6145	0.685000	0.190
0.6809	0.685000	0.200
0.7507	0.685000	0.210
0.8238	0.685000	0.220
0.9004	0.685000	0.230
0.9804	0.685000	0.240
1.0638	0.685000	0.250
1.1507	0.685000	0.260
1.2409	0.685000	0.270
1.3345	0.685000	0.280
1.4315	0.685000	0.290
1.5319	0.685000	0.300
1.6358	0.685000	0.310
1.7430	0.685000	0.320
1.8536	0.685000	0.330
1.9677	0.685000	0.340
2.0851	0.685000	0.350
2.2060	0.685000	0.360
2.3303	0.685000	0.370
2.4579	0.685000	0.380
2.5890	0.685000	0.390
2.7235	0.685000	0.400
2.8613	0.685000	0.410
3.0026	0.685000	0.420
3.1473	0.685000	0.430
3.2954	0.685000	0.440
3.4469	0.685000	0.450
3.6018	0.685000	0.460
3.7601	0.685000	0.470
3.9218	0.685000	0.480
4.0869	0.685000	0.490
4.2554	0.685000	0.500
4.4273	0.685000	0.510
4.6026	0.685000	0.520
4.7814	0.685000	0.530
4.9635	0.685000	0.540
5.1490	0.685000	0.550
5.3380	0.685000	0.560
5.5303	0.685000	0.570
5.7261	0.685000	0.580
5.9252	0.685000	0.590
6.1278	0.685000	0.600
6.3337	0.685000	0.610
6.5431	0.685000	0.620
6.7559	0.685000	0.630
6.9720	0.685000	0.640
7.1916	0.685000	0.650
7.4146	0.685000	0.660
7.6410	0.685000	0.670
7.8708	0.685000	0.680
8.1040	0.685000	0.690
8.3406	0.685000	0.700
8.5806	0.685000	0.710
8.8240	0.685000	0.720
9.0708	0.685000	0.730
9.3210	0.685000	0.740
9.5746	0.685000	0.750
9.7901	0.682105	0.760
9.9189	0.673247	0.770
10.0478	0.664615	0.780
10.1766	0.656203	0.790
10.3054	0.648000	0.800
10.4342	0.640000	0.810
10.5630	0.632195	0.820
10.6918	0.624578	0.830
10.8207	0.617143	0.840
10.9495	0.609882	0.850
11.0783	0.602791	0.860
11.2071	0.595862	0.870
11.3359	0.589091	0.880
11.4647	0.582472	0.890
11.5936	0.576000	0.900
11.7224	0.569670	0.910
11.8512	0.563478	0.920
11.9800	0.557419	0.930
12.1088	0.551489	0.940
12.2376	0.545684	0.950
12.3665	0.540000	0.960
12.4953	0.534433	0.970
12.6241	0.528980	0.980
12.7529	0.523636	0.990
12.8817	0.518400	1.000
13.0105	0.513267	1.010
13.1394	0.508235	1.020
13.2682	0.503301	1.030
13.3970	0.498462	1.040
13.5258	0.493714	1.050
13.6546	0.489057	1.060
13.7835	0.484486	1.070
13.9123	0.480000	1.080
14.0411	0.475596	1.090
14.1699	0.471273	1.100
14.2987	0.467027	1.110
14.4275	0.462857	1.120
14.5564	0.458761	1.130
14.6852	0.454737	1.140
14.8140	0.450783	1.150
14.9428	0.446897	1.160
15.0716	0.443077	1.170
15.2004	0.439322	1.180
15.3293	0.435630	1.190
15.4581	0.432000	1.200
15.5869	0.428430	1.210
15.7157	0.424918	1.220
15.8445	0.421463	1.230
15.9733	0.418065	1.240
16.1022	0.414720	1.250
16.2310	0.411429	1.260
16.3598	0.408189	1.270
16.4886	0.405000	1.280
16.6174	0.401860	1.290
16.7463	0.398769	1.300
16.8751	0.395725	1.310
17.0039	0.392727	1.320
17.1327	0.389774	1.330
17.2615	0.386866	1.340
17.3903	0.384000	1.350
17.5192	0.381176	1.360
17.6480	0.378394	1.370
17.7768	0.375652	1.380
17.9056	0.372950	1.390
18.0344	0.370286	1.400
18.1632	0.367660	1.410
18.2921	0.365070	1.420
18.4209	0.362517	1.430
18.5497	0.360000	1.440
18.6785	0.357517	1.450
18.8073	0.355068	1.460
18.9361	0.352653	1.470
19.0650	0.350270	1.480
19.1938	0.347919	1.490
19.3226	0.345600	1.500
19.4514	0.343311	1.510
19.5802	0.341053	1.520
19.7091	0.338824	1.530
19.8379	0.336623	1.540
19.9667	0.334452	1.550
20.0955	0.332308	1.560
20.2243	0.330191	1.570
20.3531	0.328101	1.580
20.4820	0.326038	1.590
20.6108	0.324000	1.600
20.7396	0.321988	1.610
20.8684	0.320000	1.620
20.9972	0.318037	1.630
21.1260	0.316098	1.640
21.2549	0.314182	1.650
21.3837	0.312289	1.660
21.5125	0.310419	1.670
21.6413	0.308571	1.680
21.7701	0.306746	1.690
21.8989	0.304941	1.700
22.0278	0.303158	1.710
22.1566	0.301395	1.720
22.2854	0.299653	1.730
22.4142	0.297931	1.740
22.5430	0.296229	1.750
22.6718	0.294545	1.760
22.8007	0.292881	1.770
22.9295	0.291236	1.780
23.0583	0.289609	1.790
23.1871	0.288000	1.800
23.3159	0.286409	1.810
23.4448	0.284835	1.820
23.5736	0.283279	1.830
23.7024	0.281739	1.840
23.8312	0.280216	1.850
23.9600	0.278710	1.860
24.0888	0.277219	1.870
24.2177	0.275745	1.880
24.3465	0.274286	1.890
24.5792	0.274000	1.900
24.8386	0.274000	1.910
25.0993	0.274000	1.920
25.3615	0.274000	1.930
25.6250	0.274000	1.940
25.8898	0.274000	1.950
26.1560	0.274000	1.960
26.4236	0.274000	1.970
26.6926	0.274000	1.980
26.9629	0.274000	1.990
27.2345	0.274000	2.000
27.5076	0.274000	2.010
27.7819	0.274000	2.020
28.0577	0.274000	2.030
28.3348	0.274000	2.040
28.6133	0.274000	2.050
28.8931	0.274000	2.060
29.1743	0.274000	2.070
29.4569	0.274000	2.080
29.7408	0.274000	2.090
30.0261	0.274000	2.100
30.3127	0.274000	2.110
30.6007	0.274000	2.120
30.8901	0.274000	2.130
31.1808	0.274000	2.140
31.4729	0.274000	2.150
31.7664	0.274000	2.160
32.0612	0.274000	2.170
32.3573	0.274000	2.180
32.6549	0.274000	2.190
32.9538	0.274000	2.200
33.2540	0.274000	2.210
33.5557	0.274000	2.220
33.8586	0.274000	2.230
34.1630	0.274000	2.240
34.4687	0.274000	2.250
34.7758	0.274000	2.260
35.0842	0.274000	2.270
35.3940	0.274000	2.280
35.7051	0.274000	2.290
36.0177	0.274000	2.300
36.3315	0.274000	2.310
36.6468	0.274000	2.320
36.9634	0.274000	2.330
37.2813	0.274000	2.340
37.6007	0.274000	2.350
37.9214	0.274000	2.360
38.2434	0.274000	2.370
38.5668	0.274000	2.380
38.8916	0.274000	2.390
39.2177	0.274000	2.400
39.5452	0.274000	2.410
39.8741	0.274000	2.420
40.2043	0.274000	2.430
40.5359	0.274000	2.440
40.8688	0.274000	2.450
41.2031	0.274000	2.460
41.5388	0.274000	2.470
41.8758	0.274000	2.480
42.2142	0.274000	2.490
42.5539	0.274000	2.500
42.8951	0.274000	2.510
43.2375	0.274000	2.520
43.5814	0.274000	2.530
43.9266	0.274000	2.540
44.2731	0.274000	2.550
44.6210	0.274000	2.560
44.9703	0.274000	2.570
45.3210	0.274000	2.580
45.6730	0.274000	2.590
46.0263	0.274000	2.600
46.3811	0.274000	2.610
46.7372	0.274000	2.620
47.0946	0.274000	2.630
47.4534	0.274000	2.640
47.8136	0.274000	2.650
48.1752	0.274000	2.660
48.5381	0.274000	2.670
48.9023	0.274000	2.680
49.2679	0.274000	2.690
49.6349	0.274000	2.700
50.0033	0.274000	2.710
50.3730	0.274000	2.720
50.7441	0.274000	2.730
51.1165	0.274000	2.740
51.4903	0.274000	2.750
51.8654	0.274000	2.760
52.2419	0.274000	2.770
52.6198	0.274000	2.780
52.9991	0.274000	2.790
53.3797	0.274000	2.800
53.7616	0.274000	2.810
54.1450	0.274000	2.820
54.5296	0.274000	2.830
54.9157	0.274000	2.840
55.3031	0.274000	2.850
55.6919	0.274000	2.860
56.0820	0.274000	2.870
56.4735	0.274000	2.880
56.8664	0.274000	2.890
57.2606	0.274000	2.900
57.6562	0.274000	2.910
58.0531	0.274000	2.920
58.4514	0.274000	2.930
58.8511	0.274000	2.940
59.2521	0.274000	2.950
59.6545	0.274000	2.960
60.0583	0.274000	2.970
60.4634	0.274000	2.980
60.8698	0.274000	2.990
61.2777	0.274000	3.000
