0.0003	0.109521	0.010
0.0011	0.112374	0.020
0.0026	0.115228	0.030
0.0047	0.118082	0.040
0.0075	0.120936	0.050
0.0111	0.123790	0.060
0.0154	0.126644	0.070
0.0206	0.129498	0.080
0.0266	0.132352	0.090
0.0336	0.135205	0.100
0.0415	0.138059	0.110
0.0504	0.140913	0.120
0.0604	0.143767	0.130
0.0714	0.146621	0.140
0.0833	0.148976	0.150
0.0948	0.148976	0.160
0.1070	0.148976	0.170
0.1199	0.148976	0.180
0.1336	0.148976	0.190
0.1481	0.148976	0.200
0.1633	0.148976	0.210
0.1792	0.148976	0.220
0.1958	0.148976	0.230
0.2132	0.148976	0.240
0.2314	0.148976	0.250
0.2502	0.148976	0.260
0.2699	0.148976	0.270
0.2902	0.148976	0.280
0.3113	0.148976	0.290
0.3332	0.148976	0.300
0.3558	0.148976	0.310
0.3791	0.148976	0.320
0.4031	0.148976	0.330
0.4279	0.148976	0.340
0.4535	0.148976	0.350
0.4798	0.148976	0.360
0.5068	0.148976	0.370
0.5346	0.148976	0.380
0.5631	0.148976	0.390
0.5923	0.148976	0.400
0.6223	0.148976	0.410
0.6530	0.148976	0.420
0.6845	0.148976	0.430
0.7167	0.148976	0.440
0.7496	0.148976	0.450
0.7833	0.148976	0.460
0.8178	0.148976	0.470
0.8529	0.148976	0.480
0.8888	0.148976	0.490
0.9255	0.148976	0.500
0.9629	0.148976	0.510
1.0010	0.148976	0.520
1.0399	0.148976	0.530
1.0795	0.148976	0.540
1.1198	0.148976	0.550
1.1609	0.148976	0.560
1.2027	0.148976	0.570
1.2453	0.148976	0.580
1.2886	0.148976	0.590
1.3327	0.148976	0.600
1.3775	0.148976	0.610
1.4230	0.148976	0.620
1.4693	0.148976	0.630
1.5163	0.148976	0.640
1.5641	0.148976	0.650
1.6125	0.148976	0.660
1.6618	0.148976	0.670
1.7118	0.148976	0.680
1.7625	0.148976	0.690
1.8139	0.148976	0.700
1.8661	0.148976	0.710
1.9191	0.148976	0.720
1.9727	0.148976	0.730
2.0272	0.148976	0.740
2.0580	0.147239	0.750
2.0855	0.145302	0.760
2.1129	0.143415	0.770
2.1404	0.141576	0.780
2.1678	0.139784	0.790
2.1953	0.138037	0.800
2.2227	0.136333	0.810
2.2501	0.134670	0.820
2.2776	0.133048	0.830
2.3050	0.131464	0.840
2.3325	0.129917	0.850
2.3599	0.128406	0.860
2.3873	0.126930	0.870
2.4148	0.125488	0.880
2.4422	0.124078	0.890
2.4697	0.122699	0.900
2.4971	0.121351	0.910
2.5245	0.120032	0.920
2.5520	0.118741	0.930
2.5794	0.117478	0.940
2.6069	0.116242	0.950
2.6343	0.115031	0.960
2.6617	0.113845	0.970
2.6892	0.112683	0.980
2.7166	0.111545	0.990
2.7441	0.110429	1.000
2.7715	0.109336	1.010
2.7989	0.108264	1.020
2.8264	0.107213	1.030
2.8538	0.106182	1.040
2.8813	0.105171	1.050
2.9087	0.104179	1.060
2.9361	0.103205	1.070
2.9636	0.102249	1.080
2.9910	0.101311	1.090
3.0185	0.100390	1.100
3.0459	0.099486	1.110
3.0734	0.098598	1.120
3.1008	0.097725	1.130
3.1282	0.096868	1.140
3.1557	0.096026	1.150
3.1831	0.095198	1.160
3.2106	0.094384	1.170
3.2380	0.093584	1.180
3.2654	0.092798	1.190
3.2929	0.092025	1.200
3.3203	0.091264	1.210
3.3478	0.090516	1.220
3.3752	0.089780	1.230
3.4026	0.089056	1.240
3.4301	0.088344	1.250
3.4575	0.087642	1.260
3.4850	0.086952	1.270
3.5124	0.086273	1.280
3.5398	0.085604	1.290
3.5673	0.084946	1.300
3.5947	0.084297	1.310
3.6222	0.083659	1.320
3.6496	0.083030	1.330
3.6770	0.082410	1.340
3.7045	0.081800	1.350
3.7319	0.081198	1.360
3.7594	0.080605	1.370
3.7868	0.080021	1.380
3.8142	0.079446	1.390
3.8417	0.078878	1.400
3.8691	0.078319	1.410
3.8966	0.077767	1.420
3.9240	0.077223	1.430
3.9515	0.076687	1.440
3.9789	0.076158	1.450
4.0063	0.075637	1.460
4.0338	0.075122	1.470
4.0612	0.074614	1.480
4.0887	0.074114	1.490
4.1161	0.073620	1.500
4.1435	0.073132	1.510
4.1710	0.072651	1.520
4.1984	0.072176	1.530
4.2259	0.071707	1.540
4.2533	0.071245	1.550
4.2807	0.070788	1.560
4.3082	0.070337	1.570
4.3356	0.069892	1.580
4.3631	0.069452	1.590
4.3905	0.069018	1.600
4.4179	0.068590	1.610
4.4454	0.068166	1.620
4.4728	0.067748	1.630
4.5003	0.067335	1.640
4.5277	0.066927	1.650
4.5551	0.066524	1.660
4.5826	0.066125	1.670
4.6100	0.065732	1.680
4.6375	0.065343	1.690
4.6649	0.064958	1.700
4.6923	0.064579	1.710
4.7198	0.064203	1.720
4.7472	0.063832	1.730
4.7747	0.063465	1.740
4.8021	0.063103	1.750
4.8296	0.062744	1.760
4.8570	0.062390	1.770
4.8844	0.062039	1.780
4.9119	0.061692	1.790
4.9393	0.061350	1.800
4.9668	0.061011	1.810
4.9942	0.060676	1.820
5.0216	0.060344	1.830
5.0491	0.060016	1.840
5.0765	0.059692	1.850
5.1228	0.059590	1.860
5.1781	0.059590	1.870
5.2336	0.059590	1.880
5.2894	0.059590	1.890
5.3455	0.059590	1.900
5.4020	0.059590	1.910
5.4587	0.059590	1.920
5.5157	0.059590	1.930
5.5730	0.059590	1.940
5.6306	0.059590	1.950
5.6885	0.059590	1.960
5.7467	0.059590	1.970
5.8052	0.059590	1.980
5.8640	0.059590	1.990
5.9230	0.059590	2.000
5.9824	0.059590	2.010
6.0421	0.059590	2.020
6.1021	0.059590	2.030
6.1623	0.059590	2.040
6.2229	0.059590	2.050
6.2838	0.059590	2.060
6.3449	0.059590	2.070
6.4064	0.059590	2.080
6.4681	0.059590	2.090
6.5302	0.059590	2.100
6.5925	0.059590	2.110
6.6551	0.059590	2.120
6.7181	0.059590	2.130
6.7813	0.059590	2.140
6.8448	0.059590	2.150
6.9086	0.059590	2.160
6.9728	0.059590	2.170
7.0372	0.059590	2.180
7.1019	0.059590	2.190
7.1669	0.059590	2.200
7.2322	0.059590	2.210
7.2978	0.059590	2.220
7.3637	0.059590	2.230
7.4299	0.059590	2.240
7.4964	0.059590	2.250
7.5631	0.059590	2.260
7.6302	0.059590	2.270
7.6976	0.059590	2.280
7.7653	0.059590	2.290
7.8332	0.059590	2.300
7.9015	0.059590	2.310
7.9700	0.059590	2.320
8.0389	0.059590	2.330
8.1081	0.059590	2.340
8.1775	0.059590	2.350
8.2472	0.059590	2.360
8.3173	0.059590	2.370
8.3876	0.059590	2.380
8.4583	0.059590	2.390
8.5292	0.059590	2.400
8.6004	0.059590	2.410
8.6719	0.059590	2.420
8.7437	0.059590	2.430
8.8159	0.059590	2.440
8.8883	0.059590	2.450
8.9610	0.059590	2.460
9.0340	0.059590	2.470
9.1073	0.059590	2.480
9.1809	0.059590	2.490
9.2548	0.059590	2.500
9.3289	0.059590	2.510
9.4034	0.059590	2.520
9.4782	0.059590	2.530
9.5533	0.059590	2.540
9.6286	0.059590	2.550
9.7043	0.059590	2.560
9.7803	0.059590	2.570
9.8565	0.059590	2.580
9.9331	0.059590	2.590
10.0099	0.059590	2.600
10.0871	0.059590	2.610
10.1645	0.059590	2.620
10.2423	0.059590	2.630
10.3203	0.059590	2.640
10.3986	0.059590	2.650
10.4773	0.059590	2.660
10.5562	0.059590	2.670
10.6354	0.059590	2.680
10.7149	0.059590	2.690
10.7947	0.059590	2.700
10.8749	0.059590	2.710
10.9553	0.059590	2.720
11.0360	0.059590	2.730
11.1170	0.059590	2.740
11.1983	0.059590	2.750
11.2798	0.059590	2.760
11.3617	0.059590	2.770
11.4439	0.059590	2.780
11.5264	0.059590	2.790
11.6092	0.059590	2.800
11.6922	0.059590	2.810
11.7756	0.059590	2.820
11.8593	0.059590	2.830
11.9432	0.059590	2.840
12.0275	0.059590	2.850
12.1120	0.059590	2.860
12.1969	0.059590	2.870
12.2820	0.059590	2.880
12.3675	0.059590	2.890
12.4532	0.059590	2.900
12.5392	0.059590	2.910
12.6256	0.059590	2.920
12.7122	0.059590	2.930
12.7991	0.059590	2.940
12.8863	0.059590	2.950
12.9738	0.059590	2.960
13.0616	0.059590	2.970
13.1497	0.059590	2.980
13.2382	0.059590	2.990
13.3268	0.059590	3.000
