0.0013	0.513815	0.010
0.0053	0.534153	0.020
0.0119	0.532721	0.030
0.0214	0.538123	0.040
0.0347	0.563388	0.050
0.0522	0.593141	0.060
0.0757	0.626770	0.070
0.1021	0.655447	0.080
0.1334	0.673535	0.090
0.1650	0.677997	0.100
0.1960	0.666387	0.110
0.2346	0.670084	0.120
0.2765	0.673467	0.130
0.3216	0.676322	0.140
0.3687	0.673883	0.150
0.4147	0.667589	0.160
0.4596	0.657416	0.170
0.5204	0.653943	0.180
0.6311	0.713114	0.190
0.7495	0.765716	0.200
0.8754	0.812472	0.210
1.0065	0.852167	0.220
1.1420	0.885880	0.230
1.2843	0.916169	0.240
1.4355	0.944722	0.250
1.5960	0.971980	0.260
1.7661	0.998075	0.270
1.9457	1.023124	0.280
2.1344	1.047071	0.290
2.3302	1.068954	0.300
2.5296	1.086993	0.310
2.7275	1.100433	0.320
2.9253	1.110450	0.330
3.1266	1.118850	0.340
3.3354	1.126430	0.350
3.5472	1.132877	0.360
3.7594	1.137677	0.370
3.9701	1.139940	0.380
4.1801	1.139619	0.390
4.3879	1.136649	0.400
4.5884	1.130932	0.410
4.7853	1.123357	0.420
4.9766	1.114345	0.430
5.1669	1.104132	0.440
5.3606	1.094327	0.450
5.5603	1.085643	0.460
5.7680	1.077852	0.470
5.9824	1.071411	0.480
6.1982	1.064836	0.490
6.4147	1.058026	0.500
6.6220	1.050169	0.510
6.8198	1.040712	0.520
7.0031	1.029958	0.530
7.1755	1.017220	0.540
7.3339	1.002879	0.550
7.4824	0.987552	0.560
7.6249	0.971849	0.570
7.7607	0.955685	0.580
7.8915	0.939366	0.590
8.0190	0.923232	0.600
8.1445	0.907435	0.610
8.2694	0.892043	0.620
8.3950	0.877064	0.630
8.5224	0.862566	0.640
8.6528	0.848882	0.650
8.7874	0.836108	0.660
8.9291	0.824121	0.670
9.0761	0.812964	0.680
9.2288	0.802905	0.690
9.3885	0.793563	0.700
9.5568	0.785037	0.710
9.7311	0.777377	0.720
9.9129	0.770286	0.730
10.1033	0.764054	0.740
10.2994	0.758262	0.750
10.5034	0.753122	0.760
10.7142	0.748324	0.770
10.9296	0.744023	0.780
11.1520	0.739953	0.790
11.3789	0.736233	0.800
11.6089	0.732685	0.810
11.8445	0.729327	0.820
12.0828	0.726152	0.830
12.3231	0.723011	0.840
12.5678	0.720120	0.850
12.8153	0.717238	0.860
13.0648	0.714534	0.870
13.3192	0.711976	0.880
13.5775	0.709518	0.890
13.8390	0.707349	0.900
14.1068	0.705322	0.910
14.3795	0.703458	0.920
14.6562	0.701857	0.930
14.9397	0.700347	0.940
15.2282	0.699066	0.950
15.5205	0.697896	0.960
15.8180	0.696785	0.970
16.1199	0.695838	0.980
16.4240	0.694852	0.990
16.7297	0.693871	1.000
17.0379	0.692870	1.010
17.3463	0.691713	1.020
17.6536	0.690466	1.030
17.9589	0.689066	1.040
18.2607	0.687434	1.050
18.5584	0.685577	1.060
18.8525	0.683564	1.070
19.1405	0.681303	1.080
19.4226	0.678825	1.090
19.6989	0.676153	1.100
19.9694	0.673285	1.110
20.2347	0.670309	1.120
20.4964	0.667165	1.130
20.7531	0.663955	1.140
21.0055	0.660727	1.150
21.2539	0.657351	1.160
21.4994	0.653948	1.170
21.7438	0.650325	1.180
21.9853	0.646725	1.190
22.2239	0.642975	1.200
22.4597	0.639235	1.210
22.6949	0.635545	1.220
22.9275	0.631897	1.230
23.1567	0.628193	1.240
23.3822	0.624393	1.250
23.6058	0.620583	1.260
23.8261	0.616639	1.270
24.0416	0.612714	1.280
24.2522	0.608704	1.290
24.4610	0.604621	1.300
24.6647	0.600556	1.310
24.8628	0.596407	1.320
25.0570	0.592202	1.330
25.2474	0.588002	1.340
25.4316	0.583731	1.350
25.6106	0.579418	1.360
25.7861	0.575103	1.370
25.9547	0.570712	1.380
26.1179	0.566298	1.390
26.2767	0.561850	1.400
26.4278	0.557314	1.410
26.5743	0.552793	1.420
26.7143	0.548165	1.430
26.8463	0.543535	1.440
26.9748	0.538813	1.450
27.0947	0.534080	1.460
27.2094	0.529279	1.470
27.3182	0.524462	1.480
27.4194	0.519608	1.490
27.5182	0.514735	1.500
27.6099	0.509841	1.510
27.6972	0.504946	1.520
27.7808	0.500020	1.530
27.8587	0.495141	1.540
27.9356	0.490234	1.550
28.0072	0.485376	1.560
28.0784	0.480548	1.570
28.1465	0.475726	1.580
28.2139	0.471000	1.590
28.4256	0.466311	1.600
28.7078	0.461659	1.610
28.9935	0.457118	1.620
29.2827	0.455741	1.630
29.5757	0.454566	1.640
29.8733	0.453443	1.650
30.1754	0.452395	1.660
30.4812	0.451421	1.670
30.7901	0.450516	1.680
31.1023	0.449682	1.690
31.4183	0.448886	1.700
31.7363	0.448143	1.710
32.0568	0.447433	1.720
32.3798	0.446768	1.730
32.7038	0.446169	1.740
33.0301	0.445610	1.750
33.3565	0.445038	1.760
33.6844	0.444470	1.770
34.0126	0.443900	1.780
34.3411	0.443311	1.790
34.6705	0.442717	1.800
34.9992	0.442120	1.810
35.3297	0.441505	1.820
35.6594	0.440867	1.830
35.9898	0.440221	1.840
36.3206	0.439547	1.850
36.6511	0.438840	1.860
36.9832	0.438100	1.870
37.3147	0.437336	1.880
37.6478	0.436554	1.890
37.9809	0.435757	1.900
38.3151	0.434950	1.910
38.6502	0.434128	1.920
38.9863	0.433297	1.930
39.3243	0.432462	1.940
39.6638	0.431642	1.950
40.0055	0.430815	1.960
40.3498	0.429983	1.970
40.6960	0.429164	1.980
41.0463	0.428361	1.990
41.3991	0.427563	2.000
41.7547	0.426784	2.010
42.1149	0.426014	2.020
42.4784	0.425253	2.030
42.8451	0.424515	2.040
43.2160	0.423782	2.050
43.5903	0.423079	2.060
43.9673	0.422535	2.070
44.3485	0.424196	2.080
44.7318	0.425714	2.090
45.1181	0.427111	2.100
45.6575	0.428380	2.110
46.2157	0.429528	2.120
46.7670	0.430563	2.130
47.3084	0.431485	2.140
47.8427	0.432302	2.150
48.3679	0.433019	2.160
48.8846	0.433625	2.170
49.3940	0.434137	2.180
49.8939	0.434545	2.190
50.3867	0.434865	2.200
50.8711	0.435076	2.210
51.3462	0.435210	2.220
51.8149	0.435245	2.230
52.2742	0.435206	2.240
52.7249	0.435063	2.250
53.1680	0.434853	2.260
53.6009	0.434563	2.270
54.0268	0.434199	2.280
54.4425	0.433779	2.290
54.8497	0.433292	2.300
55.2476	0.432748	2.310
55.6360	0.432140	2.320
56.0157	0.431463	2.330
56.3851	0.430733	2.340
56.7463	0.429929	2.350
57.0968	0.429078	2.360
57.4394	0.428148	2.370
57.7712	0.427162	2.380
58.0955	0.426109	2.390
58.4090	0.424985	2.400
58.7155	0.423803	2.410
59.0112	0.422548	2.420
59.3007	0.421229	2.430
59.5801	0.419857	2.440
59.8527	0.418418	2.450
60.1166	0.416917	2.460
60.3730	0.415370	2.470
60.6225	0.413760	2.480
60.8636	0.412091	2.490
61.0998	0.410386	2.500
61.3288	0.408627	2.510
61.5508	0.406822	2.520
61.8284	0.404986	2.530
62.2172	0.403743	2.540
62.6085	0.403221	2.550
62.9996	0.402690	2.560
63.3921	0.402171	2.570
63.7860	0.401642	2.580
64.1798	0.401127	2.590
64.5763	0.400600	2.600
64.9731	0.400088	2.610
65.3706	0.399566	2.620
65.7705	0.399049	2.630
66.1703	0.398533	2.640
66.5723	0.398007	2.650
66.9755	0.397494	2.660
67.3789	0.396975	2.670
67.7856	0.396446	2.680
68.1927	0.395928	2.690
68.6007	0.395407	2.700
69.0116	0.394878	2.710
69.4230	0.394355	2.720
69.8360	0.393834	2.730
70.2515	0.393305	2.740
70.6678	0.392786	2.750
71.0857	0.392266	2.760
71.5064	0.391741	2.770
71.9279	0.391231	2.780
72.3510	0.390714	2.790
72.7771	0.390201	2.800
73.2042	0.389693	2.810
73.6327	0.389179	2.820
74.0645	0.388677	2.830
74.4975	0.388172	2.840
74.9319	0.387669	2.850
75.3694	0.387175	2.860
75.8086	0.386676	2.870
76.2492	0.386192	2.880
76.6924	0.385702	2.890
77.1380	0.385223	2.900
77.5852	0.384744	2.910
78.0340	0.384267	2.920
78.4864	0.383798	2.930
78.9402	0.383324	2.940
79.3956	0.382866	2.950
79.8540	0.382402	2.960
80.3146	0.381953	2.970
80.7766	0.381502	2.980
81.2410	0.381064	2.990
81.7082	0.380630	3.000
