0.0013	0.513944	0.010
0.0052	0.529341	0.020
0.0118	0.530508	0.030
0.0213	0.538054	0.040
0.0344	0.561659	0.050
0.0517	0.587927	0.060
0.0735	0.614850	0.070
0.0988	0.638226	0.080
0.1273	0.652591	0.090
0.1575	0.654702	0.100
0.1883	0.651851	0.110
0.2244	0.649058	0.120
0.2629	0.651351	0.130
0.3039	0.648433	0.140
0.3472	0.645879	0.150
0.3906	0.639263	0.160
0.4342	0.630542	0.170
0.5022	0.634717	0.180
0.5989	0.681129	0.190
0.7036	0.725047	0.200
0.8152	0.764306	0.210
0.9327	0.798912	0.220
1.0558	0.829516	0.230
1.1847	0.856878	0.240
1.3201	0.881589	0.250
1.4622	0.904121	0.260
1.6112	0.924891	0.270
1.7668	0.944266	0.280
1.9282	0.961474	0.290
2.0942	0.976386	0.300
2.2633	0.988999	0.310
2.4365	0.999772	0.320
2.6115	1.008385	0.330
2.7881	1.015210	0.340
2.9660	1.020503	0.350
3.1443	1.024233	0.360
3.3225	1.026136	0.370
3.5021	1.025918	0.380
3.6799	1.023507	0.390
3.8553	1.019136	0.400
4.0294	1.013169	0.410
4.2033	1.005960	0.420
4.3747	0.998252	0.430
4.5488	0.990368	0.440
4.7232	0.982041	0.450
4.9019	0.973532	0.460
5.0820	0.965880	0.470
5.2674	0.958149	0.480
5.4531	0.951207	0.490
5.6404	0.944072	0.500
5.8252	0.937177	0.510
6.0071	0.930022	0.520
6.1825	0.922642	0.530
6.3538	0.914563	0.540
6.5196	0.905744	0.550
6.6795	0.896196	0.560
6.8345	0.886078	0.570
6.9857	0.875630	0.580
7.1337	0.865003	0.590
7.2794	0.854200	0.600
7.4238	0.843232	0.610
7.5677	0.832286	0.620
7.7119	0.821818	0.630
7.8572	0.811582	0.640
8.0043	0.801600	0.650
8.1539	0.792191	0.660
8.3080	0.783124	0.670
8.4653	0.774457	0.680
8.6259	0.766344	0.690
8.7898	0.758550	0.700
8.9598	0.751464	0.710
9.1337	0.744731	0.720
9.3112	0.738494	0.730
9.4939	0.732743	0.740
9.6816	0.727272	0.750
9.8727	0.722333	0.760
10.0680	0.717636	0.770
10.2685	0.713250	0.780
10.4721	0.709176	0.790
10.6785	0.705230	0.800
10.8905	0.701606	0.810
11.1049	0.698000	0.820
11.3216	0.694685	0.830
11.5426	0.691347	0.840
11.7665	0.688279	0.850
11.9926	0.685199	0.860
12.2217	0.682347	0.870
12.4547	0.679552	0.880
12.6895	0.676877	0.890
12.9266	0.674355	0.900
13.1683	0.671861	0.910
13.4116	0.669561	0.920
13.6566	0.667325	0.930
13.9058	0.665150	0.940
14.1568	0.663128	0.950
14.4088	0.661162	0.960
14.6631	0.659188	0.970
14.9196	0.657304	0.980
15.1765	0.655400	0.990
15.4335	0.653429	1.000
15.6914	0.651523	1.010
15.9499	0.649519	1.020
16.2076	0.647423	1.030
16.4643	0.645318	1.040
16.7192	0.643057	1.050
16.9735	0.640728	1.060
17.2256	0.638302	1.070
17.4747	0.635716	1.080
17.7208	0.633106	1.090
17.9651	0.630367	1.100
18.2074	0.627495	1.110
18.4467	0.624619	1.120
18.6825	0.621640	1.130
18.9156	0.618592	1.140
19.1473	0.615503	1.150
19.3756	0.612425	1.160
19.6005	0.609270	1.170
19.8232	0.606035	1.180
20.0443	0.602825	1.190
20.2621	0.599656	1.200
20.4765	0.596512	1.210
20.6897	0.593243	1.220
20.9004	0.589966	1.230
21.1075	0.586529	1.240
21.3115	0.583023	1.250
21.5145	0.579478	1.260
21.7137	0.575800	1.270
21.9087	0.572159	1.280
22.1026	0.568535	1.290
22.2927	0.564969	1.300
22.4782	0.561329	1.310
22.6622	0.557680	1.320
22.8422	0.553912	1.330
23.0173	0.550184	1.340
23.1912	0.546344	1.350
23.3602	0.542514	1.360
23.5248	0.538612	1.370
23.6874	0.534737	1.380
23.8442	0.530791	1.390
23.9988	0.526883	1.400
24.1486	0.522912	1.410
24.2943	0.518964	1.420
24.4372	0.514977	1.430
24.5743	0.511001	1.440
24.7101	0.507008	1.450
24.8394	0.503016	1.460
24.9678	0.499025	1.470
25.0900	0.495030	1.480
25.2110	0.491043	1.490
25.3267	0.487062	1.500
25.4411	0.483080	1.510
25.5510	0.479127	1.520
25.6598	0.475149	1.530
25.7649	0.471240	1.540
25.8689	0.467315	1.550
25.9701	0.463408	1.560
26.0703	0.459552	1.570
26.1680	0.455696	1.580
26.2653	0.451873	1.590
26.3601	0.448105	1.600
26.4553	0.444350	1.610
26.5478	0.440634	1.620
26.6416	0.436983	1.630
26.7327	0.433353	1.640
26.8257	0.429764	1.650
26.9163	0.426245	1.660
27.0084	0.422754	1.670
27.0991	0.419293	1.680
27.1902	0.415904	1.690
27.2812	0.412557	1.700
27.4405	0.409241	1.710
27.7501	0.405959	1.720
28.0601	0.402733	1.730
28.3716	0.399560	1.740
28.6831	0.396418	1.750
28.9953	0.393309	1.760
29.3078	0.392924	1.770
29.6199	0.392885	1.780
29.9334	0.392830	1.790
30.2463	0.392748	1.800
30.5599	0.392642	1.810
30.8740	0.392509	1.820
31.1877	0.392350	1.830
31.5030	0.392183	1.840
31.8183	0.391995	1.850
32.1343	0.391776	1.860
32.4513	0.391528	1.870
32.7684	0.391255	1.880
33.0876	0.390952	1.890
33.4069	0.390613	1.900
33.7278	0.390237	1.910
34.0499	0.389838	1.920
34.3737	0.389421	1.930
34.6993	0.388987	1.940
35.0275	0.388534	1.950
35.3576	0.388064	1.960
35.6912	0.387582	1.970
36.0276	0.387096	1.980
36.3670	0.386608	1.990
36.7100	0.386131	2.000
37.0570	0.385651	2.010
37.4079	0.385168	2.020
37.7623	0.384688	2.030
38.1203	0.384235	2.040
38.4825	0.383790	2.050
38.8479	0.383351	2.060
39.2160	0.382933	2.070
39.5877	0.382523	2.080
39.9613	0.382126	2.090
40.3377	0.381744	2.100
40.7157	0.381386	2.110
41.0960	0.381105	2.120
41.4771	0.380882	2.130
41.8589	0.380732	2.140
42.2413	0.380648	2.150
42.6244	0.380598	2.160
43.0073	0.380592	2.170
43.3899	0.380662	2.180
43.7722	0.380738	2.190
44.1542	0.380815	2.200
44.5356	0.380904	2.210
44.9161	0.381000	2.220
45.2956	0.381089	2.230
45.6743	0.381176	2.240
46.0522	0.381261	2.250
46.4304	0.381340	2.260
46.8076	0.381406	2.270
47.1837	0.381452	2.280
47.5588	0.381490	2.290
47.9344	0.381511	2.300
48.3089	0.381527	2.310
48.6820	0.381548	2.320
49.0550	0.381553	2.330
49.4276	0.381539	2.340
49.7986	0.381498	2.350
50.1697	0.381447	2.360
50.5402	0.381360	2.370
50.9091	0.381274	2.380
51.2790	0.381158	2.390
51.6476	0.381044	2.400
52.0153	0.380902	2.410
52.3837	0.380761	2.420
52.7505	0.380592	2.430
53.1181	0.380416	2.440
53.4850	0.380226	2.450
53.8509	0.380011	2.460
54.2181	0.379796	2.470
54.5837	0.379564	2.480
54.9504	0.379309	2.490
55.3165	0.379057	2.500
55.6821	0.378789	2.510
56.0490	0.378501	2.520
56.4145	0.378214	2.530
56.7816	0.377917	2.540
57.1483	0.377601	2.550
57.5148	0.377279	2.560
57.8828	0.376956	2.570
58.2500	0.376616	2.580
58.6184	0.376261	2.590
58.9871	0.375913	2.600
59.3553	0.375554	2.610
59.7256	0.375180	2.620
60.0951	0.374805	2.630
60.4657	0.374429	2.640
60.8371	0.374040	2.650
61.2080	0.373655	2.660
61.5811	0.373265	2.670
61.9541	0.372874	2.680
62.3273	0.372485	2.690
62.7027	0.372090	2.700
63.0779	0.371701	2.710
63.4540	0.371300	2.720
63.8318	0.370908	2.730
64.2098	0.370510	2.740
64.5887	0.370103	2.750
64.9696	0.369706	2.760
65.3508	0.369299	2.770
65.7328	0.368886	2.780
66.1170	0.368482	2.790
66.5017	0.368068	2.800
66.8869	0.367645	2.810
67.2747	0.367228	2.820
67.6632	0.366809	2.830
68.0524	0.366381	2.840
68.4433	0.365944	2.850
68.8359	0.365513	2.860
69.2293	0.365080	2.870
69.6234	0.364639	2.880
70.0202	0.364191	2.890
70.4178	0.363746	2.900
70.8162	0.363302	2.910
71.2163	0.362850	2.920
71.6183	0.362392	2.930
72.0211	0.361945	2.940
72.4248	0.361490	2.950
72.8307	0.361028	2.960
73.2379	0.360578	2.970
73.6458	0.360121	2.980
74.0549	0.359657	2.990
74.4661	0.359203	3.000
