0.0004	0.154145	0.010
0.0016	0.160246	0.020
0.0036	0.159816	0.030
0.0064	0.161437	0.040
0.0104	0.169016	0.050
0.0157	0.177942	0.060
0.0227	0.188031	0.070
0.0306	0.196634	0.080
0.0400	0.202061	0.090
0.0495	0.203399	0.100
0.0588	0.199916	0.110
0.0704	0.201025	0.120
0.0830	0.202040	0.130
0.0965	0.202897	0.140
0.1106	0.202165	0.150
0.1244	0.200277	0.160
0.1379	0.197225	0.170
0.1561	0.196183	0.180
0.1893	0.213934	0.190
0.2248	0.229715	0.200
0.2626	0.243742	0.210
0.3019	0.255650	0.220
0.3426	0.265764	0.230
0.3853	0.274851	0.240
0.4306	0.283417	0.250
0.4788	0.291594	0.260
0.5298	0.299422	0.270
0.5837	0.306937	0.280
0.6403	0.314121	0.290
0.6991	0.320686	0.300
0.7589	0.326098	0.310
0.8183	0.330130	0.320
0.8776	0.333135	0.330
0.9380	0.335655	0.340
1.0006	0.337929	0.350
1.0642	0.339863	0.360
1.1278	0.341303	0.370
1.1910	0.341982	0.380
1.2540	0.341886	0.390
1.3164	0.340995	0.400
1.3765	0.339280	0.410
1.4356	0.337007	0.420
1.4930	0.334303	0.430
1.5501	0.331240	0.440
1.6082	0.328298	0.450
1.6681	0.325693	0.460
1.7304	0.323355	0.470
1.7947	0.321423	0.480
1.8594	0.319451	0.490
1.9244	0.317408	0.500
1.9866	0.315051	0.510
2.0459	0.312213	0.520
2.1009	0.308987	0.530
2.1526	0.305166	0.540
2.2002	0.300864	0.550
2.2447	0.296266	0.560
2.2875	0.291555	0.570
2.3282	0.286706	0.580
2.3675	0.281810	0.590
2.4057	0.276970	0.600
2.4434	0.272231	0.610
2.4808	0.267613	0.620
2.5185	0.263119	0.630
2.5567	0.258770	0.640
2.5958	0.254665	0.650
2.6362	0.250832	0.660
2.6787	0.247236	0.670
2.7228	0.243889	0.680
2.7687	0.240871	0.690
2.8166	0.238069	0.700
2.8670	0.235511	0.710
2.9193	0.233213	0.720
2.9739	0.231086	0.730
3.0310	0.229216	0.740
3.0898	0.227478	0.750
3.1510	0.225936	0.760
3.2143	0.224497	0.770
3.2789	0.223207	0.780
3.3456	0.221986	0.790
3.4137	0.220870	0.800
3.4827	0.219805	0.810
3.5533	0.218798	0.820
3.6249	0.217846	0.830
3.6969	0.216903	0.840
3.7704	0.216036	0.850
3.8446	0.215171	0.860
3.9195	0.214360	0.870
3.9958	0.213593	0.880
4.0733	0.212855	0.890
4.1517	0.212205	0.900
4.2320	0.211596	0.910
4.3138	0.211038	0.920
4.3969	0.210557	0.930
4.4819	0.210104	0.940
4.5685	0.209720	0.950
4.6561	0.209369	0.960
4.7454	0.209035	0.970
4.8360	0.208751	0.980
4.9272	0.208456	0.990
5.0189	0.208161	1.000
5.1114	0.207861	1.010
5.2039	0.207514	1.020
5.2961	0.207140	1.030
5.3877	0.206720	1.040
5.4782	0.206230	1.050
5.5675	0.205673	1.060
5.6557	0.205069	1.070
5.7422	0.204391	1.080
5.8268	0.203647	1.090
5.9097	0.202846	1.100
5.9908	0.201986	1.110
6.0704	0.201093	1.120
6.1489	0.200150	1.130
6.2259	0.199187	1.140
6.3016	0.198218	1.150
6.3762	0.197205	1.160
6.4498	0.196184	1.170
6.5231	0.195097	1.180
6.5956	0.194018	1.190
6.6672	0.192892	1.200
6.7379	0.191771	1.210
6.8085	0.190663	1.220
6.8783	0.189569	1.230
6.9470	0.188458	1.240
7.0147	0.187318	1.250
7.0817	0.186175	1.260
7.1478	0.184992	1.270
7.2125	0.183814	1.280
7.2757	0.182611	1.290
7.3383	0.181386	1.300
7.3994	0.180167	1.310
7.4588	0.178922	1.320
7.5171	0.177661	1.330
7.5742	0.176401	1.340
7.6295	0.175119	1.350
7.6832	0.173825	1.360
7.7358	0.172531	1.370
7.7864	0.171214	1.380
7.8354	0.169889	1.390
7.8830	0.168555	1.400
7.9283	0.167194	1.410
7.9723	0.165838	1.420
8.0143	0.164449	1.430
8.0539	0.163060	1.440
8.0924	0.161644	1.450
8.1284	0.160224	1.460
8.1628	0.158784	1.470
8.1955	0.157339	1.480
8.2258	0.155882	1.490
8.2555	0.154421	1.500
8.2830	0.152952	1.510
8.3092	0.151484	1.520
8.3342	0.150006	1.530
8.3576	0.148542	1.540
8.3807	0.147070	1.550
8.4022	0.145613	1.560
8.4235	0.144164	1.570
8.4439	0.142718	1.580
8.4642	0.141300	1.590
8.5277	0.139893	1.600
8.6123	0.138498	1.610
8.6980	0.137135	1.620
8.7848	0.136722	1.630
8.8727	0.136370	1.640
8.9620	0.136033	1.650
9.0526	0.135718	1.660
9.1444	0.135426	1.670
9.2370	0.135155	1.680
9.3307	0.134905	1.690
9.4255	0.134666	1.700
9.5209	0.134443	1.710
9.6171	0.134230	1.720
9.7140	0.134030	1.730
9.8111	0.133851	1.740
9.9090	0.133683	1.750
10.0069	0.133511	1.760
10.1053	0.133341	1.770
10.2038	0.133170	1.780
10.3023	0.132993	1.790
10.4012	0.132815	1.800
10.4998	0.132636	1.810
10.5989	0.132451	1.820
10.6978	0.132260	1.830
10.7969	0.132066	1.840
10.8962	0.131864	1.850
10.9953	0.131652	1.860
11.0950	0.131430	1.870
11.1944	0.131201	1.880
11.2943	0.130966	1.890
11.3943	0.130727	1.900
11.4945	0.130485	1.910
11.5951	0.130238	1.920
11.6959	0.129989	1.930
11.7973	0.129738	1.940
11.8991	0.129492	1.950
12.0017	0.129244	1.960
12.1049	0.128995	1.970
12.2088	0.128749	1.980
12.3139	0.128508	1.990
12.4197	0.128269	2.000
12.5264	0.128035	2.010
12.6345	0.127804	2.020
12.7435	0.127576	2.030
12.8535	0.127354	2.040
12.9648	0.127135	2.050
13.0771	0.126924	2.060
13.1902	0.126760	2.070
13.3045	0.127259	2.080
13.4195	0.127714	2.090
13.5354	0.128133	2.100
13.6972	0.128514	2.110
13.8647	0.128858	2.120
14.0301	0.129169	2.130
14.1925	0.129445	2.140
14.3528	0.129691	2.150
14.5104	0.129906	2.160
14.6654	0.130088	2.170
14.8182	0.130241	2.180
14.9682	0.130363	2.190
15.1160	0.130460	2.200
15.2613	0.130523	2.210
15.4039	0.130563	2.220
15.5445	0.130573	2.230
15.6822	0.130562	2.240
15.8175	0.130519	2.250
15.9504	0.130456	2.260
16.0803	0.130369	2.270
16.2080	0.130260	2.280
16.3327	0.130134	2.290
16.4549	0.129988	2.300
16.5743	0.129824	2.310
16.6908	0.129642	2.320
16.8047	0.129439	2.330
16.9155	0.129220	2.340
17.0239	0.128979	2.350
17.1290	0.128723	2.360
17.2318	0.128444	2.370
17.3314	0.128149	2.380
17.4286	0.127833	2.390
17.5227	0.127495	2.400
17.6146	0.127141	2.410
17.7034	0.126764	2.420
17.7902	0.126369	2.430
17.8740	0.125957	2.440
17.9558	0.125525	2.450
18.0350	0.125075	2.460
18.1119	0.124611	2.470
18.1868	0.124128	2.480
18.2591	0.123627	2.490
18.3300	0.123116	2.500
18.3986	0.122588	2.510
18.4652	0.122047	2.520
18.5485	0.121496	2.530
18.6651	0.121123	2.540
18.7826	0.120966	2.550
18.8999	0.120807	2.560
19.0176	0.120651	2.570
19.1358	0.120493	2.580
19.2539	0.120338	2.590
19.3729	0.120180	2.600
19.4919	0.120026	2.610
19.6112	0.119870	2.620
19.7311	0.119715	2.630
19.8511	0.119560	2.640
19.9717	0.119402	2.650
20.0927	0.119248	2.660
20.2137	0.119092	2.670
20.3357	0.118934	2.680
20.4578	0.118778	2.690
20.5802	0.118622	2.700
20.7035	0.118463	2.710
20.8269	0.118306	2.720
20.9508	0.118150	2.730
21.0754	0.117992	2.740
21.2003	0.117836	2.750
21.3257	0.117680	2.760
21.4519	0.117522	2.770
21.5784	0.117369	2.780
21.7053	0.117214	2.790
21.8331	0.117060	2.800
21.9613	0.116908	2.810
22.0898	0.116754	2.820
22.2193	0.116603	2.830
22.3493	0.116452	2.840
22.4796	0.116301	2.850
22.6108	0.116153	2.860
22.7426	0.116003	2.870
22.8748	0.115858	2.880
23.0077	0.115711	2.890
23.1414	0.115567	2.900
23.2756	0.115423	2.910
23.4102	0.115280	2.920
23.5459	0.115139	2.930
23.6821	0.114997	2.940
23.8187	0.114860	2.950
23.9562	0.114720	2.960
24.0944	0.114586	2.970
24.2330	0.114451	2.980
24.3723	0.114319	2.990
24.5125	0.114189	3.000
