0.0004	0.154183	0.010
0.0016	0.158802	0.020
0.0035	0.159153	0.030
0.0064	0.161416	0.040
0.0103	0.168498	0.050
0.0155	0.176378	0.060
0.0221	0.184455	0.070
0.0296	0.191468	0.080
0.0382	0.195777	0.090
0.0472	0.196411	0.100
0.0565	0.195555	0.110
0.0673	0.194717	0.120
0.0789	0.195405	0.130
0.0912	0.194530	0.140
0.1042	0.193764	0.150
0.1172	0.191779	0.160
0.1303	0.189163	0.170
0.1507	0.190415	0.180
0.1797	0.204339	0.190
0.2111	0.217514	0.200
0.2446	0.229292	0.210
0.2798	0.239674	0.220
0.3167	0.248855	0.230
0.3554	0.257063	0.240
0.3960	0.264477	0.250
0.4387	0.271236	0.260
0.4834	0.277467	0.270
0.5300	0.283280	0.280
0.5785	0.288442	0.290
0.6282	0.292916	0.300
0.6790	0.296700	0.310
0.7310	0.299932	0.320
0.7835	0.302515	0.330
0.8364	0.304563	0.340
0.8898	0.306151	0.350
0.9433	0.307270	0.360
0.9968	0.307841	0.370
1.0506	0.307775	0.380
1.1040	0.307052	0.390
1.1566	0.305741	0.400
1.2088	0.303951	0.410
1.2610	0.301788	0.420
1.3124	0.299476	0.430
1.3646	0.297110	0.440
1.4170	0.294612	0.450
1.4706	0.292060	0.460
1.5246	0.289764	0.470
1.5802	0.287445	0.480
1.6359	0.285362	0.490
1.6921	0.283222	0.500
1.7475	0.281153	0.510
1.8021	0.279007	0.520
1.8548	0.276793	0.530
1.9061	0.274369	0.540
1.9559	0.271723	0.550
2.0038	0.268859	0.560
2.0504	0.265823	0.570
2.0957	0.262689	0.580
2.1401	0.259501	0.590
2.1838	0.256260	0.600
2.2271	0.252970	0.610
2.2703	0.249686	0.620
2.3136	0.246546	0.630
2.3572	0.243475	0.640
2.4013	0.240480	0.650
2.4462	0.237657	0.660
2.4924	0.234937	0.670
2.5396	0.232337	0.680
2.5878	0.229903	0.690
2.6369	0.227565	0.700
2.6879	0.225439	0.710
2.7401	0.223419	0.720
2.7934	0.221548	0.730
2.8482	0.219823	0.740
2.9045	0.218182	0.750
2.9618	0.216700	0.760
3.0204	0.215291	0.770
3.0806	0.213975	0.780
3.1416	0.212753	0.790
3.2036	0.211569	0.800
3.2671	0.210482	0.810
3.3315	0.209400	0.820
3.3965	0.208405	0.830
3.4628	0.207404	0.840
3.5300	0.206484	0.850
3.5978	0.205560	0.860
3.6665	0.204704	0.870
3.7364	0.203866	0.880
3.8069	0.203063	0.890
3.8780	0.202306	0.900
3.9505	0.201558	0.910
4.0235	0.200868	0.920
4.0970	0.200198	0.930
4.1718	0.199545	0.940
4.2470	0.198938	0.950
4.3227	0.198349	0.960
4.3989	0.197756	0.970
4.4759	0.197191	0.980
4.5530	0.196620	0.990
4.6301	0.196029	1.000
4.7074	0.195457	1.010
4.7850	0.194856	1.020
4.8623	0.194227	1.030
4.9393	0.193595	1.040
5.0158	0.192917	1.050
5.0921	0.192218	1.060
5.1677	0.191491	1.070
5.2424	0.190715	1.080
5.3162	0.189932	1.090
5.3895	0.189110	1.100
5.4622	0.188249	1.110
5.5340	0.187386	1.120
5.6048	0.186492	1.130
5.6747	0.185577	1.140
5.7442	0.184651	1.150
5.8127	0.183727	1.160
5.8801	0.182781	1.170
5.9470	0.181811	1.180
6.0133	0.180847	1.190
6.0786	0.179897	1.200
6.1430	0.178953	1.210
6.2069	0.177973	1.220
6.2701	0.176990	1.230
6.3322	0.175959	1.240
6.3935	0.174907	1.250
6.4544	0.173843	1.260
6.5141	0.172740	1.270
6.5726	0.171648	1.280
6.6308	0.170561	1.290
6.6878	0.169491	1.300
6.7435	0.168399	1.310
6.7987	0.167304	1.320
6.8527	0.166174	1.330
6.9052	0.165055	1.340
6.9574	0.163903	1.350
7.0081	0.162754	1.360
7.0575	0.161584	1.370
7.1062	0.160421	1.380
7.1533	0.159237	1.390
7.1996	0.158065	1.400
7.2446	0.156874	1.410
7.2883	0.155689	1.420
7.3312	0.154493	1.430
7.3723	0.153300	1.440
7.4130	0.152103	1.450
7.4518	0.150905	1.460
7.4903	0.149707	1.470
7.5270	0.148509	1.480
7.5633	0.147313	1.490
7.5980	0.146118	1.500
7.6323	0.144924	1.510
7.6653	0.143738	1.520
7.6979	0.142545	1.530
7.7295	0.141372	1.540
7.7607	0.140194	1.550
7.7910	0.139023	1.560
7.8211	0.137866	1.570
7.8504	0.136709	1.580
7.8796	0.135562	1.590
7.9080	0.134431	1.600
7.9366	0.133305	1.610
7.9643	0.132190	1.620
7.9925	0.131095	1.630
8.0198	0.130006	1.640
8.0477	0.128929	1.650
8.0749	0.127873	1.660
8.1025	0.126826	1.670
8.1297	0.125788	1.680
8.1571	0.124771	1.690
8.1844	0.123767	1.700
8.2322	0.122772	1.710
8.3250	0.121788	1.720
8.4180	0.120820	1.730
8.5115	0.119868	1.740
8.6049	0.118925	1.750
8.6986	0.117993	1.760
8.7923	0.117877	1.770
8.8860	0.117865	1.780
8.9800	0.117849	1.790
9.0739	0.117824	1.800
9.1680	0.117793	1.810
9.2622	0.117753	1.820
9.3563	0.117705	1.830
9.4509	0.117655	1.840
9.5455	0.117598	1.850
9.6403	0.117533	1.860
9.7354	0.117458	1.870
9.8305	0.117376	1.880
9.9263	0.117286	1.890
10.0221	0.117184	1.900
10.1183	0.117071	1.910
10.2150	0.116951	1.920
10.3121	0.116826	1.930
10.4098	0.116696	1.940
10.5082	0.116560	1.950
10.6073	0.116419	1.960
10.7074	0.116275	1.970
10.8083	0.116129	1.980
10.9101	0.115982	1.990
11.0130	0.115839	2.000
11.1171	0.115695	2.010
11.2224	0.115550	2.020
11.3287	0.115406	2.030
11.4361	0.115270	2.040
11.5447	0.115137	2.050
11.6544	0.115005	2.060
11.7648	0.114880	2.070
11.8763	0.114757	2.080
11.9884	0.114638	2.090
12.1013	0.114523	2.100
12.2147	0.114416	2.110
12.3288	0.114332	2.120
12.4431	0.114265	2.130
12.5577	0.114220	2.140
12.6724	0.114194	2.150
12.7873	0.114180	2.160
12.9022	0.114178	2.170
13.0170	0.114199	2.180
13.1317	0.114221	2.190
13.2463	0.114244	2.200
13.3607	0.114271	2.210
13.4748	0.114300	2.220
13.5887	0.114327	2.230
13.7023	0.114353	2.240
13.8157	0.114378	2.250
13.9291	0.114402	2.260
14.0423	0.114422	2.270
14.1551	0.114436	2.280
14.2676	0.114447	2.290
14.3803	0.114453	2.300
14.4927	0.114458	2.310
14.6046	0.114464	2.320
14.7165	0.114466	2.330
14.8283	0.114462	2.340
14.9396	0.114449	2.350
15.0509	0.114434	2.360
15.1621	0.114408	2.370
15.2727	0.114382	2.380
15.3837	0.114348	2.390
15.4943	0.114313	2.400
15.6046	0.114270	2.410
15.7151	0.114228	2.420
15.8252	0.114178	2.430
15.9354	0.114125	2.440
16.0455	0.114068	2.450
16.1553	0.114003	2.460
16.2654	0.113939	2.470
16.3751	0.113869	2.480
16.4851	0.113793	2.490
16.5949	0.113717	2.500
16.7046	0.113637	2.510
16.8147	0.113550	2.520
16.9244	0.113464	2.530
17.0345	0.113375	2.540
17.1445	0.113280	2.550
17.2544	0.113184	2.560
17.3648	0.113087	2.570
17.4750	0.112985	2.580
17.5855	0.112878	2.590
17.6961	0.112774	2.600
17.8066	0.112666	2.610
17.9177	0.112554	2.620
18.0285	0.112441	2.630
18.1397	0.112329	2.640
18.2511	0.112212	2.650
18.3624	0.112097	2.660
18.4743	0.111980	2.670
18.5862	0.111862	2.680
18.6982	0.111745	2.690
18.8108	0.111627	2.700
18.9234	0.111510	2.710
19.0362	0.111390	2.720
19.1495	0.111272	2.730
19.2629	0.111153	2.740
19.3766	0.111031	2.750
19.4909	0.110912	2.760
19.6052	0.110790	2.770
19.7198	0.110666	2.780
19.8351	0.110545	2.790
19.9505	0.110420	2.800
20.0661	0.110294	2.810
20.1824	0.110168	2.820
20.2990	0.110043	2.830
20.4157	0.109914	2.840
20.5330	0.109783	2.850
20.6508	0.109654	2.860
20.7688	0.109524	2.870
20.8870	0.109392	2.880
21.0061	0.109257	2.890
21.1253	0.109124	2.900
21.2449	0.108991	2.910
21.3649	0.108855	2.920
21.4855	0.108717	2.930
21.6063	0.108583	2.940
21.7274	0.108447	2.950
21.8492	0.108308	2.960
21.9714	0.108173	2.970
22.0937	0.108036	2.980
22.2165	0.107897	2.990
22.3398	0.107761	3.000
