1B1D_410
15      102.5   80      30
2.5     2800    3       3       3       3       3       3
6.1     2800            7       7       7       7
9.3     2800            8       8       8       8
12.5    2800    3       3       3       3       3       3
74      2800            7       7       7       7

1B1D_410
15      102.5   80      30
2.5     2800    3       3       3       3       3       3
6.1     2800            7       7       7       7
9.3     2800            8       8       8       8
12.5    2800    3       3       3       3       3       3
74      2800            7       7       7       7

1B1D_590
15      147.5   80      30
2.5     2800    3       3       3       3       3       3       3       3       3       3
6.1     2800                            7       7       7       7
9.3     2800                            8       8       8       8
12.5    2800    3       3       3       3       3       3       3       3       3       3
74      2800                            7       7       7       7

1B1D_590
15      147.5   80      30
2.5     2800    3       3       3       3       3       3       3       3       3       3
6.1     2800                            7       7       7       7
9.3     2800                            8       8       8       8
12.5    2800    3       3       3       3       3       3       3       3       3       3
74      2800                            7       7       7       7

1B1D_1000
15      250     80      30
2.5     2800    3       3       3       3       3       3       3       3       3       3
6.1     2800                            7       7       7       7
9.3     2800                            8       8       8       8
12.5    2800    3       3       3       3       3       3       3       3       3       3
74      2800                            7       7       7       7

1B1D_1000
15      250     80      30
2.5     2800    3       3       3       3       3       3       3       3       3       3
6.1     2800                            7       7       7       7
9.3     2800                            8       8       8       8
12.5    2800    3       3       3       3       3       3       3       3       3       3
74      2800                            7       7       7       7

1CBD_250
15      62.5    50      30
2.5     2800    3               3               3               3               3
6.1     2800            7               7               7               7
9.3     2800            6                                               6
12.5    2800    3               3               3               3               3
44      2800            7                                               7

1CBD_250
15      62.5    50      30
2.5     2800    3               3               3               3               3
6.1     2800            7               7               7               7
9.3     2800            6                                               6
12.5    2800    3               3               3               3               3
44      2800            7                                               7

1CBS_250
15      50.8    50      30
2.5     2800    3       3       3       3
6.1     2800    7       7       7       7
9.3     2800    6                       6
12.5    2800    3       3       3       3
44      2800    7                       7

1CBS_250
15      50.8    50      30
2.5     2800    3       3       3       3
6.1     2800    7       7       7       7
9.3     2800    6                       6
12.5    2800    3       3       3       3
44      2800    7                       7

1B2S_590
15      74.2    50      25
2.5     2800    3       3       3       3
6.1     2800    6       7       7       6
12.5    2800    3       3       3       3
44.4    2800    6                       6

1B2S_590
15      74.2    50      25
2.5     2800    3       3       3       3
6.1     2800    6       7       7       6
12.5    2800    3       3       3       3
44.4    2800    6                       6

1B2S_410
15      59.2    50      25
2.5     2800    3       3       3       3
6.1     2800    6       7       7       6
12.5    2800    3       3       3       3
44.4    2800    6                       6

1B2S_410
15      59.2    50      25
2.5     2800    3       3       3       3
6.1     2800    6       7       7       6
12.5    2800    3       3       3       3
44.4    2800    6                       6

1B2S_340
15      53.3    50      25
2.5     2800    3       3       3       3
6.1     2800    6       7       7       6
12.5    2800    3       3       3       3
44.4    2800    6                       6

1B2S_340
15      53.3    50      25
2.5     2800    3       3       3       3
6.1     2800    6       7       7       6
12.5    2800    3       3       3       3
44.4    2800    6                       6

1B2D_340
15      85      50      25
2.5     2800    3       3       3       3       3       3
6.1     2800            6       7       7       6
12.5    2800    3       3       3       3       3       3
44.4    2800            6                       6

1B2D_340
15      85      50      25
2.5     2800    3       3       3       3       3       3
6.1     2800            6       7       7       6
12.5    2800    3       3       3       3       3       3
44.4    2800            6                       6

1B2D_590
15      147.5   50      25
2.5     2800    3       3       3       3       3       3       3       3       3       3
6.1     2800                            6       7       7       6
12.5    2800    3       3       3       3       3       3       3       3       3       3
44.4    2800                            6                       6

1B2D_590
15      147.5   50      25
2.5     2800    3       3       3       3       3       3       3       3       3       3
6.1     2800                            6       7       7       6
12.5    2800    3       3       3       3       3       3       3       3       3       3
44.4    2800                            6                       6

1B2D_410
15      102.5   50      25
2.5     2800    3       3       3       3       3       3
6.1     2800            6       7       7       6
12.5    2800    3       3       3       3       3       3
44.4    2800            6                       6

1B2D_410
15      102.5   50      25
2.5     2800    3       3       3       3       3       3
6.1     2800            6       7       7       6
12.5    2800    3       3       3       3       3       3
44.4    2800            6                       6

1B3S_370
15      55.8    65      25
2.5     2800    3       3       3       3
6.1     2800    5       5       5
9.3     2800    6               6
12.5    2800    3       3       3       3
59      2800    5       5       5

1B3S_370
15      55.8    65      25
2.5     2800    3       3       3       3
6.1     2800    5       5       5
9.3     2800    6               6
12.5    2800    3       3       3       3
59      2800    5       5       5

1B3S_400
15      58.3    65      25
2.5     2800    3       3       3       3
6.1     2800    5       5       5
9.3     2800    6               6
12.5    2800    3       3       3       3
59      2800    5       5       5

1B3S_400
15      58.3    65      25
2.5     2800    3       3       3       3
6.1     2800    5       5       5
9.3     2800    6               6
12.5    2800    3       3       3       3
59      2800    5       5       5

1B3D_370
15      92.5    65      25
2.5     2800    3       3       3       3       3       3
6.1     2800    5       5       5
9.3     2800    6               6
12.5    2800    3       3       3       3       3       3
59      2800    5       5       5

1B3D_370
15      92.5    65      25
2.5     2800    3       3       3       3       3       3
6.1     2800    5       5       5
9.3     2800    6               6
12.5    2800    3       3       3       3       3       3
59      2800    5       5       5

1B3D_400
15      100     65      25
2.5     2800    3       3       3       3       3       3
6.1     2800    5       5       5
9.3     2800    6               6
12.5    2800    3       3       3       3       3       3
59      2800    5       5       5

1B3D_400
15      100     65      25
2.5     2800    3       3       3       3       3       3
6.1     2800    5       5       5
9.3     2800    6               6
12.5    2800    3       3       3       3       3       3
59      2800    5       5       5

1B4D_370
15      92.5    40      25
2.5     2800    3               3               3               3               3               3
5.95    2800                            6               6               6
12.5    2800    3               3               3               3               3               3
34      2800                            6               6               6

1B4D_370
15      92.5    40      25
2.5     2800    3               3               3               3               3               3
5.95    2800                            6               6               6
12.5    2800    3               3               3               3               3               3
34      2800                            6               6               6

1B4D_400
15      100     40      25
2.5     2800    3               3               3               3               3               3
5.95    2800                            6               6               6
12.5    2800    3               3               3               3               3               3
34      2800                            6               6               6

1B4D_400
15      100     40      25
2.5     2800    3               3               3               3               3               3
5.95    2800                            6               6               6
12.5    2800    3               3               3               3               3               3
34      2800                            6               6               6

2B1D_410
15      102.5   80      38
2.5     2800    3       3       3               3       3       3
6.1     2800            7       7               7       7
9.3     2800            8                               8
12.5    2800    3       3       3               3       3       3
74      2800            8               8               8

2B1D_410
15      102.5   80      38
2.5     2800    3       3       3               3       3       3
6.1     2800            7       7               7       7
9.3     2800            8                               8
12.5    2800    3       3       3               3       3       3
74      2800            8               8               8

2B1D_590
15      147.5   80      38
2.5     2800    3       3       3       3       3       3       3       3       3       3
6.1     2800                            7       7       7       7
9.3     2800                            8                       8
12.5    2800    3       3       3       3       3       3       3       3       3       3
74      2800                            8       8               8

2B1D_590
15      147.5   80      38
2.5     2800    3       3       3       3       3       3       3       3       3       3
6.1     2800                            7       7       7       7
9.3     2800                            8                       8
12.5    2800    3       3       3       3       3       3       3       3       3       3
74      2800                            8       8               8

2B1D_1000
15      250     80      30
2.5     2800    3       3       3       3       3       3       3       3       3       3
6.1     2800                            7       7       7       7
9.3     2800                            8       8       8       8
12.5    2800    3       3       3       3       3       3       3       3       3       3
74      2800                            7       7       7       7

2B1D_1000
15      250     80      30
2.5     2800    3       3       3       3       3       3       3       3       3       3
6.1     2800                            7       7       7       7
9.3     2800                            8       8       8       8
12.5    2800    3       3       3       3       3       3       3       3       3       3
74      2800                            7       7       7       7

2CBD_250
15      62.5    50      30
2.5     2800    3       3       3       3       3       3
6.1     2800            7       7       7       7
9.3     2800            6                       6
12.5    2800    3       3       3       3       3       3
44      2800            7                       7

2CBD_250
15      62.5    50      30
2.5     2800    3       3       3       3       3       3
6.1     2800            7       7       7       7
9.3     2800            6                       6
12.5    2800    3       3       3       3       3       3
44      2800            7                       7

2CBS_250
15      50.8    50      30
2.5     2800    3       3       3       3
6.1     2800    7       7       7       7
9.3     2800    6                       6
12.5    2800    3       3       3       3
44      2800    7                       7

2CBS_250
15      50.8    50      30
2.5     2800    3       3       3       3
6.1     2800    7       7       7       7
9.3     2800    6                       6
12.5    2800    3       3       3       3
44      2800    7                       7

2B2S_590
15      74.2    50      25
2.5     2800    3       3       3       3       3       3
6.1     2800            6       7       7       6
12.5    2800    3       3       3       3       3       3
44.4    2800            6                       6

2B2S_590
15      74.2    50      25
2.5     2800    3       3       3       3       3       3
6.1     2800            6       7       7       6
12.5    2800    3       3       3       3       3       3
44.4    2800            6                       6

2B2S_410
15      59.2    50      25
2.5     2800    3       3       3       3
6.1     2800    6       7       7       6
12.5    2800    3       3       3       3
44.4    2800    6                       6

2B2S_410
15      59.2    50      25
2.5     2800    3       3       3       3
6.1     2800    6       7       7       6
12.5    2800    3       3       3       3
44.4    2800    6                       6

2B2S_340
15      53.3    50      25
2.5     2800    3       3       3       3
6.1     2800    6       7       7       6
12.5    2800    3       3       3       3
44.4    2800    6                       6

2B2S_340
15      53.3    50      25
2.5     2800    3       3       3       3
6.1     2800    6       7       7       6
12.5    2800    3       3       3       3
44.4    2800    6                       6

2B2D_340
15      85      50      25
2.5     2800    3       3       3       3       3       3
6.1     2800            6       7       7       6
12.5    2800    3       3       3       3       3       3
44.4    2800            6                       6

2B2D_340
15      85      50      25
2.5     2800    3       3       3       3       3       3
6.1     2800            6       7       7       6
12.5    2800    3       3       3       3       3       3
44.4    2800            6                       6

2B2D_590
15      147.5   50      25
2.5     2800    3       3       3       3       3       3
6.1     2800            6       7       7       6
12.5    2800    3       3       3       3       3       3
44.4    2800            6                       6

2B2D_590
15      147.5   50      25
2.5     2800    3       3       3       3       3       3
6.1     2800            6       7       7       6
12.5    2800    3       3       3       3       3       3
44.4    2800            6                       6

2B2D_410
15      102.5   50      25
2.5     2800    3       3       3       3       3       3
6.1     2800            6       7       7       6
12.5    2800    3       3       3       3       3       3
44.4    2800            6                       6

2B2D_410
15      102.5   50      25
2.5     2800    3       3       3       3       3       3
6.1     2800            6       7       7       6
12.5    2800    3       3       3       3       3       3
44.4    2800            6                       6

2B3S_370
15      55.8    65      25
2.5     2800    3       3       3       3
6.1     2800    5       5       5
9.3     2800    6               6
12.5    2800    3       3       3       3
59      2800    5       5       5

2B3S_370
15      55.8    65      25
2.5     2800    3       3       3       3
6.1     2800    5       5       5
9.3     2800    6               6
12.5    2800    3       3       3       3
59      2800    5       5       5

2B3S_400
15      58.3    65      25
2.5     2800    3       3       3       3
6.1     2800    5       5       5
9.3     2800    6               6
12.5    2800    3       3       3       3
59      2800    5       5       5

2B3S_400
15      58.3    65      25
2.5     2800    3       3       3       3
6.1     2800    5       5       5
9.3     2800    6               6
12.5    2800    3       3       3       3
59      2800    5       5       5

2B3D_370
15      92.5    65      25
2.5     2800    3       3       3       3       3       3
6.1     2800    5       5       5
9.3     2800    6               6
12.5    2800    3       3       3       3       3       3
59      2800    5       5       5

2B3D_370
15      92.5    65      25
2.5     2800    3       3       3       3       3       3
6.1     2800    5       5       5
9.3     2800    6               6
12.5    2800    3       3       3       3       3       3
59      2800    5       5       5

2B3D_400
15      100     65      25
2.5     2800    3       3       3       3       3       3
6.1     2800    5       5       5
9.3     2800    6               6
12.5    2800    3       3       3       3       3       3
59      2800    5       5       5

2B3D_400
15      100     65      25
2.5     2800    3       3       3       3       3       3
6.1     2800    5       5       5
9.3     2800    6               6
12.5    2800    3       3       3       3       3       3
59      2800    5       5       5

2B4D_370
15      92.5    40      25
2.5     2800    3       3       3       3       3       3
5.95    2800            6                       6
12.5    2800    3       3       3       3       3       3
34      2800            6                       6

2B4D_370
15      92.5    40      25
2.5     2800    3       3       3       3       3       3
5.95    2800            6                       6
12.5    2800    3       3       3       3       3       3
34      2800            6                       6

2B4D_400
15      100     40      25
2.5     2800    3       3       3       3       3       3
5.95    2800            6                       6
12.5    2800    3       3       3       3       3       3
34      2800            6                       6

2B4D_400
15      100     40      25
2.5     2800    3       3       3       3       3       3
5.95    2800            6                       6
12.5    2800    3       3       3       3       3       3
34      2800            6                       6

2C2
30      50
5.85    2800    6       6
11.95   2800    6       6
18.05   2800    6       6
24.15   2800    6       6

2C2
30      50
5.85    2800    6       6
11.95   2800    6       6
18.05   2800    6       6
24.15   2800    6       6

2C2
30      50
5.85    2800    6       6
11.95   2800    6       6
18.05   2800    6       6
24.15   2800    6       6

2C2
30      50
5.85    2800    6       6
11.95   2800    6       6
18.05   2800    6       6
24.15   2800    6       6

2C2
30      50
5.85    2800    6       6
11.95   2800    6       6
18.05   2800    6       6
24.15   2800    6       6

2C2
30      50
5.85    2800    6       6
11.95   2800    6       6
18.05   2800    6       6
24.15   2800    6       6

2C1
30      50
6.1     2800    7       5       7
12      2800    7               7
18      2800    7               7
23.9    2800    7       5       7

2C1
30      50
6.1     2800    7       5       7
12      2800    7               7
18      2800    7               7
23.9    2800    7       5       7

2C1
30      50
6.1     2800    7       5       7
12      2800    7               7
18      2800    7               7
23.9    2800    7       5       7

2C1
30      50
6.1     2800    7       5       7
12      2800    7               7
18      2800    7               7
23.9    2800    7       5       7

2C1
30      50
6.1     2800    7       5       7
12      2800    7               7
18      2800    7               7
23.9    2800    7       5       7

2C1
30      50
6.1     2800    7       5       7
12      2800    7               7
18      2800    7               7
23.9    2800    7       5       7

2C1
30      50
6.1     2800    7       5       7
12      2800    7               7
18      2800    7               7
23.9    2800    7       5       7

2C1
30      50
6.1     2800    7       5       7
12      2800    7               7
18      2800    7               7
23.9    2800    7       5       7

2C1
30      50
6.1     2800    7       5       7
12      2800    7               7
18      2800    7               7
23.9    2800    7       5       7

2C1
30      50
6.1     2800    7       5       7
12      2800    7               7
18      2800    7               7
23.9    2800    7       5       7

2C1
30      50
6.1     2800    7       5       7
12      2800    7               7
18      2800    7               7
23.9    2800    7       5       7

2C1
30      50
6.1     2800    7       5       7
12      2800    7               7
18      2800    7               7
23.9    2800    7       5       7

2C1
30      50
6.1     2800    7       5       7
12      2800    7               7
18      2800    7               7
23.9    2800    7       5       7

2C1
30      50
6.1     2800    7       5       7
12      2800    7               7
18      2800    7               7
23.9    2800    7       5       7

2C1
30      50
6.1     2800    7       5       7
12      2800    7               7
18      2800    7               7
23.9    2800    7       5       7

2C1
30      50
6.1     2800    7       5       7
12      2800    7               7
18      2800    7               7
23.9    2800    7       5       7

2C1
30      50
6.1     2800    7       5       7
12      2800    7               7
18      2800    7               7
23.9    2800    7       5       7

2C1
30      50
6.1     2800    7       5       7
12      2800    7               7
18      2800    7               7
23.9    2800    7       5       7

2C1
30      50
6.1     2800    7       5       7
12      2800    7               7
18      2800    7               7
23.9    2800    7       5       7

2C1
30      50
6.1     2800    7       5       7
12      2800    7               7
18      2800    7               7
23.9    2800    7       5       7

2C2
30      50
5.85    2800    6       6
11.95   2800    6       6
18.05   2800    6       6
24.15   2800    6       6

2C2
30      50
5.85    2800    6       6
11.95   2800    6       6
18.05   2800    6       6
24.15   2800    6       6

2C2
30      50
5.85    2800    6       6
11.95   2800    6       6
18.05   2800    6       6
24.15   2800    6       6

2C2
30      50
5.85    2800    6       6
11.95   2800    6       6
18.05   2800    6       6
24.15   2800    6       6

2C2
30      50
5.85    2800    6       6
11.95   2800    6       6
18.05   2800    6       6
24.15   2800    6       6

2C2
30      50
5.85    2800    6       6
11.95   2800    6       6
18.05   2800    6       6
24.15   2800    6       6

2C3
25      40
5.8     2800    5       5       5       5
19.2    2800    5       5       5       5

2C3
25      40
5.8     2800    5       5       5       5
19.2    2800    5       5       5       5

2C3
25      40
5.8     2800    5       5       5       5
19.2    2800    5       5       5       5

2C3
25      40
5.8     2800    5       5       5       5
19.2    2800    5       5       5       5

2C3
25      40
5.8     2800    5       5       5       5
19.2    2800    5       5       5       5

2C3
25      40
5.8     2800    5       5       5       5
19.2    2800    5       5       5       5

2C3
25      40
5.8     2800    5       5       5       5
19.2    2800    5       5       5       5

2C3
25      40
5.8     2800    5       5       5       5
19.2    2800    5       5       5       5

2C3
25      40
5.8     2800    5       5       5       5
19.2    2800    5       5       5       5

2C3
25      40
5.8     2800    5       5       5       5
19.2    2800    5       5       5       5

2C3
25      40
5.8     2800    5       5       5       5
19.2    2800    5       5       5       5

2C3
25      40
5.8     2800    5       5       5       5
19.2    2800    5       5       5       5

2C3
25      40
5.8     2800    5       5       5       5
19.2    2800    5       5       5       5

2C3
25      40
5.8     2800    5       5       5       5
19.2    2800    5       5       5       5

2C2
30      50
5.85    2800    6       6
11.95   2800    6       6
18.05   2800    6       6
24.15   2800    6       6

2C2
30      50
5.85    2800    6       6
11.95   2800    6       6
18.05   2800    6       6
24.15   2800    6       6

2C2
30      50
5.85    2800    6       6
11.95   2800    6       6
18.05   2800    6       6
24.15   2800    6       6

2C2
30      50
5.85    2800    6       6
11.95   2800    6       6
18.05   2800    6       6
24.15   2800    6       6

2C1
30      50
6.1     2800    7       5       7
12      2800    7               7
18      2800    7               7
23.9    2800    7       5       7

2C1
30      50
6.1     2800    7       5       7
12      2800    7               7
18      2800    7               7
23.9    2800    7       5       7

2C1
30      50
6.1     2800    7       5       7
12      2800    7               7
18      2800    7               7
23.9    2800    7       5       7

2C1
30      50
6.1     2800    7       5       7
12      2800    7               7
18      2800    7               7
23.9    2800    7       5       7

2C1
30      50
6.1     2800    7       5       7
12      2800    7               7
18      2800    7               7
23.9    2800    7       5       7

2C1
30      50
6.1     2800    7       5       7
12      2800    7               7
18      2800    7               7
23.9    2800    7       5       7

2C1
30      50
6.1     2800    7       5       7
12      2800    7               7
18      2800    7               7
23.9    2800    7       5       7

2C1
30      50
6.1     2800    7       5       7
12      2800    7               7
18      2800    7               7
23.9    2800    7       5       7

2C1
30      50
6.1     2800    7       5       7
12      2800    7               7
18      2800    7               7
23.9    2800    7       5       7

2C1
30      50
6.1     2800    7       5       7
12      2800    7               7
18      2800    7               7
23.9    2800    7       5       7

2C1
30      50
6.1     2800    7       5       7
12      2800    7               7
18      2800    7               7
23.9    2800    7       5       7

2C1
30      50
6.1     2800    7       5       7
12      2800    7               7
18      2800    7               7
23.9    2800    7       5       7

2C1
30      50
6.1     2800    7       5       7
12      2800    7               7
18      2800    7               7
23.9    2800    7       5       7

2C1
30      50
6.1     2800    7       5       7
12      2800    7               7
18      2800    7               7
23.9    2800    7       5       7

2C1
30      50
6.1     2800    7       5       7
12      2800    7               7
18      2800    7               7
23.9    2800    7       5       7

2C1
30      50
6.1     2800    7       5       7
12      2800    7               7
18      2800    7               7
23.9    2800    7       5       7

2C1
30      50
6.1     2800    7       5       7
12      2800    7               7
18      2800    7               7
23.9    2800    7       5       7

2C1
30      50
6.1     2800    7       5       7
12      2800    7               7
18      2800    7               7
23.9    2800    7       5       7

2C1
30      50
6.1     2800    7       5       7
12      2800    7               7
18      2800    7               7
23.9    2800    7       5       7

2C1
30      50
6.1     2800    7       5       7
12      2800    7               7
18      2800    7               7
23.9    2800    7       5       7

2C2
30      50
5.85    2800    6       6
11.95   2800    6       6
18.05   2800    6       6
24.15   2800    6       6

2C2
30      50
5.85    2800    6       6
11.95   2800    6       6
18.05   2800    6       6
24.15   2800    6       6

2C2
30      50
5.85    2800    6       6
11.95   2800    6       6
18.05   2800    6       6
24.15   2800    6       6

2C2
30      50
5.85    2800    6       6
11.95   2800    6       6
18.05   2800    6       6
24.15   2800    6       6

1C2
30      50
6.1     2800    7       6       7
12      2800    6               6
18      2800    6               6
23.9    2800    7       6       7

1C2
30      50
6.1     2800    7       6       7
12      2800    6               6
18      2800    6               6
23.9    2800    7       6       7

1C2
30      50
6.1     2800    7       6       7
12      2800    6               6
18      2800    6               6
23.9    2800    7       6       7

1C2
30      50
6.1     2800    7       6       7
12      2800    6               6
18      2800    6               6
23.9    2800    7       6       7

1C2
30      50
6.1     2800    7       6       7
12      2800    6               6
18      2800    6               6
23.9    2800    7       6       7

1C2
30      50
6.1     2800    7       6       7
12      2800    6               6
18      2800    6               6
23.9    2800    7       6       7

1C1
30      50
6.1     2800    7       7       7
12      2800    7               7
18      2800    7               7
23.9    2800    7       7       7

1C1
30      50
6.1     2800    7       7       7
12      2800    7               7
18      2800    7               7
23.9    2800    7       7       7

1C1
30      50
6.1     2800    7       7       7
12      2800    7               7
18      2800    7               7
23.9    2800    7       7       7

1C1
30      50
6.1     2800    7       7       7
12      2800    7               7
18      2800    7               7
23.9    2800    7       7       7

1C1
30      50
6.1     2800    7       7       7
12      2800    7               7
18      2800    7               7
23.9    2800    7       7       7

1C1
30      50
6.1     2800    7       7       7
12      2800    7               7
18      2800    7               7
23.9    2800    7       7       7

1C1
30      50
6.1     2800    7       7       7
12      2800    7               7
18      2800    7               7
23.9    2800    7       7       7

1C1
30      50
6.1     2800    7       7       7
12      2800    7               7
18      2800    7               7
23.9    2800    7       7       7

1C1
30      50
6.1     2800    7       7       7
12      2800    7               7
18      2800    7               7
23.9    2800    7       7       7

1C1
30      50
6.1     2800    7       7       7
12      2800    7               7
18      2800    7               7
23.9    2800    7       7       7

1C1
30      50
6.1     2800    7       7       7
12      2800    7               7
18      2800    7               7
23.9    2800    7       7       7

1C1
30      50
6.1     2800    7       7       7
12      2800    7               7
18      2800    7               7
23.9    2800    7       7       7

1C1
30      50
6.1     2800    7       7       7
12      2800    7               7
18      2800    7               7
23.9    2800    7       7       7

1C1
30      50
6.1     2800    7       7       7
12      2800    7               7
18      2800    7               7
23.9    2800    7       7       7

1C1
30      50
6.1     2800    7       7       7
12      2800    7               7
18      2800    7               7
23.9    2800    7       7       7

1C1
30      50
6.1     2800    7       7       7
12      2800    7               7
18      2800    7               7
23.9    2800    7       7       7

1C1
30      50
6.1     2800    7       7       7
12      2800    7               7
18      2800    7               7
23.9    2800    7       7       7

1C1
30      50
6.1     2800    7       7       7
12      2800    7               7
18      2800    7               7
23.9    2800    7       7       7

1C1
30      50
6.1     2800    7       7       7
12      2800    7               7
18      2800    7               7
23.9    2800    7       7       7

1C1
30      50
6.1     2800    7       7       7
12      2800    7               7
18      2800    7               7
23.9    2800    7       7       7

1C2
30      50
6.1     2800    7       6       7
12      2800    6               6
18      2800    6               6
23.9    2800    7       6       7

1C2
30      50
6.1     2800    7       6       7
12      2800    6               6
18      2800    6               6
23.9    2800    7       6       7

1C2
30      50
6.1     2800    7       6       7
12      2800    6               6
18      2800    6               6
23.9    2800    7       6       7

1C2
30      50
6.1     2800    7       6       7
12      2800    6               6
18      2800    6               6
23.9    2800    7       6       7

1C2
30      50
6.1     2800    7       6       7
12      2800    6               6
18      2800    6               6
23.9    2800    7       6       7

1C2
30      50
6.1     2800    7       6       7
12      2800    6               6
18      2800    6               6
23.9    2800    7       6       7

1C3
25      40
5.8     2800    5       5       5       5
19.2    2800    5       5       5       5

1C3
25      40
5.8     2800    5       5       5       5
19.2    2800    5       5       5       5

1C3
25      40
5.8     2800    5       5       5       5
19.2    2800    5       5       5       5

1C3
25      40
5.8     2800    5       5       5       5
19.2    2800    5       5       5       5

1C3
25      40
5.8     2800    5       5       5       5
19.2    2800    5       5       5       5

1C3
25      40
5.8     2800    5       5       5       5
19.2    2800    5       5       5       5

1C3
25      40
5.8     2800    5       5       5       5
19.2    2800    5       5       5       5

1C3
25      40
5.8     2800    5       5       5       5
19.2    2800    5       5       5       5

1C3
25      40
5.8     2800    5       5       5       5
19.2    2800    5       5       5       5

1C3
25      40
5.8     2800    5       5       5       5
19.2    2800    5       5       5       5

1C3
25      40
5.8     2800    5       5       5       5
19.2    2800    5       5       5       5

1C3
25      40
5.8     2800    5       5       5       5
19.2    2800    5       5       5       5

1C3
25      40
5.8     2800    5       5       5       5
19.2    2800    5       5       5       5

1C3
25      40
5.8     2800    5       5       5       5
19.2    2800    5       5       5       5

1C2
30      50
6.1     2800    7       6       7
12      2800    6               6
18      2800    6               6
23.9    2800    7       6       7

1C2
30      50
6.1     2800    7       6       7
12      2800    6               6
18      2800    6               6
23.9    2800    7       6       7

1C2
30      50
6.1     2800    7       6       7
12      2800    6               6
18      2800    6               6
23.9    2800    7       6       7

1C2
30      50
6.1     2800    7       6       7
12      2800    6               6
18      2800    6               6
23.9    2800    7       6       7

1C1
30      50
6.1     2800    7       7       7
12      2800    7               7
18      2800    7               7
23.9    2800    7       7       7

1C1
30      50
6.1     2800    7       7       7
12      2800    7               7
18      2800    7               7
23.9    2800    7       7       7

1C1
30      50
6.1     2800    7       7       7
12      2800    7               7
18      2800    7               7
23.9    2800    7       7       7

1C1
30      50
6.1     2800    7       7       7
12      2800    7               7
18      2800    7               7
23.9    2800    7       7       7

1C1
30      50
6.1     2800    7       7       7
12      2800    7               7
18      2800    7               7
23.9    2800    7       7       7

1C1
30      50
6.1     2800    7       7       7
12      2800    7               7
18      2800    7               7
23.9    2800    7       7       7

1C1
30      50
6.1     2800    7       7       7
12      2800    7               7
18      2800    7               7
23.9    2800    7       7       7

1C1
30      50
6.1     2800    7       7       7
12      2800    7               7
18      2800    7               7
23.9    2800    7       7       7

1C1
30      50
6.1     2800    7       7       7
12      2800    7               7
18      2800    7               7
23.9    2800    7       7       7

1C1
30      50
6.1     2800    7       7       7
12      2800    7               7
18      2800    7               7
23.9    2800    7       7       7

1C1
30      50
6.1     2800    7       7       7
12      2800    7               7
18      2800    7               7
23.9    2800    7       7       7

1C1
30      50
6.1     2800    7       7       7
12      2800    7               7
18      2800    7               7
23.9    2800    7       7       7

1C1
30      50
6.1     2800    7       7       7
12      2800    7               7
18      2800    7               7
23.9    2800    7       7       7

1C1
30      50
6.1     2800    7       7       7
12      2800    7               7
18      2800    7               7
23.9    2800    7       7       7

1C1
30      50
6.1     2800    7       7       7
12      2800    7               7
18      2800    7               7
23.9    2800    7       7       7

1C1
30      50
6.1     2800    7       7       7
12      2800    7               7
18      2800    7               7
23.9    2800    7       7       7

1C1
30      50
6.1     2800    7       7       7
12      2800    7               7
18      2800    7               7
23.9    2800    7       7       7

1C1
30      50
6.1     2800    7       7       7
12      2800    7               7
18      2800    7               7
23.9    2800    7       7       7

1C1
30      50
6.1     2800    7       7       7
12      2800    7               7
18      2800    7               7
23.9    2800    7       7       7

1C1
30      50
6.1     2800    7       7       7
12      2800    7               7
18      2800    7               7
23.9    2800    7       7       7

1C2
30      50
6.1     2800    7       6       7
12      2800    6               6
18      2800    6               6
23.9    2800    7       6       7

1C2
30      50
6.1     2800    7       6       7
12      2800    6               6
18      2800    6               6
23.9    2800    7       6       7

1C2
30      50
6.1     2800    7       6       7
12      2800    6               6
18      2800    6               6
23.9    2800    7       6       7

1C2
30      50
6.1     2800    7       6       7
12      2800    6               6
18      2800    6               6
23.9    2800    7       6       7

