0.1	0.826009852
0.101	0.829007069
0.102	0.828192753
0.103	0.824810327
0.104	0.825653734
0.105	0.82194095
0.106	0.814078527
0.107	0.810478308
0.108	0.804542079
0.109	0.796854948
0.11	0.790070718
0.111	0.787326504
0.112	0.784770662
0.113	0.782588916
0.114	0.780656032
0.115	0.782229648
0.116	0.784557594
0.117	0.786077117
0.118	0.786348803
0.119	0.788960832
0.12	0.79114945
0.121	0.791050113
0.122	0.790642325
0.123	0.791185413
0.124	0.788658083
0.125	0.785207577
0.126	0.782238902
0.127	0.776024207
0.128	0.769394292
0.129	0.763334143
0.13	0.755195386
0.131	0.74659875
0.132	0.740101419
0.133	0.73509057
0.134	0.733787917
0.135	0.733159251
0.136	0.73346351
0.137	0.734808058
0.138	0.737044614
0.139	0.739796503
0.14	0.742644027
0.141	0.745342206
0.142	0.747907806
0.143	0.750514585
0.144	0.753278326
0.145	0.756092421
0.146	0.758634418
0.147	0.762041767
0.148	0.765093883
0.149	0.767307629
0.15	0.768808449
0.151	0.769762025
0.152	0.770237215
0.153	0.770175712
0.154	0.769471474
0.155	0.768081482
0.156	0.766553946
0.157	0.766082144
0.158	0.765190503
0.159	0.763877793
0.16	0.761974918
0.161	0.759203506
0.162	0.755317388
0.163	0.750263933
0.164	0.744290841
0.165	0.737937948
0.166	0.732411164
0.167	0.728109615
0.168	0.724828168
0.169	0.722544663
0.17	0.720885574
0.171	0.719342205
0.172	0.717526295
0.173	0.715333285
0.174	0.715634515
0.175	0.723535624
0.176	0.731083816
0.177	0.738465958
0.178	0.74599727
0.179	0.753826589
0.18	0.761989297
0.181	0.771623639
0.182	0.781019434
0.183	0.78988567
0.184	0.798062635
0.185	0.805560769
0.186	0.813102499
0.187	0.821433414
0.188	0.829572676
0.189	0.837600889
0.19	0.84548722
0.191	0.853102545
0.192	0.860900675
0.193	0.869264461
0.194	0.876880432
0.195	0.883659806
0.196	0.889627266
0.197	0.894927453
0.198	0.900908316
0.199	0.907227988
0.2	0.913552857
0.201	0.92003379
0.202	0.926691016
0.203	0.933415567
0.204	0.94004994
0.205	0.947966117
0.206	0.955421964
0.207	0.962326471
0.208	0.968707982
0.209	0.97469432
0.21	0.980453568
0.211	0.987493742
0.212	0.994832342
0.213	1.002096504
0.214	1.009109322
0.215	1.015600786
0.216	1.021251862
0.217	1.02786332
0.218	1.033169543
0.219	1.036901077
0.22	1.038959081
0.221	1.039545821
0.222	1.040608175
0.223	1.040377436
0.224	1.039212716
0.225	1.037520454
0.226	1.035704986
0.227	1.034123759
0.228	1.033635714
0.229	1.034188576
0.23	1.035398305
0.231	1.03724589
0.232	1.03961899
0.233	1.042344852
0.234	1.04523031
0.235	1.048100446
0.236	1.050828758
0.237	1.053354766
0.238	1.05568838
0.239	1.058652575
0.24	1.061733145
0.241	1.064912575
0.242	1.068340699
0.243	1.072148784
0.244	1.076425415
0.245	1.081197792
0.246	1.086421402
0.247	1.091979871
0.248	1.097695295
0.249	1.103347862
0.25	1.109093874
0.251	1.115107826
0.252	1.120482498
0.253	1.125080498
0.254	1.128843471
0.255	1.131800578
0.256	1.13406499
0.257	1.135818863
0.258	1.137352766
0.259	1.139753979
0.26	1.14226101
0.261	1.145074963
0.262	1.148342286
0.263	1.152140973
0.264	1.156475945
0.265	1.161283368
0.266	1.16644261
0.267	1.171793741
0.268	1.177157909
0.269	1.182357647
0.27	1.188198254
0.271	1.193757718
0.272	1.198812505
0.273	1.203296606
0.274	1.207178789
0.275	1.210457874
0.276	1.213157758
0.277	1.21532399
0.278	1.217552043
0.279	1.219922173
0.28	1.221958453
0.281	1.223787953
0.282	1.225563649
0.283	1.227460572
0.284	1.229668082
0.285	1.232378539
0.286	1.235773424
0.287	1.240008465
0.288	1.245199586
0.289	1.251411457
0.29	1.258650074
0.291	1.26703802
0.292	1.276757339
0.293	1.287271089
0.294	1.298391483
0.295	1.309897968
0.296	1.32155085
0.297	1.333104918
0.298	1.344321921
0.299	1.354981073
0.3	1.365559655
0.301	1.376270751
0.302	1.386029463
0.303	1.394721446
0.304	1.402263165
0.305	1.408683863
0.306	1.415813271
0.307	1.421719411
0.308	1.426387317
0.309	1.429811871
0.31	1.432463762
0.311	1.435503343
0.312	1.437303796
0.313	1.437874319
0.314	1.43723445
0.315	1.436326039
0.316	1.435335458
0.317	1.433217752
0.318	1.430047397
0.319	1.425917573
0.32	1.421528727
0.321	1.417440261
0.322	1.412655761
0.323	1.407311375
0.324	1.401548613
0.325	1.395511468
0.326	1.389344045
0.327	1.384171677
0.328	1.379117241
0.329	1.37424501
0.33	1.369687239
0.331	1.365567852
0.332	1.361999419
0.333	1.359079777
0.334	1.356888603
0.335	1.355484317
0.336	1.354901758
0.337	1.35515099
0.338	1.356217491
0.339	1.358063778
0.34	1.360957345
0.341	1.364642403
0.342	1.368926015
0.343	1.373722131
0.344	1.378939541
0.345	1.384485097
0.346	1.390265964
0.347	1.396190881
0.348	1.402170542
0.349	1.408117415
0.35	1.413945344
0.351	1.419703042
0.352	1.426057856
0.353	1.432093302
0.354	1.437728346
0.355	1.442887351
0.356	1.447502815
0.357	1.451518217
0.358	1.454936274
0.359	1.458897764
0.36	1.462186408
0.361	1.464799828
0.362	1.466751554
0.363	1.468069327
0.364	1.468792662
0.365	1.469764466
0.366	1.470658797
0.367	1.471089503
0.368	1.471111904
0.369	1.470780958
0.37	1.470150022
0.371	1.469270304
0.372	1.469046995
0.373	1.468833531
0.374	1.468480793
0.375	1.468035273
0.376	1.467543859
0.377	1.467053948
0.378	1.466613109
0.379	1.466268207
0.38	1.466806335
0.381	1.467607081
0.382	1.468607467
0.383	1.469839269
0.384	1.47132485
0.385	1.473075379
0.386	1.475089524
0.387	1.477352766
0.388	1.479837397
0.389	1.483346221
0.39	1.487010264
0.391	1.490770729
0.392	1.494563538
0.393	1.498319731
0.394	1.501968247
0.395	1.50543867
0.396	1.509206344
0.397	1.513208851
0.398	1.516876466
0.399	1.520159537
0.4	1.523016849
0.401	1.525415861
0.402	1.527858836
0.403	1.530489587
0.404	1.532621135
0.405	1.534246248
0.406	1.535362282
0.407	1.535969969
0.408	1.53725231
0.409	1.538103721
0.41	1.538455344
0.411	1.538310286
0.412	1.537671634
0.413	1.537400171
0.414	1.537029088
0.415	1.53616414
0.416	1.534807547
0.417	1.532962461
0.418	1.531314353
0.419	1.529724021
0.42	1.527647208
0.421	1.525091409
0.422	1.52206584
0.423	1.51914822
0.424	1.516379277
0.425	1.513155247
0.426	1.509489059
0.427	1.505394495
0.428	1.501300942
0.429	1.497477875
0.43	1.493244918
0.431	1.488617065
0.432	1.483610128
0.433	1.478371769
0.434	1.473643748
0.435	1.468559592
0.436	1.463139556
0.437	1.45740616
0.438	1.451384491
0.439	1.445576988
0.44	1.439889611
0.441	1.433967932
0.442	1.427847883
0.443	1.421568526
0.444	1.41517185
0.445	1.408816806
0.446	1.402949197
0.447	1.39706182
0.448	1.39120432
0.449	1.38542697
0.45	1.379779927
0.451	1.374312445
0.452	1.369072095
0.453	1.364103997
0.454	1.359524321
0.455	1.355551264
0.456	1.351936184
0.457	1.34871119
0.458	1.345903463
0.459	1.343535018
0.46	1.341622596
0.461	1.34017767
0.462	1.339206567
0.463	1.338710678
0.464	1.338686749
0.465	1.339127223
0.466	1.340020609
0.467	1.341351865
0.468	1.343102768
0.469	1.345252256
0.47	1.347776734
0.471	1.350835892
0.472	1.354318056
0.473	1.358111832
0.474	1.362187366
0.475	1.366512905
0.476	1.371054855
0.477	1.375777825
0.478	1.380644676
0.479	1.385616598
0.48	1.390653212
0.481	1.395979413
0.482	1.401563109
0.483	1.407113568
0.484	1.41258622
0.485	1.417935963
0.486	1.423117574
0.487	1.428156692
0.488	1.43358497
0.489	1.438741761
0.49	1.443584836
0.491	1.448074092
0.492	1.452172058
0.493	1.456667169
0.494	1.460741148
0.495	1.464350101
0.496	1.467468814
0.497	1.470491235
0.498	1.473489359
0.499	1.475958079
0.5	1.477887416
0.501	1.479460836
0.502	1.48124815
0.503	1.482494088
0.504	1.483203
0.505	1.483403879
0.506	1.484018787
0.507	1.48412452
0.508	1.483735435
0.509	1.48286789
0.51	1.482298567
0.511	1.481456617
0.512	1.480181794
0.513	1.478492797
0.514	1.476868685
0.515	1.475305644
0.516	1.473370351
0.517	1.471078749
0.518	1.468524142
0.519	1.466431381
0.52	1.464010439
0.521	1.461271815
0.522	1.458224597
0.523	1.455333759
0.524	1.452519413
0.525	1.449403961
0.526	1.445991596
0.527	1.442285741
0.528	1.438988158
0.529	1.435494001
0.53	1.431701817
0.531	1.427613938
0.532	1.42328752
0.533	1.419379804
0.534	1.415173084
0.535	1.410672219
0.536	1.405883375
0.537	1.400907166
0.538	1.396279624
0.539	1.39137493
0.54	1.386204933
0.541	1.380783241
0.542	1.375125187
0.543	1.369870726
0.544	1.364422007
0.545	1.35877199
0.546	1.352941347
0.547	1.346951843
0.548	1.341032264
0.549	1.335347461
0.55	1.329552015
0.551	1.323669643
0.552	1.317723974
0.553	1.311738269
0.554	1.30573576
0.555	1.300195627
0.556	1.294661367
0.557	1.289152912
0.558	1.283688718
0.559	1.278285578
0.56	1.272958465
0.561	1.267720407
0.562	1.262746815
0.563	1.258073674
0.564	1.253504513
0.565	1.249045025
0.566	1.244698776
0.567	1.240467247
0.568	1.236349901
0.569	1.232344276
0.57	1.228446105
0.571	1.224868505
0.572	1.221474572
0.573	1.21816277
0.574	1.214923858
0.575	1.211747554
0.576	1.208622728
0.577	1.205537615
0.578	1.202480019
0.579	1.199437522
0.58	1.19667746
0.581	1.193942182
0.582	1.191185248
0.583	1.188395256
0.584	1.185561445
0.585	1.182673854
0.586	1.179723457
0.587	1.176702282
0.588	1.173868605
0.589	1.171009079
0.59	1.168059668
0.591	1.165016918
0.592	1.161878682
0.593	1.158644114
0.594	1.155313636
0.595	1.151952487
0.596	1.148748329
0.597	1.145451173
0.598	1.142065455
0.599	1.138596492
0.6	1.135050354
0.601	1.131433738
0.602	1.127753825
0.603	1.124155726
0.604	1.120649232
0.605	1.117095437
0.606	1.113502049
0.607	1.109876625
0.608	1.106226448
0.609	1.102558419
0.61	1.098878956
0.611	1.095230895
0.612	1.091784079
0.613	1.088335401
0.614	1.084888915
0.615	1.081447937
0.616	1.078015031
0.617	1.074592015
0.618	1.071179976
0.619	1.067779302
0.62	1.064389725
0.621	1.061210929
0.622	1.058044632
0.623	1.054881693
0.624	1.051720033
0.625	1.048557245
0.626	1.045390684
0.627	1.042217554
0.628	1.039034995
0.629	1.035840173
0.63	1.032676637
0.631	1.02963762
0.632	1.026575639
0.633	1.023488677
0.634	1.02037509
0.635	1.017233661
0.636	1.014063647
0.637	1.010864816
0.638	1.007637474
0.639	1.004382478
0.64	1.00112256
0.641	0.997980638
0.642	0.994812415
0.643	0.991620785
0.644	0.988409138
0.645	0.985181333
0.646	0.981941646
0.647	0.978694727
0.648	0.975445538
0.649	0.972199297
0.65	0.968961408
0.651	0.965737403
0.652	0.962588054
0.653	0.959523527
0.654	0.956484435
0.655	0.95347624
0.656	0.950504219
0.657	0.947573406
0.658	0.944688534
0.659	0.941853988
0.66	0.939073752
0.661	0.936351377
0.662	0.933689941
0.663	0.931092027
0.664	0.928559702
0.665	0.926094501
0.666	0.923697427
0.667	0.921368947
0.668	0.919109002
0.669	0.916935573
0.67	0.91487565
0.671	0.912879768
0.672	0.910946191
0.673	0.909072765
0.674	0.907256951
0.675	0.905495865
0.676	0.903786317
0.677	0.902124858
0.678	0.900507823
0.679	0.898931375
0.68	0.897391555
0.681	0.895884324
0.682	0.894405608
0.683	0.892951344
0.684	0.891517518
0.685	0.89010021
0.686	0.888695625
0.687	0.887300131
0.688	0.885910288
0.689	0.884522882
0.69	0.883193118
0.691	0.881873163
0.692	0.880547578
0.693	0.879214147
0.694	0.877870963
0.695	0.876516431
0.696	0.875149277
0.697	0.873768549
0.698	0.87237362
0.699	0.87096418
0.7	0.86954023
0.701	0.868102077
0.702	0.866650318
0.703	0.865185829
0.704	0.863709747
0.705	0.862223453
0.706	0.860728552
0.707	0.859255918
0.708	0.857811566
0.709	0.856362781
0.71	0.854911789
0.711	0.853460941
0.712	0.852012679
0.713	0.850569519
0.714	0.849134024
0.715	0.847708778
0.716	0.846296364
0.717	0.844899343
0.718	0.843520225
0.719	0.842161456
0.72	0.840825392
0.721	0.839514283
0.722	0.838230256
0.723	0.836975297
0.724	0.835751239
0.725	0.83455975
0.726	0.833402321
0.727	0.832280259
0.728	0.83119468
0.729	0.830146502
0.73	0.829136446
0.731	0.828166631
0.732	0.827263336
0.733	0.826398452
0.734	0.825572014
0.735	0.824783872
0.736	0.82403369
0.737	0.823320961
0.738	0.82264501
0.739	0.822005008
0.74	0.821399982
0.741	0.820828828
0.742	0.820290321
0.743	0.819783133
0.744	0.819305842
0.745	0.818856949
0.746	0.81843489
0.747	0.818038053
0.748	0.81766479
0.749	0.81731343
0.75	0.816982294
0.751	0.816669709
0.752	0.816374016
0.753	0.816093586
0.754	0.815826829
0.755	0.815572205
0.756	0.815328233
0.757	0.815093498
0.758	0.81486666
0.759	0.814646463
0.76	0.814431735
0.761	0.814221396
0.762	0.814024771
0.763	0.813859773
0.764	0.813696867
0.765	0.813535337
0.766	0.813374569
0.767	0.813214048
0.768	0.813053358
0.769	0.812892185
0.77	0.812730306
0.771	0.812567593
0.772	0.812404006
0.773	0.812239592
0.774	0.812074474
0.775	0.811908855
0.776	0.811743003
0.777	0.811577252
0.778	0.811411993
0.779	0.811247668
0.78	0.81108476
0.781	0.810923794
0.782	0.810765322
0.783	0.810611652
0.784	0.810502769
0.785	0.810397997
0.786	0.810297939
0.787	0.810203196
0.788	0.810114361
0.789	0.810032008
0.79	0.80995669
0.791	0.809888929
0.792	0.80982921
0.793	0.809777976
0.794	0.809735623
0.795	0.809702491
0.796	0.809678862
0.797	0.809664956
0.798	0.809660921
0.799	0.809666837
0.8	0.809682706
0.801	0.809708453
0.802	0.80974392
0.803	0.809808076
0.804	0.809907357
0.805	0.810015718
0.806	0.810132701
0.807	0.810257765
0.808	0.81039028
0.809	0.810529536
0.81	0.810674737
0.811	0.810825011
0.812	0.810979406
0.813	0.811136899
0.814	0.811296395
0.815	0.811456737
0.816	0.811616705
0.817	0.811775027
0.818	0.811930381
0.819	0.812081403
0.82	0.812278789
0.821	0.812473293
0.822	0.812659898
0.823	0.812837136
0.824	0.813003527
0.825	0.813157588
0.826	0.81329784
0.827	0.813422815
0.828	0.813531065
0.829	0.813621169
0.83	0.813691739
0.831	0.81374143
0.832	0.813768944
0.833	0.81382479
0.834	0.813870322
0.835	0.81389056
0.836	0.813884417
0.837	0.813850883
0.838	0.813789027
0.839	0.813698004
0.84	0.813577059
0.841	0.81342553
0.842	0.81324285
0.843	0.813028552
0.844	0.812804587
0.845	0.812595747
0.846	0.812354334
0.847	0.812080228
0.848	0.81177341
0.849	0.811433963
0.85	0.811062074
0.851	0.810658027
0.852	0.810222207
0.853	0.809755092
0.854	0.809257255
0.855	0.808746089
0.856	0.808255802
0.857	0.807736271
0.858	0.807188356
0.859	0.806612989
0.86	0.806011178
0.861	0.805383994
0.862	0.804732572
0.863	0.804058102
0.864	0.803361825
0.865	0.802645029
0.866	0.801909042
0.867	0.801183155
0.868	0.800470439
0.869	0.799741532
0.87	0.798997851
0.871	0.798240832
0.872	0.797471921
0.873	0.79669257
0.874	0.795904233
0.875	0.795108364
0.876	0.794306405
0.877	0.79349979
0.878	0.792689936
0.879	0.791878239
0.88	0.791066072
0.881	0.790274587
0.882	0.789508492
0.883	0.788744694
0.884	0.787984456
0.885	0.787229006
0.886	0.786479531
0.887	0.785737179
0.888	0.785003054
0.889	0.784278213
0.89	0.78356367
0.891	0.782860388
0.892	0.782169282
0.893	0.781491218
0.894	0.780827009
0.895	0.78017742
0.896	0.779543161
0.897	0.778924893
0.898	0.778323222
0.899	0.777738705
0.9	0.777171846
0.901	0.776643057
0.902	0.776139192
0.903	0.77565357
0.904	0.775186529
0.905	0.774738356
0.906	0.774309293
0.907	0.773899533
0.908	0.773509224
0.909	0.773138469
0.91	0.772787328
0.911	0.772455819
0.912	0.772143918
0.913	0.771851562
0.914	0.771578652
0.915	0.771325051
0.916	0.771090588
0.917	0.770875058
0.918	0.770678226
0.919	0.770499827
0.92	0.770339569
0.921	0.770197134
0.922	0.770072181
0.923	0.769964345
0.924	0.769873242
0.925	0.769798472
0.926	0.769739617
0.927	0.769696245
0.928	0.769667912
0.929	0.769660761
0.93	0.769682758
0.931	0.769718497
0.932	0.769767517
0.933	0.769829357
0.934	0.769903553
0.935	0.769989642
0.936	0.770087164
0.937	0.770195664
0.938	0.770314692
0.939	0.770443808
0.94	0.770582582
0.941	0.770730593
0.942	0.770887437
0.943	0.771052721
0.944	0.771226071
0.945	0.771407131
0.946	0.771595561
0.947	0.771791043
0.948	0.77199328
0.949	0.772201998
0.95	0.772416944
0.951	0.772637892
0.952	0.772864636
0.953	0.773097
0.954	0.77333483
0.955	0.773592152
0.956	0.77386653
0.957	0.774146165
0.958	0.774431004
0.959	0.774721018
0.96	0.775016204
0.961	0.775316585
0.962	0.775622208
0.963	0.775933146
0.964	0.776249492
0.965	0.776571365
0.966	0.776898904
0.967	0.777232268
0.968	0.777571636
0.969	0.777917205
0.97	0.778269188
0.971	0.7786638
0.972	0.779259677
0.973	0.779850502
0.974	0.780436531
0.975	0.781018033
0.976	0.781595288
0.977	0.782168583
0.978	0.782738214
0.979	0.783304481
0.98	0.783935266
0.981	0.784586238
0.982	0.78523466
0.983	0.78588084
0.984	0.786525082
0.985	0.787167683
0.986	0.787808932
0.987	0.788449107
0.988	0.789088471
0.989	0.789789782
0.99	0.790518981
0.991	0.791248066
0.992	0.791977242
0.993	0.79270669
0.994	0.793436567
0.995	0.794167002
0.996	0.794898095
0.997	0.795629914
0.998	0.796436494
0.999	0.797261883
1	0.798088181
1.001	0.798915339
1.002	0.79974327
1.003	0.800571851
1.004	0.801400914
1.005	0.802230253
1.006	0.803077958
1.007	0.80400161
1.008	0.804925018
1.009	0.805847829
1.01	0.806769644
1.011	0.807690019
1.012	0.808608469
1.013	0.809524462
1.014	0.810437423
1.015	0.811442014
1.016	0.812445933
1.017	0.813445389
1.018	0.814439659
1.019	0.815427974
1.02	0.816409528
1.021	0.817383476
1.022	0.818369551
1.023	0.819429061
1.024	0.820478882
1.025	0.821518038
1.026	0.822545521
1.027	0.823560292
1.028	0.824561282
1.029	0.825547394
1.03	0.826614445
1.031	0.827676882
1.032	0.828721773
1.033	0.829747937
1.034	0.830754175
1.035	0.831739273
1.036	0.832702003
1.037	0.833755377
1.038	0.834784776
1.039	0.835788847
1.04	0.836766328
1.041	0.837715953
1.042	0.838636458
1.043	0.839583992
1.044	0.840562474
1.045	0.841508814
1.046	0.842421757
1.047	0.843300061
1.048	0.844142498
1.049	0.844985376
1.05	0.84587705
1.051	0.846729944
1.052	0.847542885
1.053	0.848314726
1.054	0.849044343
1.055	0.849784496
1.056	0.850555093
1.057	0.851280829
1.058	0.85196068
1.059	0.852593658
1.06	0.853178811
1.061	0.853817491
1.062	0.854436332
1.063	0.855005127
1.064	0.855523058
1.065	0.855989352
1.066	0.856446644
1.067	0.856941772
1.068	0.857383468
1.069	0.857771108
1.07	0.858104125
1.071	0.858385725
1.072	0.858743788
1.073	0.859045913
1.074	0.859291698
1.075	0.859480796
1.076	0.859612916
1.077	0.859805606
1.078	0.859959659
1.079	0.86005606
1.08	0.860094696
1.081	0.860075508
1.082	0.860107612
1.083	0.860109294
1.084	0.860053014
1.085	0.859938893
1.086	0.859767107
1.087	0.85964851
1.088	0.859497787
1.089	0.859289787
1.09	0.859024858
1.091	0.858703402
1.092	0.858446677
1.093	0.858147684
1.094	0.85779305
1.095	0.857383337
1.096	0.856924502
1.097	0.856539136
1.098	0.856099932
1.099	0.8556076
1.1	0.855062895
1.101	0.854495564
1.102	0.853978484
1.103	0.853410682
1.104	0.852793042
1.105	0.852126482
1.106	0.851465277
1.107	0.850830491
1.108	0.850148781
1.109	0.849421173
1.11	0.84864872
1.111	0.847907765
1.112	0.847171929
1.113	0.846393514
1.114	0.845573654
1.115	0.844713503
1.116	0.843904957
1.117	0.843086772
1.118	0.84223075
1.119	0.841338098
1.12	0.840410037
1.121	0.839543638
1.122	0.838663198
1.123	0.837749909
1.124	0.836805016
1.125	0.835829769
1.126	0.834915415
1.127	0.833993549
1.128	0.833043913
1.129	0.832067754
1.13	0.83106632
1.131	0.830116287
1.132	0.829173898
1.133	0.828208761
1.134	0.827222096
1.135	0.826215111
1.136	0.825242245
1.137	0.82429969
1.138	0.823339217
1.139	0.822361988
1.14	0.821369142
1.141	0.820383249
1.142	0.819459778
1.143	0.818522905
1.144	0.817573703
1.145	0.816613223
1.146	0.815642492
1.147	0.814733897
1.148	0.813837855
1.149	0.81293347
1.15	0.81202168
1.151	0.811103396
1.152	0.810193394
1.153	0.809353316
1.154	0.808508359
1.155	0.807659331
1.156	0.806807011
1.157	0.805952145
1.158	0.805129399
1.159	0.804356019
1.16	0.80358131
1.161	0.802805909
1.162	0.802030418
1.163	0.801255408
1.164	0.800522788
1.165	0.799831277
1.166	0.799141043
1.167	0.798452543
1.168	0.797766199
1.169	0.797082399
1.17	0.79644108
1.171	0.79584151
1.172	0.795244863
1.173	0.794651414
1.174	0.794061408
1.175	0.793475057
1.176	0.792924906
1.177	0.792422276
1.178	0.791923278
1.179	0.791428018
1.18	0.790936572
1.181	0.790448987
1.182	0.789987246
1.183	0.789581733
1.184	0.789179694
1.185	0.788781078
1.186	0.788385812
1.187	0.787993792
1.188	0.787614534
1.189	0.787301942
1.19	0.786991894
1.191	0.786684207
1.192	0.786378676
1.193	0.786075072
1.194	0.785773147
1.195	0.785543613
1.196	0.785316935
1.197	0.785090932
1.198	0.784865292
1.199	0.784639688
1.2	0.784413777
1.201	0.784251026
1.202	0.784096161
1.203	0.783939801
1.204	0.783781558
1.205	0.78362103
1.206	0.783457808
1.207	0.783354876
1.208	0.783258108
1.209	0.78315734
1.21	0.783052133
1.211	0.782942043
1.212	0.782826619
1.213	0.782775441
1.214	0.782721689
1.215	0.782661243
1.216	0.782593641
1.217	0.782518421
1.218	0.782444991
1.219	0.782427553
1.22	0.78240114
1.221	0.78236529
1.222	0.782319543
1.223	0.782263442
1.224	0.782228354
1.225	0.782225383
1.226	0.782210751
1.227	0.782184017
1.228	0.782144744
1.229	0.782092503
1.23	0.782089064
1.231	0.78208559
1.232	0.782067936
1.233	0.782035702
1.234	0.781988492
1.235	0.781949443
1.236	0.781947769
1.237	0.781930017
1.238	0.78189583
1.239	0.781844861
1.24	0.781776773
1.241	0.781759319
1.242	0.781733225
1.243	0.781689069
1.244	0.781626556
1.245	0.781545406
1.246	0.781487753
1.247	0.781446148
1.248	0.781385107
1.249	0.781304396
1.25	0.781203795
1.251	0.781105745
1.252	0.781042634
1.253	0.780958988
1.254	0.780854637
1.255	0.780729422
1.256	0.780590425
1.257	0.780501053
1.258	0.78039033
1.259	0.780258151
1.26	0.780104423
1.261	0.779929069
1.262	0.779805015
1.263	0.779664009
1.264	0.779501081
1.265	0.779316202
1.266	0.77910936
1.267	0.778944431
1.268	0.778771177
1.269	0.778575815
1.27	0.778358378
1.271	0.778118912
1.272	0.777915158
1.273	0.77770889
1.274	0.77748059
1.275	0.77723035
1.276	0.776958273
1.277	0.776718183
1.278	0.776479251
1.279	0.776218609
1.28	0.775936401
1.281	0.775632782
1.282	0.775359448
1.283	0.775089222
1.284	0.774797829
1.285	0.774485457
1.286	0.774152308
1.287	0.773849142
1.288	0.773549897
1.289	0.773230216
1.29	0.772890331
1.291	0.772530479
1.292	0.772199976
1.293	0.771874758
1.294	0.771529998
1.295	0.771165961
1.296	0.770782913
1.297	0.770426298
1.298	0.77007879
1.299	0.769712763
1.3	0.769328504
1.301	0.768926306
1.302	0.768544716
1.303	0.768179093
1.304	0.767796067
1.305	0.767395943
1.306	0.766979028
1.307	0.766574568
1.308	0.766195347
1.309	0.765799901
1.31	0.765388543
1.311	0.76496159
1.312	0.764537197
1.313	0.764149093
1.314	0.763745969
1.315	0.763328143
1.316	0.762895932
1.317	0.762454908
1.318	0.762062694
1.319	0.761656665
1.32	0.761237133
1.321	0.76080441
1.322	0.760358805
1.323	0.759958934
1.324	0.759554669
1.325	0.759138064
1.326	0.758709419
1.327	0.758269028
1.328	0.757860564
1.329	0.757462515
1.33	0.757053225
1.331	0.756632977
1.332	0.756202047
1.333	0.755789001
1.334	0.755401294
1.335	0.755003361
1.336	0.754595461
1.337	0.75417785
1.338	0.753762813
1.339	0.753389162
1.34	0.753006196
1.341	0.752614147
1.342	0.752213243
1.343	0.751803705
1.344	0.751440732
1.345	0.751075842
1.346	0.750702631
1.347	0.750321295
1.348	0.749932026
1.349	0.74956747
1.35	0.749223209
1.351	0.748871254
1.352	0.74851177
1.353	0.748144915
1.354	0.747778359
1.355	0.747456685
1.356	0.747127802
1.357	0.746791843
1.358	0.746448931
1.359	0.746099183
1.36	0.745782689
1.361	0.74547807
1.362	0.745166681
1.363	0.744848612
1.364	0.744523947
1.365	0.74420614
1.366	0.743926342
1.367	0.743639936
1.368	0.743346979
1.369	0.743047519
1.37	0.7427416
1.371	0.742475612
1.372	0.742213979
1.373	0.741945782
1.374	0.741671039
1.375	0.74138976
1.376	0.74112677
1.377	0.740889101
1.378	0.740644721
1.379	0.740393619
1.38	0.740135774
1.381	0.739876785
1.382	0.739661707
1.383	0.739439648
1.384	0.739210567
1.385	0.738974419
1.386	0.738731152
1.387	0.738523976
1.388	0.738322236
1.389	0.738113066
1.39	0.737896395
1.391	0.737672149
1.392	0.737465886
1.393	0.737282015
1.394	0.737090207
1.395	0.736890372
1.396	0.736682415
1.397	0.736476295
1.398	0.736307451
1.399	0.736130082
1.4	0.735944079
1.401	0.73574933
1.402	0.735545722
1.403	0.735384843
1.404	0.735218679
1.405	0.735043211
1.406	0.734858315
1.407	0.734663864
1.408	0.734498437
1.409	0.734340004
1.41	0.73417155
1.411	0.733992942
1.412	0.733804046
1.413	0.73363265
1.414	0.733478304
1.415	0.733313189
1.416	0.733137166
1.417	0.732950097
1.418	0.732773033
1.419	0.732619026
1.42	0.732453487
1.421	0.732276275
1.422	0.732087252
1.423	0.731904849
1.424	0.731747397
1.425	0.731577652
1.426	0.731395474
1.427	0.731200727
1.428	0.731012011
1.429	0.730847366
1.43	0.730669681
1.431	0.730478822
1.432	0.730274659
1.433	0.730078026
1.434	0.729902536
1.435	0.729713289
1.436	0.72951016
1.437	0.729293029
1.438	0.729087308
1.439	0.728897474
1.44	0.72869321
1.441	0.728474403
1.442	0.728240943
1.443	0.728025223
1.444	0.727817756
1.445	0.72759524
1.446	0.727357575
1.447	0.727104667
1.448	0.726877744
1.449	0.726649607
1.45	0.726405867
1.451	0.72614644
1.452	0.725871248
1.453	0.725631993
1.454	0.725380445
1.455	0.725112812
1.456	0.72482903
1.457	0.724538014
1.458	0.724277076
1.459	0.723999703
1.46	0.723705844
1.461	0.723395454
1.462	0.723092359
1.463	0.722803871
1.464	0.722498611
1.465	0.722176551
1.466	0.721837665
1.467	0.721522182
1.468	0.721204368
1.469	0.720869537
1.47	0.72051768
1.471	0.720151688
1.472	0.719820339
1.473	0.719471811
1.474	0.719106112
1.475	0.718723255
1.476	0.718344381
1.477	0.717981409
1.478	0.717601176
1.479	0.71720371
1.48	0.716789048
1.481	0.716396995
1.482	0.716001714
1.483	0.715589182
1.484	0.715159452
1.485	0.714717723
1.486	0.714307059
1.487	0.713879182
1.488	0.71343416
1.489	0.712972065
1.49	0.71251733
1.491	0.712074002
1.492	0.711613636
1.493	0.711136321
1.494	0.710642151
1.495	0.710174982
1.496	0.709699391
1.497	0.709207026
1.498	0.708697996
1.499	0.708184115
1.5	0.707693582
1.501	0.7071865
1.502	0.706662993
1.503	0.706123191
1.504	0.705598456
1.505	0.705077146
1.506	0.7045397
1.507	0.703986258
1.508	0.70341697
1.509	0.702881456
1.51	0.702330753
1.511	0.7017644
1.512	0.701182559
1.513	0.700602447
1.514	0.700039309
1.515	0.699460909
1.516	0.698867419
1.517	0.698259014
1.518	0.697669351
1.519	0.697079891
1.52	0.696475777
1.521	0.695857196
1.522	0.695225562
1.523	0.694626145
1.524	0.694012544
1.525	0.693384955
1.526	0.692743577
1.527	0.692104659
1.528	0.691482808
1.529	0.690847478
1.53	0.690198878
1.531	0.689537216
1.532	0.688891544
1.533	0.688249826
1.534	0.68759538
1.535	0.686928422
1.536	0.686249171
1.537	0.685597241
1.538	0.684938398
1.539	0.684267612
1.54	0.683585108
1.541	0.682895528
1.542	0.682233794
1.543	0.681560705
1.544	0.680876487
1.545	0.680181371
1.546	0.679487811
1.547	0.678813984
1.548	0.678129631
1.549	0.677434984
1.55	0.676730277
1.551	0.676033664
1.552	0.675350782
1.553	0.674658219
1.554	0.673956208
1.555	0.673244983
1.556	0.672545941
1.557	0.671857088
1.558	0.671159403
1.559	0.670453121
1.56	0.669738476
1.561	0.669037613
1.562	0.668345884
1.563	0.667646172
1.564	0.66693871
1.565	0.66622373
1.566	0.665521933
1.567	0.664830405
1.568	0.664131734
1.569	0.663426148
1.57	0.662713877
1.571	0.662012077
1.572	0.661323778
1.573	0.660629159
1.574	0.659928445
1.575	0.65922186
1.576	0.658520605
1.577	0.657838487
1.578	0.657150851
1.579	0.656457916
1.58	0.655759898
1.581	0.655059321
1.582	0.654386235
1.583	0.653708406
1.584	0.653026045
1.585	0.65233936
1.586	0.651648559
1.587	0.650978099
1.588	0.650312772
1.589	0.649643646
1.59	0.648970919
1.591	0.648294791
1.592	0.647624632
1.593	0.646974353
1.594	0.646320969
1.595	0.645664668
1.596	0.645005639
1.597	0.644344066
1.598	0.643702849
1.599	0.643067544
1.6	0.642429962
1.601	0.641790281
1.602	0.641148673
1.603	0.64050704
1.604	0.639891965
1.605	0.639275207
1.606	0.63865693
1.607	0.638037296
1.608	0.637416462
1.609	0.636802204
1.61	0.636208174
1.611	0.635613156
1.612	0.635017298
1.613	0.634420747
1.614	0.633823646
1.615	0.633236399
1.616	0.632666282
1.617	0.632095791
1.618	0.631525059
1.619	0.630954216
1.62	0.630383388
1.621	0.629822998
1.622	0.629279244
1.623	0.628735648
1.624	0.628192325
1.625	0.627649389
1.626	0.62710695
1.627	0.626572691
1.628	0.626057325
1.629	0.625542562
1.63	0.625028504
1.631	0.624515247
1.632	0.624002882
1.633	0.623493215
1.634	0.623007832
1.635	0.622523416
1.636	0.622040051
1.637	0.621557815
1.638	0.621076786
1.639	0.620597036
1.64	0.620135492
1.641	0.619682513
1.642	0.619230847
1.643	0.618780558
1.644	0.618331707
1.645	0.61788435
1.646	0.617442796
1.647	0.617021933
1.648	0.616602567
1.649	0.616184745
1.65	0.615768512
1.651	0.615353911
1.652	0.61494098
1.653	0.614541747
1.654	0.614154888
1.655	0.613769665
1.656	0.613386108
1.657	0.613004245
1.658	0.612624101
1.659	0.612245698
1.66	0.611885694
1.661	0.611532837
1.662	0.611181654
1.663	0.610832156
1.664	0.610484357
1.665	0.610138264
1.666	0.609793884
1.667	0.609470007
1.668	0.60915056
1.669	0.608832727
1.67	0.608516508
1.671	0.6082019
1.672	0.607888896
1.673	0.60757749
1.674	0.607286513
1.675	0.606999346
1.676	0.606713651
1.677	0.606429415
1.678	0.60614662
1.679	0.60586525
1.68	0.605585282
1.681	0.605324135
1.682	0.605067648
1.683	0.604812417
1.684	0.604558417
1.685	0.604305621
1.686	0.604053998
1.687	0.603803517
1.688	0.603569539
1.689	0.603341728
1.69	0.603114894
1.691	0.602889002
1.692	0.602664015
1.693	0.602439894
1.694	0.6022166
1.695	0.60200724
1.696	0.601805765
1.697	0.601604937
1.698	0.601404713
1.699	0.601205046
1.7	0.601005892
1.701	0.600807204
1.702	0.600619666
1.703	0.600441923
1.704	0.600264456
1.705	0.600087215
1.706	0.599910149
1.707	0.599733207
1.708	0.599556336
1.709	0.59938776
1.71	0.59923095
1.711	0.599074014
1.712	0.5989169
1.713	0.598759552
1.714	0.598601914
1.715	0.598443931
1.716	0.598291694
1.717	0.598152887
1.718	0.598013536
1.719	0.597873583
1.72	0.597732972
1.721	0.597591646
1.722	0.597449546
1.723	0.597311126
1.724	0.597187328
1.725	0.597062558
1.726	0.596936758
1.727	0.59680987
1.728	0.596681835
1.729	0.596552596
1.73	0.596425305
1.731	0.596313518
1.732	0.596200331
1.733	0.596085688
1.734	0.59596953
1.735	0.5958518
1.736	0.595732441
1.737	0.595613583
1.738	0.595510858
1.739	0.595406315
1.74	0.595299899
1.741	0.595191553
1.742	0.595081223
1.743	0.594968853
1.744	0.594856191
1.745	0.594759677
1.746	0.594660943
1.747	0.594559937
1.748	0.594456607
1.749	0.594350899
1.75	0.594242763
1.751	0.594134645
1.752	0.594041632
1.753	0.59394602
1.754	0.593847762
1.755	0.593746809
1.756	0.593643112
1.757	0.593536625
1.758	0.59343168
1.759	0.593339633
1.76	0.59324464
1.761	0.593146654
1.762	0.593045633
1.763	0.592941534
1.764	0.592834313
1.765	0.592731237
1.766	0.592637831
1.767	0.592541161
1.768	0.592441188
1.769	0.592337874
1.77	0.592231182
1.771	0.592121074
1.772	0.592018676
1.773	0.591921813
1.774	0.591821406
1.775	0.591717423
1.776	0.591609831
1.777	0.591498597
1.778	0.591383692
1.779	0.591281048
1.78	0.591178878
1.781	0.591072924
1.782	0.590963159
1.783	0.590849556
1.784	0.59073209
1.785	0.590612407
1.786	0.5905073
1.787	0.590398231
1.788	0.590285178
1.789	0.590168119
1.79	0.590047035
1.791	0.589921907
1.792	0.589801424
1.793	0.589688254
1.794	0.589570956
1.795	0.589449514
1.796	0.589323914
1.797	0.589194143
1.798	0.589060187
1.799	0.588938843
1.8	0.5888165
1.801	0.588689905
1.802	0.588559049
1.803	0.588423922
1.804	0.588284518
1.805	0.588146647
1.806	0.588018615
1.807	0.587886251
1.808	0.587749551
1.809	0.58760851
1.81	0.587463126
1.811	0.587313399
1.812	0.587174776
1.813	0.587036176
1.814	0.586893192
1.815	0.586745825
1.816	0.586594077
1.817	0.586437953
1.818	0.586283161
1.819	0.586138002
1.82	0.585988437
1.821	0.585834472
1.822	0.585676115
1.823	0.585513374
1.824	0.585346258
1.825	0.585190916
1.826	0.585034607
1.827	0.584873906
1.828	0.584708824
1.829	0.584539376
1.83	0.584365573
1.831	0.58419504
1.832	0.584031948
1.833	0.583864494
1.834	0.583692696
1.835	0.583516568
1.836	0.58333613
1.837	0.583151398
1.838	0.582981429
1.839	0.582807321
1.84	0.582628923
1.841	0.582446256
1.842	0.58225934
1.843	0.582068196
1.844	0.581884499
1.845	0.581703937
1.846	0.581519159
1.847	0.581330189
1.848	0.58113705
1.849	0.580939769
1.85	0.580742952
1.851	0.580556229
1.852	0.580365381
1.853	0.580170434
1.854	0.579971415
1.855	0.579768352
1.856	0.579561273
1.857	0.57936646
1.858	0.57916993
1.859	0.57896941
1.86	0.578764927
1.861	0.578556514
1.862	0.578344199
1.863	0.57813735
1.864	0.577935597
1.865	0.577729972
1.866	0.577520508
1.867	0.577307237
1.868	0.577090191
1.869	0.576871982
1.87	0.57666552
1.871	0.576455317
1.872	0.576241406
1.873	0.576023821
1.874	0.575802596
1.875	0.575577765
1.876	0.57536303
1.877	0.575148818
1.878	0.574931037
1.879	0.574709724
1.88	0.574484912
1.881	0.574256637
1.882	0.574031603
1.883	0.573813986
1.884	0.573592946
1.885	0.573368519
1.886	0.573140741
1.887	0.572909648
1.888	0.572675276
1.889	0.572454436
1.89	0.572230769
1.891	0.572003865
1.892	0.571773761
1.893	0.571540492
1.894	0.571304095
1.895	0.57107393
1.896	0.570848284
1.897	0.570619551
1.898	0.57038777
1.899	0.570152976
1.9	0.569915207
1.901	0.569676623
1.902	0.569449647
1.903	0.569219737
1.904	0.568986929
1.905	0.568751262
1.906	0.56851277
1.907	0.56827149
1.908	0.568039425
1.909	0.567808982
1.91	0.567575793
1.911	0.567339893
1.912	0.567101318
1.913	0.566860105
1.914	0.566622104
1.915	0.566391761
1.916	0.566158819
1.917	0.565923313
1.918	0.565685278
1.919	0.56544475
1.92	0.565201763
1.921	0.564972077
1.922	0.564739991
1.923	0.564758988
1.924	0.565687739
1.925	0.566631114
1.926	0.567563648
1.927	0.568485341
1.928	0.569396195
1.929	0.570320131
1.93	0.571236865
1.931	0.572142819
1.932	0.573037998
1.933	0.57393926
1.934	0.5748405
1.935	0.575731028
1.936	0.576610849
1.937	0.577488209
1.938	0.578374275
1.939	0.5792497
1.94	0.580114489
1.941	0.580968651
1.942	0.581837967
1.943	0.58269862
1.944	0.583548713
1.945	0.584388255
1.946	0.585231457
1.947	0.586077677
1.948	0.586913417
1.949	0.587738684
1.95	0.588554779
1.951	0.589386913
1.952	0.590208645
1.953	0.591019988
1.954	0.591820951
1.955	0.592626471
1.956	0.593434546
1.957	0.594232315
1.958	0.595019788
1.959	0.59579698
1.96	0.596591327
1.961	0.597375874
1.962	0.598150211
1.963	0.598914352
1.964	0.599679275
1.965	0.600450953
1.966	0.601212506
1.967	0.601963948
1.968	0.602705294
1.969	0.603457931
1.97	0.60420705
1.971	0.604946144
1.972	0.605675228
1.973	0.606397282
1.974	0.607134313
1.975	0.607861405
1.976	0.608578571
1.977	0.609285827
1.978	0.609994809
1.979	0.610710238
1.98	0.611415826
1.981	0.612111589
1.982	0.612797542
1.983	0.613493133
1.984	0.614187476
1.985	0.614872076
1.986	0.615546949
1.987	0.616212112
1.988	0.616893982
1.989	0.617567742
1.99	0.618231856
1.991	0.618886342
1.992	0.619535849
1.993	0.620199083
1.994	0.62085275
1.995	0.621496868
1.996	0.62213145
1.997	0.622766662
1.998	0.623410185
1.999	0.624044234
2	0.624668825
2.001	0.625283973
2.002	0.625904697
2.003	0.626528967
2.004	0.627143852
2.005	0.627749368
2.006	0.62834553
2.007	0.628951587
2.008	0.629557041
2.009	0.630153197
2.01	0.63074007
2.011	0.631317674
2.012	0.631909011
2.013	0.632496068
2.014	0.633073909
2.015	0.633642547
2.016	0.634201999
2.017	0.634778726
2.018	0.63534778
2.019	0.635907696
2.02	0.636458489
2.021	0.637002013
2.022	0.637562512
2.023	0.638113935
2.024	0.638656295
2.025	0.639189605
2.026	0.639718959
2.027	0.640262106
2.028	0.640796247
2.029	0.641321396
2.03	0.641837565
2.031	0.642353018
2.032	0.642879143
2.033	0.643396329
2.034	0.643904588
2.035	0.644403934
2.036	0.644905743
2.037	0.645415152
2.038	0.645915686
2.039	0.646407355
2.04	0.646890172
2.041	0.647378594
2.042	0.647871572
2.043	0.648355734
2.044	0.64883109
2.045	0.649297651
2.046	0.649772957
2.047	0.650249767
2.048	0.650717816
2.049	0.651177114
2.05	0.651627671
2.051	0.652090143
2.052	0.652551028
2.053	0.653003202
2.054	0.653446677
2.055	0.653881461
2.056	0.654331358
2.057	0.654776539
2.058	0.655213058
2.059	0.655640924
2.06	0.656060147
2.061	0.65649771
2.062	0.65692739
2.063	0.657348453
2.064	0.657760907
2.065	0.658167312
2.066	0.658590262
2.067	0.659004627
2.068	0.659410417
2.069	0.65980764
2.07	0.660202274
2.071	0.660610039
2.072	0.661009259
2.073	0.661399943
2.074	0.661782099
2.075	0.662165261
2.076	0.662557999
2.077	0.662942228
2.078	0.663317958
2.079	0.663685198
2.08	0.664057197
2.081	0.664435051
2.082	0.664804432
2.083	0.665165348
2.084	0.665517808
2.085	0.665878983
2.086	0.666242084
2.087	0.666596746
2.088	0.666942976
2.089	0.667280784
2.09	0.667631462
2.091	0.667979932
2.092	0.668319994
2.093	0.668651657
2.094	0.66897493
2.095	0.669315365
2.096	0.669649315
2.097	0.669974889
2.098	0.670292095
2.099	0.670603393
2.1	0.670931284
2.101	0.671250821
2.102	0.671562011
2.103	0.671864864
2.104	0.672166215
2.105	0.672479763
2.106	0.672784985
2.107	0.673081891
2.108	0.673370489
2.109	0.673662106
2.11	0.673961405
2.111	0.674252409
2.112	0.674535126
2.113	0.674809565
2.114	0.675091691
2.115	0.675376835
2.116	0.675653713
2.117	0.675922334
2.118	0.676182708
2.119	0.676455485
2.12	0.676726564
2.121	0.676989408
2.122	0.677244025
2.123	0.677490426
2.124	0.677753884
2.125	0.678010989
2.126	0.67825989
2.127	0.678500597
2.128	0.67873587
2.129	0.678987278
2.13	0.679230503
2.131	0.679465555
2.132	0.679692445
2.133	0.679918533
2.134	0.680156123
2.135	0.680385562
2.136	0.680606862
2.137	0.680820033
2.138	0.681037029
2.139	0.681260897
2.14	0.681476649
2.141	0.681684296
2.142	0.68188385
2.143	0.682091874
2.144	0.682302123
2.145	0.682504291
2.146	0.682698391
2.147	0.682884435
2.148	0.683083661
2.149	0.683280396
2.15	0.683469089
2.151	0.683649753
2.152	0.6838224
2.153	0.684012911
2.154	0.684196247
2.155	0.68437158
2.156	0.684538925
2.157	0.684701977
2.158	0.684880007
2.159	0.685050064
2.16	0.685212161
2.161	0.685366312
2.162	0.685520514
2.163	0.68568535
2.164	0.685842257
2.165	0.685991247
2.166	0.686132337
2.167	0.686277771
2.168	0.686429548
2.169	0.686573441
2.17	0.686709465
2.171	0.686837636
2.172	0.686974509
2.173	0.687113369
2.174	0.687244394
2.175	0.687367599
2.176	0.687483001
2.177	0.687611461
2.178	0.687737556
2.179	0.687855867
2.18	0.687966411
2.181	0.688069205
2.182	0.688189337
2.183	0.688302829
2.184	0.68840859
2.185	0.688506639
2.186	0.688600219
2.187	0.688708969
2.188	0.688810028
2.189	0.688903413
2.19	0.688989143
2.191	0.689074905
2.192	0.689171344
2.193	0.68926015
2.194	0.689341342
2.195	0.689414938
2.196	0.689493173
2.197	0.689577489
2.198	0.689654232
2.199	0.689723422
2.2	0.68978508
2.201	0.689855994
2.202	0.689928382
2.203	0.689993261
2.204	0.690050652
2.205	0.690100575
2.206	0.69016431
2.207	0.690224977
2.208	0.6902782
2.209	0.690324002
2.21	0.690362503
2.211	0.690419058
2.212	0.690468218
2.213	0.690510003
2.214	0.690544436
2.215	0.690575952
2.216	0.690621154
2.217	0.69065903
2.218	0.690689604
2.219	0.690712896
2.22	0.690737435
2.221	0.690771514
2.222	0.69079834
2.223	0.690817936
2.224	0.690830325
2.225	0.690847892
2.226	0.690871086
2.227	0.690887102
2.228	0.690895963
2.229	0.690897693
2.23	0.690908299
2.231	0.690920855
2.232	0.690926309
2.233	0.690924686
2.234	0.690916008
2.235	0.690919651
2.236	0.690921822
2.237	0.690916969
2.238	0.690905118
2.239	0.690886292
2.24	0.690882927
2.241	0.690874973
2.242	0.690860075
2.243	0.69083826
2.244	0.690810014
2.245	0.690799086
2.246	0.690781273
2.247	0.690756599
2.248	0.690725089
2.249	0.690689639
2.25	0.690669043
2.251	0.690641643
2.252	0.690607465
2.253	0.690566535
2.254	0.690523673
2.255	0.690493683
2.256	0.690456973
2.257	0.690413569
2.258	0.690363499
2.259	0.690313024
2.26	0.690273919
2.261	0.690228181
2.262	0.690175835
2.263	0.690116907
2.264	0.690058628
2.265	0.690010693
2.266	0.689956211
2.267	0.689895208
2.268	0.689827711
2.269	0.689761384
2.27	0.689704907
2.271	0.68964197
2.272	0.689572599
2.273	0.689496821
2.274	0.689422116
2.275	0.689357387
2.276	0.689286285
2.277	0.689208837
2.278	0.68912507
2.279	0.689041611
2.28	0.688968921
2.281	0.688889947
2.282	0.688804715
2.283	0.688713253
2.284	0.688620693
2.285	0.688540336
2.286	0.688453783
2.287	0.68836106
2.288	0.688262196
2.289	0.688160228
2.29	0.688072497
2.291	0.687978659
2.292	0.68787874
2.293	0.687772769
2.294	0.687661091
2.295	0.687566281
2.296	0.687465451
2.297	0.68735863
2.298	0.687245845
2.299	0.687127123
2.3	0.687022586
2.301	0.686915059
2.302	0.686801627
2.303	0.68668232
2.304	0.686557165
2.305	0.68644232
2.306	0.686328385
2.307	0.686208634
2.308	0.686083096
2.309	0.685951797
2.31	0.685826357
2.311	0.685706303
2.312	0.685580522
2.313	0.68544904
2.314	0.685311885
2.315	0.685175567
2.316	0.685049682
2.317	0.684918156
2.318	0.684781016
2.319	0.684638289
2.32	0.684490848
2.321	0.684359414
2.322	0.684222425
2.323	0.684079908
2.324	0.683931889
2.325	0.683778397
2.326	0.683636383
2.327	0.683494209
2.328	0.683346593
2.329	0.683193559
2.33	0.683035136
2.331	0.682881445
2.332	0.682734361
2.333	0.682581917
2.334	0.68242414
2.335	0.682261056
2.336	0.682095479
2.337	0.681943752
2.338	0.681786749
2.339	0.681624495
2.34	0.681457016
2.341	0.681284338
2.342	0.681123321
2.343	0.680962021
2.344	0.68079555
2.345	0.680623934
2.346	0.680447201
2.347	0.680274049
2.348	0.680108706
2.349	0.679938273
2.35	0.679762775
2.351	0.679582237
2.352	0.679396889
2.353	0.679227754
2.354	0.679053607
2.355	0.678874472
2.356	0.678690374
2.357	0.678501339
2.358	0.678320085
2.359	0.678142465
2.36	0.677959932
2.361	0.677772513
2.362	0.677580231
2.363	0.677386664
2.364	0.677379077
2.365	0.677989541
2.366	0.678612135
2.367	0.679217075
2.368	0.679825798
2.369	0.680431511
2.37	0.681020468
2.371	0.681626996
2.372	0.682215942
2.373	0.682803889
2.374	0.683393726
2.375	0.683966021
2.376	0.684553257
2.377	0.685126518
2.378	0.685694733
2.379	0.686269001
2.38	0.6868258
2.381	0.687393538
2.382	0.687951418
2.383	0.688500112
2.384	0.689059113
2.385	0.689600721
2.386	0.690148835
2.387	0.690691637
2.388	0.691220457
2.389	0.69176449
2.39	0.692291208
2.391	0.692818972
2.392	0.693346994
2.393	0.693857746
2.394	0.694383992
2.395	0.694896119
2.396	0.695401736
2.397	0.695915277
2.398	0.696411627
2.399	0.696914807
2.4	0.697412641
2.401	0.697894304
2.402	0.698393659
2.403	0.698875904
2.404	0.6993542
2.405	0.699838036
2.406	0.70030481
2.407	0.700779186
2.408	0.701247622
2.409	0.701699042
2.41	0.702168971
2.411	0.702622123
2.412	0.703068436
2.413	0.703523355
2.414	0.703961342
2.415	0.704402393
2.416	0.704842216
2.417	0.705265155
2.418	0.705700565
2.419	0.706125408
2.42	0.706535962
2.421	0.706962743
2.422	0.707372724
2.423	0.707776713
2.424	0.708188699
2.425	0.708583935
2.426	0.708980858
2.427	0.709378166
2.428	0.709758774
2.429	0.710148044
2.43	0.710530791
2.431	0.710896889
2.432	0.711277823
2.433	0.711646125
2.434	0.711999152
2.435	0.71236969
2.436	0.712723663
2.437	0.713066882
2.438	0.713423156
2.439	0.713762918
2.44	0.714095667
2.441	0.714437794
2.442	0.714763461
2.443	0.715085123
2.444	0.715413218
2.445	0.715724905
2.446	0.716034877
2.447	0.716349057
2.448	0.71664688
2.449	0.716944545
2.45	0.717244923
2.451	0.717528998
2.452	0.717813696
2.453	0.718100388
2.454	0.71837083
2.455	0.718641874
2.456	0.718914994
2.457	0.719171917
2.458	0.719428663
2.459	0.719688325
2.46	0.719931845
2.461	0.720173705
2.462	0.720420023
2.463	0.720650252
2.464	0.720876645
2.465	0.721109732
2.466	0.721326783
2.467	0.721537145
2.468	0.721757113
2.469	0.7219611
2.47	0.722154896
2.471	0.722361856
2.472	0.72255289
2.473	0.722729559
2.474	0.722923623
2.475	0.723101817
2.476	0.723264164
2.477	0.723442025
2.478	0.723607488
2.479	0.72375716
2.48	0.723916684
2.481	0.724069527
2.482	0.724206634
2.483	0.724347304
2.484	0.724487635
2.485	0.724612287
2.486	0.724733668
2.487	0.724861598
2.488	0.724973903
2.489	0.725075636
2.49	0.725191272
2.491	0.725291338
2.492	0.725375863
2.493	0.725476588
2.494	0.725564523
2.495	0.725636972
2.496	0.725717477
2.497	0.725793387
2.498	0.725853867
2.499	0.725913733
2.5	0.725977723
2.501	0.72602634
2.502	0.726064898
2.503	0.726117074
2.504	0.726153932
2.505	0.726175502
2.506	0.72621073
2.507	0.726235933
2.508	0.726245906
2.509	0.726257854
2.51	0.726271509
2.511	0.726269988
2.512	0.726257649
2.513	0.726259858
2.514	0.726246948
2.515	0.726218951
2.516	0.7262003
2.517	0.726176104
2.518	0.726136879
2.519	0.726092247
2.52	0.72605687
2.521	0.726006519
2.522	0.725941227
2.523	0.725888704
2.524	0.72582733
2.525	0.725751073
2.526	0.725671094
2.527	0.725598801
2.528	0.725511681
2.529	0.725409767
2.53	0.725320441
2.531	0.72522256
2.532	0.725109943
2.533	0.724991775
2.534	0.724883236
2.535	0.724760017
2.536	0.724622155
2.537	0.724493222
2.538	0.724359503
2.539	0.724211197
2.54	0.724052001
2.541	0.723907882
2.542	0.723749235
2.543	0.723576094
2.544	0.723404639
2.545	0.72323575
2.546	0.723052426
2.547	0.722854703
2.548	0.722670347
2.549	0.72247694
2.55	0.722269191
2.551	0.722052822
2.552	0.721849431
2.553	0.721631757
2.554	0.721399838
2.555	0.72116988
2.556	0.72094238
2.557	0.720700692
2.558	0.720444857
2.559	0.720201191
2.56	0.719949834
2.561	0.719684387
2.562	0.719408423
2.563	0.719147493
2.564	0.718872532
2.565	0.718583578
2.566	0.718293983
2.567	0.718009604
2.568	0.717711292
2.569	0.717399088
2.57	0.717096011
2.571	0.716788436
2.572	0.716467028
2.573	0.716132248
2.574	0.715815506
2.575	0.71548499
2.576	0.715140739
2.577	0.714793103
2.578	0.714453572
2.579	0.714100366
2.58	0.713733527
2.581	0.713373517
2.582	0.713011449
2.583	0.712635808
2.584	0.712246635
2.585	0.711874866
2.586	0.711490515
2.587	0.711092692
2.588	0.710691596
2.589	0.710298625
2.59	0.709892242
2.591	0.709472491
2.592	0.709061176
2.593	0.708646324
2.594	0.708218164
2.595	0.707779268
2.596	0.707356035
2.597	0.706919554
2.598	0.706469869
2.599	0.706022549
2.6	0.705577835
2.601	0.705119977
2.602	0.70464902
2.603	0.704194249
2.604	0.703728305
2.605	0.703249323
2.606	0.70277008
2.607	0.702296135
2.608	0.701809213
2.609	0.701309359
2.61	0.70082475
2.611	0.700329972
2.612	0.699822323
2.613	0.699315382
2.614	0.698812831
2.615	0.69829747
2.616	0.697769346
2.617	0.69725891
2.618	0.696735919
2.619	0.696200227
2.62	0.695669243
2.621	0.695138703
2.622	0.694595523
2.623	0.694044876
2.624	0.693506867
2.625	0.69295628
2.626	0.692393163
2.627	0.691841524
2.628	0.69128361
2.629	0.690713227
2.63	0.690143828
2.631	0.689578663
2.632	0.689001093
2.633	0.688414916
2.634	0.687842578
2.635	0.687257898
2.636	0.686660922
2.637	0.686076427
2.638	0.685484713
2.639	0.684880767
2.64	0.684281186
2.641	0.683682513
2.642	0.683071672
2.643	0.682457705
2.644	0.68185215
2.645	0.681234489
2.646	0.680606738
2.647	0.679994374
2.648	0.679369968
2.649	0.678733569
2.65	0.678109851
2.651	0.677478774
2.652	0.676835767
2.653	0.676199106
2.654	0.675561432
2.655	0.674911892
2.656	0.674262507
2.657	0.673618309
2.658	0.672962309
2.659	0.672300312
2.66	0.671649663
2.661	0.670987277
2.662	0.670313203
2.663	0.669655694
2.664	0.668986995
2.665	0.668306673
2.666	0.667636496
2.667	0.666961558
2.668	0.66627506
2.669	0.665592012
2.67	0.664910907
2.671	0.664218308
2.672	0.663522073
2.673	0.662834875
2.674	0.662136249
2.675	0.661426486
2.676	0.660733269
2.677	0.660028689
2.678	0.659312795
2.679	0.658605933
2.68	0.657895474
2.681	0.657173766
2.682	0.656452747
2.683	0.655736483
2.684	0.655009035
2.685	0.65427363
2.686	0.653551635
2.687	0.652818523
2.688	0.652074344
2.689	0.651340839
2.69	0.650602137
2.691	0.649852434
2.692	0.649103947
2.693	0.64835973
2.694	0.647604578
2.695	0.646840849
2.696	0.646091191
2.697	0.645330665
2.698	0.644559322
2.699	0.643796543
2.7	0.643030718
2.701	0.642254142
2.702	0.641475906
2.703	0.640704857
2.704	0.639923125
2.705	0.639130759
2.706	0.638353219
2.707	0.637566405
2.708	0.636769024
2.709	0.635975971
2.71	0.63518415
2.711	0.634381829
2.712	0.633573417
2.713	0.632776664
2.714	0.631969478
2.715	0.631151911
2.716	0.630344389
2.717	0.629532412
2.718	0.628710122
2.719	0.627887805
2.72	0.627071112
2.721	0.626244173
2.722	0.625407376
2.723	0.624586042
2.724	0.623754528
2.725	0.622912886
2.726	0.622077684
2.727	0.621241669
2.728	0.620395594
2.729	0.619546582
2.73	0.618706139
2.731	0.617855703
2.732	0.616995326
2.733	0.616148521
2.734	0.615293797
2.735	0.6144292
2.736	0.613569406
2.737	0.612710467
2.738	0.611841723
2.739	0.610969405
2.74	0.610106323
2.741	0.609233503
2.742	0.608350997
2.743	0.607482018
2.744	0.606605193
2.745	0.60571875
2.746	0.60483822
2.747	0.603957463
2.748	0.603067154
2.749	0.602175565
2.75	0.601290945
2.751	0.600396841
2.752	0.599494618
2.753	0.598606205
2.754	0.597708375
2.755	0.596801181
2.756	0.595903711
2.757	0.595002225
2.758	0.594091443
2.759	0.59318383
2.76	0.592278758
2.761	0.591364455
2.762	0.590446822
2.763	0.589538232
2.764	0.588620479
2.765	0.587693617
2.766	0.586780821
2.767	0.585859686
2.768	0.584929509
2.769	0.584006636
2.77	0.583082188
2.771	0.582148764
2.772	0.581215783
2.773	0.580288089
2.774	0.579769478
2.775	0.579555451
2.776	0.579338661
2.777	0.579119117
2.778	0.578903056
2.779	0.578691202
2.78	0.578476594
2.781	0.578259239
2.782	0.578039148
2.783	0.577829346
2.784	0.577616906
2.785	0.577401729
2.786	0.577183823
2.787	0.576969877
2.788	0.576759593
2.789	0.576546581
2.79	0.576330849
2.791	0.576112802
2.792	0.575904662
2.793	0.575693803
2.794	0.575480234
2.795	0.575263963
2.796	0.575052107
2.797	0.57484339
2.798	0.574631972
2.799	0.574417861
2.8	0.574201873
2.801	0.573995287
2.802	0.57378601
2.803	0.573574049
2.804	0.573359414
2.805	0.573149339
2.806	0.572942193
2.807	0.572732372
2.808	0.572519887
2.809	0.572305306
2.81	0.572100281
2.811	0.571892592
2.812	0.571682247
2.813	0.571469256
2.814	0.571260045
2.815	0.571054479
2.816	0.570846267
2.817	0.570635417
2.818	0.570421939
2.819	0.570217911
2.82	0.570011824
2.821	0.569803109
2.822	0.569591775
2.823	0.569382882
2.824	0.569178913
2.825	0.568972325
2.826	0.568763128
2.827	0.568551331
2.828	0.568347562
2.829	0.568143095
2.83	0.567936029
2.831	0.567726372
2.832	0.567517754
2.833	0.567315401
2.834	0.567110459
2.835	0.566902935
2.836	0.56669284
2.837	0.566489115
2.838	0.56628629
2.839	0.566080895
2.84	0.565872937
2.841	0.565663978
2.842	0.565463266
2.843	0.565259994
2.844	0.565054169
2.845	0.5648458
2.846	0.56464102
2.847	0.564439865
2.848	0.564236168
2.849	0.564029937
2.85	0.56382118
2.851	0.563620115
2.852	0.563418542
2.853	0.563214445
2.854	0.563007832
2.855	0.562800442
2.856	0.562600989
2.857	0.562399022
2.858	0.56219455
2.859	0.56198758
2.86	0.561783325
2.861	0.561583485
2.862	0.56138115
2.863	0.561176327
2.864	0.560969027
2.865	0.560767753
2.866	0.560567552
2.867	0.560364873
2.868	0.560159727
2.869	0.55995212
2.87	0.559753755
2.871	0.559553218
2.872	0.559350222
2.873	0.559144777
2.874	0.558939802
2.875	0.558741404
2.876	0.558540558
2.877	0.558337271
2.878	0.558131552
2.879	0.557929499
2.88	0.557730799
2.881	0.557529668
2.882	0.557326115
2.883	0.557120149
2.884	0.55692102
2.885	0.556722043
2.886	0.556520654
2.887	0.556316861
2.888	0.556111318
2.889	0.555914493
2.89	0.555715265
2.891	0.555513643
2.892	0.555309635
2.893	0.555107138
2.894	0.554910069
2.895	0.554710616
2.896	0.554508786
2.897	0.554304588
2.898	0.554105175
2.899	0.553907888
2.9	0.553708234
2.901	0.553506222
2.902	0.553301858
2.903	0.553105519
2.904	0.552908039
2.905	0.552708209
2.906	0.552506039
2.907	0.552303554
2.908	0.552108245
2.909	0.551910596
2.91	0.551710616
2.911	0.551508312
2.912	0.551308915
2.913	0.551113444
2.914	0.550915651
2.915	0.550715544
2.916	0.550513131
2.917	0.550316815
2.918	0.550121207
2.919	0.549923294
2.92	0.549723084
2.921	0.549520725
2.922	0.549327299
2.923	0.549131577
2.924	0.548933568
2.925	0.548733277
2.926	0.548533862
2.927	0.548340329
2.928	0.548144518
2.929	0.547946434
2.93	0.547746087
2.931	0.547549429
2.932	0.547355812
2.933	0.547159933
2.934	0.546961799
2.935	0.546761417
2.936	0.546567355
2.937	0.546373677
2.938	0.546177752
2.939	0.545979589
2.94	0.545779195
2.941	0.545587633
2.942	0.545393915
2.943	0.545197967
2.944	0.544999797
2.945	0.544801789
2.946	0.544610274
2.947	0.544416538
2.948	0.544220589
2.949	0.544022432
2.95	0.543826802
2.951	0.543635275
2.952	0.543441542
2.953	0.543245611
2.954	0.543047489
2.955	0.542854123
2.956	0.542662603
2.957	0.542468893
2.958	0.542273001
2.959	0.542074932
2.96	0.541883712
2.961	0.54169222
2.962	0.541498553
2.963	0.541302718
2.964	0.541104802
2.965	0.540915523
2.966	0.540724077
2.967	0.540530471
2.968	0.540334712
2.969	0.540138695
2.97	0.539949466
2.971	0.539758085
2.972	0.539564559
2.973	0.539368894
2.974	0.539174556
2.975	0.538985395
2.976	0.538794096
2.977	0.538600666
2.978	0.538405112
2.979	0.538212201
2.98	0.538023125
2.981	0.537831925
2.982	0.537638608
2.983	0.537443181
2.984	0.537251456
2.985	0.537062481
2.986	0.536871396
2.987	0.536678209
2.988	0.536482924
2.989	0.536292177
2.99	0.536103319
2.991	0.535912365
2.992	0.535719321
2.993	0.535524194
2.994	0.535334218
2.995	0.535145491
2.996	0.534954682
2.997	0.534761796
2.998	0.534566841
2.999	0.534377382
3	0.534188801
3.001	0.53399815
3.002	0.533805436
3.003	0.533610664
3.004	0.533421429
3.005	0.533233007
3.006	0.533042527
3.007	0.532849997
3.008	0.532655421
3.009	0.53246611
3.01	0.532277859
3.011	0.532087563
3.012	0.531895228
3.013	0.53170086
3.014	0.531511161
3.015	0.531323092
3.016	0.53113299
3.017	0.530940862
3.018	0.530746712
3.019	0.530556273
3.02	0.530368397
3.021	0.5301785
3.022	0.529986588
3.023	0.529792666
3.024	0.529601115
3.025	0.529413442
3.026	0.52922376
3.027	0.529032072
3.028	0.528838387
3.029	0.52864537
3.03	0.528457909
3.031	0.528268449
3.032	0.528076995
3.033	0.527883554
3.034	0.527688712
3.035	0.527501471
3.036	0.527312241
3.037	0.527121029
3.038	0.526927839
3.039	0.526732677
3.04	0.526543754
3.041	0.526354761
3.042	0.526163796
3.043	0.525970864
3.044	0.525775971
3.045	0.525584367
3.046	0.525395618
3.047	0.525204906
3.048	0.525012237
3.049	0.524817616
3.05	0.524622951
3.051	0.52443445
3.052	0.524243997
3.053	0.524051595
3.054	0.52385725
3.055	0.523660969
3.056	0.523470926
3.057	0.523280734
3.058	0.523088603
3.059	0.522894539
3.06	0.522698546
3.061	0.522504702
3.062	0.522314776
3.063	0.522122919
3.064	0.521929137
3.065	0.521733435
3.066	0.521535818
3.067	0.521345757
3.068	0.521154176
3.069	0.520960678
3.07	0.520765268
3.071	0.520567952
3.072	0.520373313
3.073	0.520182008
3.074	0.519988794
3.075	0.519793677
3.076	0.519596661
3.077	0.519397751
3.078	0.519206077
3.079	0.519013148
3.08	0.518818322
3.081	0.518621606
3.082	0.518423002
3.083	0.518226097
3.084	0.518033451
3.085	0.517838916
3.086	0.517642497
3.087	0.517444198
3.088	0.517244025
3.089	0.517049474
3.09	0.516855227
3.091	0.516659103
3.092	0.516461106
3.093	0.516261241
3.094	0.516061039
3.095	0.515867076
3.096	0.515671243
3.097	0.515473543
3.098	0.515273982
3.099	0.515072563
3.1	0.51487434
3.101	0.514678793
3.102	0.514481386
3.103	0.514282123
3.104	0.514081008
3.105	0.513878047
3.106	0.513681682
3.107	0.513484561
3.108	0.513285591
3.109	0.513084774
3.11	0.512882116
3.111	0.512679851
3.112	0.51248301
3.113	0.512284324
3.114	0.512083798
3.115	0.511881435
3.116	0.51167724
3.117	0.511476646
3.118	0.511278237
3.119	0.511077992
3.12	0.510875916
3.121	0.510672013
3.122	0.510466286
3.123	0.510267221
3.124	0.510067248
3.125	0.509865449
3.126	0.509661827
3.127	0.509456386
3.128	0.509251184
3.129	0.509051473
3.13	0.50884994
3.131	0.508646588
3.132	0.508441422
3.133	0.508234446
3.134	0.508030618
3.135	0.507829339
3.136	0.507626246
3.137	0.507421342
3.138	0.507214632
3.139	0.507006119
3.14	0.506803633
3.141	0.506600785
3.142	0.506396131
3.143	0.506189674
3.144	0.505981418
3.145	0.505772813
3.146	0.505570198
3.147	0.505365779
3.148	0.505159561
3.149	0.504951547
3.15	0.50474174
3.151	0.504534449
3.152	0.504330252
3.153	0.504124257
3.154	0.50391647
3.155	0.503706893
3.156	0.50349553
3.157	0.503289485
3.158	0.503083698
3.159	0.502876122
3.16	0.502666759
3.161	0.502455612
3.162	0.50224339
3.163	0.502037795
3.164	0.501830412
3.165	0.501621245
3.166	0.501410298
3.167	0.501197573
3.168	0.50098643
3.169	0.500779224
3.17	0.500570236
3.171	0.500359469
3.172	0.500146927
3.173	0.499932613
3.174	0.499722414
3.175	0.499513586
3.176	0.499302981
3.177	0.499090604
3.178	0.498876456
3.179	0.498660541
3.18	0.498451139
3.181	0.498240678
3.182	0.498028445
3.183	0.497814443
3.184	0.497598677
3.185	0.497382731
3.186	0.497172393
3.187	0.496960285
3.188	0.49674641
3.189	0.496530771
3.19	0.496313371
3.191	0.496097971
3.192	0.495885967
3.193	0.495672197
3.194	0.495456665
3.195	0.495239373
3.196	0.495020324
3.197	0.494805351
3.198	0.494591666
3.199	0.494376219
3.2	0.494159013
3.201	0.493940051
3.202	0.493719337
3.203	0.4935047
3.204	0.493289316
3.205	0.493072175
3.206	0.492853278
3.207	0.492632629
3.208	0.492411198
3.209	0.492195855
3.21	0.491978755
3.211	0.4917599
3.212	0.491539294
3.213	0.49131694
3.214	0.491095727
3.215	0.490878645
3.216	0.490659809
3.217	0.490439223
3.218	0.490216888
3.219	0.489992808
3.22	0.489771747
3.221	0.489552907
3.222	0.489332315
3.223	0.489109976
3.224	0.488885892
3.225	0.488660065
3.226	0.488439123
3.227	0.488218503
3.228	0.487996135
3.229	0.487772022
3.23	0.487546167
3.231	0.487318572
3.232	0.487097735
3.233	0.486875314
3.234	0.486651148
3.235	0.48642524
3.236	0.486197591
3.237	0.485969965
3.238	0.485747466
3.239	0.485523222
3.24	0.485297234
3.241	0.485069507
3.242	0.484840043
3.243	0.484612526
3.244	0.484388178
3.245	0.484162086
3.246	0.483934255
3.247	0.483704685
3.248	0.483473381
3.249	0.483245931
3.25	0.48301971
3.251	0.482791748
3.252	0.482562047
3.253	0.482330612
3.254	0.482097443
3.255	0.48187
3.256	0.481641881
3.257	0.481412024
3.258	0.481180431
3.259	0.480947104
3.26	0.480712836
3.261	0.480484535
3.262	0.480254494
3.263	0.480022717
3.264	0.479789205
3.265	0.479553962
3.266	0.479319575
3.267	0.479089325
3.268	0.478857337
3.269	0.478623614
3.27	0.478388159
3.271	0.478150974
3.272	0.477916379
3.273	0.477684155
3.274	0.477450194
3.275	0.4772145
3.276	0.476977075
3.277	0.476737922
3.278	0.476503038
3.279	0.476268813
3.28	0.476032854
3.281	0.475795163
3.282	0.475555743
3.283	0.475314596
3.284	0.475079346
3.285	0.474843094
3.286	0.47460511
3.287	0.474365396
3.288	0.474123954
3.289	0.473881644
3.29	0.473645073
3.291	0.47340677
3.292	0.473166735
3.293	0.472924971
3.294	0.472681482
3.295	0.472438614
3.296	0.472199963
3.297	0.471959581
3.298	0.471717469
3.299	0.47147363
3.3	0.471228066
3.301	0.470984516
3.302	0.47074376
3.303	0.470501273
3.304	0.470257057
3.305	0.470011116
3.306	0.469763452
3.307	0.469519115
3.308	0.469276226
3.309	0.469031609
3.31	0.468785264
3.311	0.468537195
3.312	0.468287404
3.313	0.468042182
3.314	0.467797136
3.315	0.467550361
3.316	0.467301861
3.317	0.467051638
3.318	0.466799694
3.319	0.466553488
3.32	0.466306258
3.321	0.4660573
3.322	0.465806619
3.323	0.465554217
3.324	0.465300526
3.325	0.465052813
3.326	0.464803372
3.327	0.464552207
3.328	0.464299319
3.329	0.464044711
3.33	0.463789902
3.331	0.463539953
3.332	0.463288277
3.333	0.463034879
3.334	0.462779759
3.335	0.462522921
3.336	0.462266921
3.337	0.46201471
3.338	0.461760775
3.339	0.461505118
3.34	0.461247742
3.341	0.460988648
3.342	0.460731377
3.343	0.460476881
3.344	0.460220661
3.345	0.459962721
3.346	0.459703064
3.347	0.45944169
3.348	0.459183062
3.349	0.458926255
3.35	0.458667727
3.351	0.45840748
3.352	0.458145517
3.353	0.45788184
3.354	0.457621756
3.355	0.457362616
3.356	0.457101756
3.357	0.456839178
3.358	0.456574886
3.359	0.456308882
3.36	0.456047243
3.361	0.455785746
3.362	0.45552253
3.363	0.4552576
3.364	0.454990956
3.365	0.454722602
3.366	0.454459318
3.367	0.454195441
3.368	0.453929847
3.369	0.453662541
3.37	0.453393523
3.371	0.453122797
3.372	0.452857779
3.373	0.4525915
3.374	0.452323507
3.375	0.452053803
3.376	0.45178239
3.377	0.451509409
3.378	0.451242421
3.379	0.45097372
3.38	0.450703306
3.381	0.450431183
3.382	0.450157353
3.383	0.449882475
3.384	0.449613042
3.385	0.449341897
3.386	0.449069042
3.387	0.44879448
3.388	0.448518213
3.389	0.448241338
3.39	0.44796944
3.391	0.447695832
3.392	0.447420516
3.393	0.447143495
3.394	0.446864772
3.395	0.446585796
3.396	0.446311413
3.397	0.446035322
3.398	0.445757527
3.399	0.445478028
3.4	0.44519683
3.401	0.444915669
3.402	0.444638782
3.403	0.444360191
3.404	0.444079897
3.405	0.443797904
3.406	0.443514213
3.407	0.443230812
3.408	0.442951405
3.409	0.442670295
3.41	0.442387486
3.411	0.44210298
3.412	0.44181678
3.413	0.441531127
3.414	0.441249182
3.415	0.440965539
3.416	0.440680198
3.417	0.440393163
3.418	0.440104437
3.419	0.439816592
3.42	0.439532094
3.421	0.439256053
3.422	0.43928738
3.423	0.439318537
3.424	0.439349525
3.425	0.439380343
3.426	0.439413305
3.427	0.439446283
3.428	0.439479088
3.429	0.439511718
3.43	0.439544172
3.431	0.439576448
3.432	0.439608547
3.433	0.439640467
3.434	0.439672206
3.435	0.439703764
3.436	0.43973514
3.437	0.439766332
3.438	0.43979734
3.439	0.439828162
3.44	0.439859523
3.441	0.439892494
3.442	0.439925276
3.443	0.439957869
3.444	0.43999027
3.445	0.44002248
3.446	0.440054497
3.447	0.440086319
3.448	0.440117947
3.449	0.440149379
3.45	0.440180613
3.451	0.440211649
3.452	0.440242486
3.453	0.440273122
3.454	0.440303557
3.455	0.440335907
3.456	0.440368477
3.457	0.440400844
3.458	0.440433004
3.459	0.440464959
3.46	0.440496705
3.461	0.440528244
3.462	0.440559572
3.463	0.440590691
3.464	0.440621597
3.465	0.440652291
3.466	0.440682771
3.467	0.440713037
3.468	0.440743087
3.469	0.440774279
3.47	0.440806454
3.471	0.440838409
3.472	0.440870145
3.473	0.440901661
3.474	0.440932955
3.475	0.440964026
3.476	0.440994873
3.477	0.441025496
3.478	0.441055894
3.479	0.441086065
3.48	0.441116008
3.481	0.441145723
3.482	0.441175208
3.483	0.441205398
3.484	0.441236997
3.485	0.441268363
3.486	0.441299496
3.487	0.441330394
3.488	0.441361057
3.489	0.441391484
3.49	0.441421674
3.491	0.441451625
3.492	0.441481338
3.493	0.44151081
3.494	0.441540041
3.495	0.44156903
3.496	0.441597777
3.497	0.441627147
3.498	0.441657996
3.499	0.4416886
3.5	0.441718957
3.501	0.441749066
3.502	0.441778926
3.503	0.441808538
3.504	0.441837898
3.505	0.441867008
3.506	0.441895865
3.507	0.441924469
3.508	0.44195282
3.509	0.441980915
3.51	0.442008754
3.511	0.442037503
3.512	0.442067435
3.513	0.442097109
3.514	0.442126523
3.515	0.442155676
3.516	0.442184569
3.517	0.442213199
3.518	0.442241566
3.519	0.44226967
3.52	0.442297508
3.521	0.442325081
3.522	0.442352388
3.523	0.442379427
3.524	0.442406198
3.525	0.442434493
3.526	0.442463347
3.527	0.442491929
3.528	0.44252024
3.529	0.442548279
3.53	0.442576044
3.531	0.442603535
3.532	0.442630751
3.533	0.44265769
3.534	0.442684353
3.535	0.442710739
3.536	0.442736846
3.537	0.442762674
3.538	0.442788331
3.539	0.442816234
3.54	0.442843855
3.541	0.442871193
3.542	0.442898248
3.543	0.442925019
3.544	0.442951504
3.545	0.442977704
3.546	0.443003617
3.547	0.443029242
3.548	0.443054579
3.549	0.443079628
3.55	0.443104386
3.551	0.443128854
3.552	0.443154469
3.553	0.443181003
3.554	0.443207243
3.555	0.44323319
3.556	0.443258842
3.557	0.443284198
3.558	0.443309259
3.559	0.443334023
3.56	0.443358489
3.561	0.443382656
3.562	0.443406525
3.563	0.443430094
3.564	0.443453362
3.565	0.443476856
3.566	0.443502182
3.567	0.443527206
3.568	0.443551925
3.569	0.443576341
3.57	0.443600451
3.571	0.443624255
3.572	0.443647752
3.573	0.443670943
3.574	0.443693825
3.575	0.443716399
3.576	0.443738663
3.577	0.443760617
3.578	0.443782261
3.579	0.44380626
3.58	0.443829953
3.581	0.443853332
3.582	0.443876398
3.583	0.443899149
3.584	0.443921585
3.585	0.443943705
3.586	0.443965509
3.587	0.443986996
3.588	0.444008165
3.589	0.444029016
3.59	0.444049547
3.591	0.444069759
3.592	0.444092157
3.593	0.444114411
3.594	0.444136343
3.595	0.444157952
3.596	0.444179238
3.597	0.4442002
3.598	0.444220838
3.599	0.44424115
3.6	0.444261137
3.601	0.444280798
3.602	0.444300131
3.603	0.444319137
3.604	0.444337816
3.605	0.444358859
3.606	0.444379571
3.607	0.444399954
3.608	0.444420006
3.609	0.444439726
3.61	0.444459114
3.611	0.444478169
3.612	0.444496891
3.613	0.444515279
3.614	0.444533333
3.615	0.444551052
3.616	0.444568436
3.617	0.44458597
3.618	0.444605383
3.619	0.444624459
3.62	0.444643196
3.621	0.444661595
3.622	0.444679655
3.623	0.444697374
3.624	0.444714753
3.625	0.444731792
3.626	0.444748489
3.627	0.444764844
3.628	0.444780857
3.629	0.444796527
3.63	0.444813101
3.631	0.444830794
3.632	0.444848142
3.633	0.444865145
3.634	0.444881801
3.635	0.444898111
3.636	0.444914073
3.637	0.444929689
3.638	0.444944956
3.639	0.444959875
3.64	0.444974445
3.641	0.444988666
3.642	0.445002537
3.643	0.44501834
3.644	0.445034227
3.645	0.445049763
3.646	0.445064946
3.647	0.445079776
3.648	0.445094253
3.649	0.445108376
3.65	0.445122146
3.651	0.44513556
3.652	0.44514862
3.653	0.445161325
3.654	0.445173673
3.655	0.445186494
3.656	0.445200854
3.657	0.445214857
3.658	0.445228501
3.659	0.445241786
3.66	0.445254713
3.661	0.44526728
3.662	0.445279487
3.663	0.445291334
3.664	0.44530282
3.665	0.445313945
3.666	0.445324709
3.667	0.445335111
3.668	0.445347406
3.669	0.445359814
3.67	0.445371857
3.671	0.445383537
3.672	0.445394852
3.673	0.445405803
3.674	0.445416388
3.675	0.445426608
3.676	0.445436462
3.677	0.445445949
3.678	0.445455071
3.679	0.445463825
3.68	0.445473314
3.681	0.445484069
3.682	0.445494455
3.683	0.445504472
3.684	0.44551412
3.685	0.445523398
3.686	0.445532306
3.687	0.445540844
3.688	0.445549011
3.689	0.445556808
3.69	0.445564233
3.691	0.445571286
3.692	0.445578209
3.693	0.445587258
3.694	0.445595934
3.695	0.445604236
3.696	0.445612165
3.697	0.445619719
3.698	0.445626899
3.699	0.445633703
3.7	0.445640133
3.701	0.445646188
3.702	0.445651867
3.703	0.44565717
3.704	0.445662098
3.705	0.445669258
3.706	0.445676175
3.707	0.445682714
3.708	0.445688874
3.709	0.445694657
3.71	0.445700061
3.711	0.445705086
3.712	0.445709732
3.713	0.445713999
3.714	0.445717887
3.715	0.445721395
3.716	0.445724523
3.717	0.445729965
3.718	0.445735078
3.719	0.445739809
3.72	0.445744158
3.721	0.445748125
3.722	0.44575171
3.723	0.445754913
3.724	0.445757733
3.725	0.44576017
3.726	0.445762224
3.727	0.445763895
3.728	0.445765356
3.729	0.445769008
3.73	0.445772276
3.731	0.445775159
3.732	0.445777656
3.733	0.445779768
3.734	0.445781495
3.735	0.445782836
3.736	0.445783791
3.737	0.445784361
3.738	0.445784544
3.739	0.445784341
3.74	0.445784021
3.741	0.445785795
3.742	0.445787181
3.743	0.445788178
3.744	0.445788788
3.745	0.44578901
3.746	0.445788843
3.747	0.445788287
3.748	0.445787343
3.749	0.44578601
3.75	0.445784289
3.751	0.445782178
3.752	0.445779963
3.753	0.445779825
3.754	0.445779296
3.755	0.445778376
3.756	0.445777066
3.757	0.445775365
3.758	0.445773273
3.759	0.44577079
3.76	0.445767916
3.761	0.445764651
3.762	0.445760994
3.763	0.445756947
3.764	0.445752897
3.765	0.445750817
3.766	0.445748344
3.767	0.445745478
3.768	0.445742219
3.769	0.445738568
3.77	0.445734523
3.771	0.445730086
3.772	0.445725255
3.773	0.445720031
3.774	0.445714414
3.775	0.445708403
3.776	0.445702614
3.777	0.445698567
3.778	0.445694125
3.779	0.445689288
3.78	0.445684056
3.781	0.44567843
3.782	0.445672408
3.783	0.445665992
3.784	0.445659181
3.785	0.445651975
3.786	0.445644374
3.787	0.445636378
3.788	0.445628903
3.789	0.445622866
3.79	0.445616433
3.791	0.445609603
3.792	0.445602377
3.793	0.445594754
3.794	0.445586736
3.795	0.445578321
3.796	0.44556951
3.797	0.445560302
3.798	0.445550699
3.799	0.445540699
3.8	0.445531618
3.801	0.445523572
3.802	0.445515129
3.803	0.445506288
3.804	0.44549705
3.805	0.445487414
3.806	0.445477381
3.807	0.44546695
3.808	0.445456123
3.809	0.445444897
3.81	0.445433275
3.811	0.445421256
3.812	0.445410715
3.813	0.445400645
3.814	0.445390176
3.815	0.445379309
3.816	0.445368044
3.817	0.445356381
3.818	0.445344319
3.819	0.445331859
3.82	0.445319001
3.821	0.445305746
3.822	0.445292092
3.823	0.44527804
3.824	0.445266197
3.825	0.445254091
3.826	0.445241585
3.827	0.44522868
3.828	0.445215377
3.829	0.445201675
3.83	0.445187573
3.831	0.445173074
3.832	0.445158175
3.833	0.445142879
3.834	0.445127184
3.835	0.445111834
3.836	0.445098081
3.837	0.445083928
3.838	0.445069376
3.839	0.445054425
3.84	0.445039074
3.841	0.445023324
3.842	0.445007176
3.843	0.444990629
3.844	0.444973683
3.845	0.444956339
3.846	0.444938596
3.847	0.444922191
3.848	0.444906386
3.849	0.44489018
3.85	0.444873576
3.851	0.444856572
3.852	0.444839169
3.853	0.444821367
3.854	0.444803166
3.855	0.444784566
3.856	0.444765568
3.857	0.444746172
3.858	0.444726463
3.859	0.444709001
3.86	0.444691138
3.861	0.444672877
3.862	0.444654216
3.863	0.444635156
3.864	0.444615698
3.865	0.444595841
3.866	0.444575585
3.867	0.444554931
3.868	0.444533879
3.869	0.444512429
3.87	0.444491799
3.871	0.444472278
3.872	0.444452358
3.873	0.444432039
3.874	0.444411321
3.875	0.444390205
3.876	0.444368691
3.877	0.444346779
3.878	0.444324469
3.879	0.444301761
3.88	0.444278656
3.881	0.444255154
3.882	0.444233612
3.883	0.444212034
3.884	0.444190057
3.885	0.444167683
3.886	0.44414491
3.887	0.44412174
3.888	0.444098173
3.889	0.444074208
3.89	0.444049846
3.891	0.444025088
3.892	0.443999933
3.893	0.443975171
3.894	0.443951937
3.895	0.443928305
3.896	0.443904276
3.897	0.44387985
3.898	0.443855027
3.899	0.443829808
3.9	0.443804192
3.901	0.44377818
3.902	0.443751772
3.903	0.443724968
3.904	0.44369777
3.905	0.443672135
3.906	0.443646852
3.907	0.443621172
3.908	0.443595097
3.909	0.443568625
3.91	0.443541758
3.911	0.443514496
3.912	0.443486839
3.913	0.443458786
3.914	0.44343034
3.915	0.443401499
3.916	0.443372699
3.917	0.443345771
3.918	0.443318447
3.919	0.443290728
3.92	0.443262614
3.921	0.443234106
3.922	0.443205204
3.923	0.443175908
3.924	0.443146219
3.925	0.443116136
3.926	0.443085661
3.927	0.443054793
3.928	0.443025138
3.929	0.442996177
3.93	0.442966822
3.931	0.442937074
3.932	0.442906933
3.933	0.442876399
3.934	0.442845473
3.935	0.442814155
3.936	0.442782444
3.937	0.442750343
3.938	0.44271785
3.939	0.442685057
3.94	0.442654468
3.941	0.442623486
3.942	0.442592113
3.943	0.442560348
3.944	0.442528192
3.945	0.442495645
3.946	0.442462708
3.947	0.44242938
3.948	0.442395662
3.949	0.442361555
3.95	0.442327059
3.951	0.442293468
3.952	0.44226087
3.953	0.442227882
3.954	0.442194504
3.955	0.442160736
3.956	0.44212658
3.957	0.442092034
3.958	0.4420571
3.959	0.442021778
3.96	0.441986069
3.961	0.441949971
3.962	0.441913487
3.963	0.441879136
3.964	0.441844545
3.965	0.441809566
3.966	0.441774199
3.967	0.441738445
3.968	0.441702304
3.969	0.441665776
3.97	0.441628862
3.971	0.441591563
3.972	0.441553878
3.973	0.441515807
3.974	0.44147841
3.975	0.441442229
3.976	0.441405662
3.977	0.441368709
3.978	0.44133137
3.979	0.441293647
3.98	0.441255539
3.981	0.441217047
3.982	0.441178172
3.983	0.441138913
3.984	0.44109927
3.985	0.441059246
3.986	0.441021006
3.987	0.440982865
3.988	0.44094434
3.989	0.440905432
3.99	0.440866142
3.991	0.440826469
3.992	0.440786414
3.993	0.440745977
3.994	0.440705159
3.995	0.44066396
3.996	0.440622381
3.997	0.440580951
3.998	0.440541252
3.999	0.440501171
4	0.440460709
4.001	0.440419867
4.002	0.440378645
4.003	0.440337042
4.004	0.440295061
4.005	0.4402527
4.006	0.440209962
4.007	0.440166845
4.008	0.44012335
4.009	0.440080959
4.01	0.440039339
4.011	0.43999734
4.012	0.439954962
4.013	0.439912208
4.014	0.439869075
4.015	0.439825566
4.016	0.43978168
4.017	0.439737418
4.018	0.439692781
4.019	0.439647768
4.02	0.439602381
4.021	0.439559024
4.022	0.439515505
4.023	0.439471611
4.024	0.439427341
4.025	0.439382697
4.026	0.439337678
4.027	0.439292285
4.028	0.439246518
4.029	0.439200379
4.03	0.439153866
4.031	0.439106982
4.032	0.439060385
4.033	0.439015365
4.034	0.438969972
4.035	0.438924207
4.036	0.438878069
4.037	0.438831559
4.038	0.438784677
4.039	0.438737425
4.04	0.438689802
4.041	0.43864181
4.042	0.438593447
4.043	0.438544716
4.044	0.438497052
4.045	0.438450179
4.046	0.438402937
4.047	0.438355325
4.048	0.438307344
4.049	0.438258994
4.05	0.438210275
4.051	0.43816119
4.052	0.438111736
4.053	0.438061916
4.054	0.43801173
4.055	0.437961177
4.056	0.437912383
4.057	0.437863684
4.058	0.437814618
4.059	0.437765186
4.06	0.437715388
4.061	0.437665224
4.062	0.437614696
4.063	0.437563803
4.064	0.437512546
4.065	0.437460925
4.066	0.437408942
4.067	0.437356758
4.068	0.437306624
4.069	0.437256125
4.07	0.437205263
4.071	0.437154038
4.072	0.43710245
4.073	0.4370505
4.074	0.436998188
4.075	0.436945516
4.076	0.436892483
4.077	0.436839089
4.078	0.436785336
4.079	0.436731916
4.08	0.436680006
4.081	0.436627735
4.082	0.436575105
4.083	0.436522114
4.084	0.436468765
4.085	0.436415057
4.086	0.43636099
4.087	0.436306567
4.088	0.436251785
4.089	0.436196648
4.09	0.436141154
4.091	0.436086397
4.092	0.43603274
4.093	0.435978726
4.094	0.435924356
4.095	0.435869629
4.096	0.435814547
4.097	0.43575911
4.098	0.435703318
4.099	0.435647172
4.1	0.435590672
4.101	0.435533819
4.102	0.435476613
4.103	0.43542041
4.104	0.435365036
4.105	0.435309309
4.106	0.435253228
4.107	0.435196795
4.108	0.435140009
4.109	0.435082872
4.11	0.435025384
4.111	0.434967546
4.112	0.434909357
4.113	0.434850819
4.114	0.434791932
4.115	0.43473418
4.116	0.434677119
4.117	0.434619707
4.118	0.434561946
4.119	0.434503836
4.12	0.434445378
4.121	0.434386572
4.122	0.434327418
4.123	0.434267918
4.124	0.434208071
4.125	0.434147878
4.126	0.43408734
4.127	0.434027947
4.128	0.433969229
4.129	0.433910164
4.13	0.433850754
4.131	0.433790998
4.132	0.433730898
4.133	0.433670453
4.134	0.433609665
4.135	0.433548533
4.136	0.433487059
4.137	0.433425243
4.138	0.433363085
4.139	0.433301959
4.14	0.433241615
4.141	0.433180928
4.142	0.433119899
4.143	0.433058529
4.144	0.432996818
4.145	0.432934767
4.146	0.432872375
4.147	0.432809644
4.148	0.432746575
4.149	0.432683166
4.15	0.432619421
4.151	0.432556453
4.152	0.432494515
4.153	0.432432238
4.154	0.432369623
4.155	0.43230667
4.156	0.432243379
4.157	0.432179753
4.158	0.43211579
4.159	0.432051492
4.16	0.431986858
4.161	0.43192189
4.162	0.431856589
4.163	0.431791662
4.164	0.431728161
4.165	0.431664326
4.166	0.431600156
4.167	0.431535652
4.168	0.431470816
4.169	0.431405646
4.17	0.431340144
4.171	0.431274311
4.172	0.431208146
4.173	0.431141651
4.174	0.431074825
4.175	0.431007833
4.176	0.430942802
4.177	0.430877441
4.178	0.43081175
4.179	0.430745728
4.18	0.430679377
4.181	0.430612697
4.182	0.430545689
4.183	0.430478353
4.184	0.43041069
4.185	0.4303427
4.186	0.430274384
4.187	0.430205742
4.188	0.430138723
4.189	0.430071869
4.19	0.430004688
4.191	0.429937181
4.192	0.429869349
4.193	0.429801192
4.194	0.42973271
4.195	0.429663905
4.196	0.429594776
4.197	0.429525324
4.198	0.429455551
4.199	0.429385455
4.2	0.429316226
4.201	0.429247912
4.202	0.429179275
4.203	0.429110316
4.204	0.429041036
4.205	0.428971434
4.206	0.428901512
4.207	0.428831271
4.208	0.428760709
4.209	0.428689829
4.21	0.428618631
4.211	0.428547115
4.212	0.428475616
4.213	0.428405875
4.214	0.428335816
4.215	0.428265438
4.216	0.428194742
4.217	0.42812373
4.218	0.428052401
4.219	0.427980756
4.22	0.427908796
4.221	0.427836521
4.222	0.427763931
4.223	0.427691028
4.224	0.427617812
4.225	0.427546069
4.226	0.427474619
4.227	0.427402856
4.228	0.427330779
4.229	0.427258389
4.23	0.427185686
4.231	0.427112672
4.232	0.427039346
4.233	0.42696571
4.234	0.426891763
4.235	0.426817506
4.236	0.42674294
4.237	0.426668812
4.238	0.426596006
4.239	0.426522891
4.24	0.426449466
4.241	0.426375732
4.242	0.426301689
4.243	0.426227339
4.244	0.426152681
4.245	0.426077716
4.246	0.426002445
4.247	0.425926869
4.248	0.425850987
4.249	0.4257748
4.25	0.425700303
4.251	0.425625869
4.252	0.42555113
4.253	0.425476085
4.254	0.425400736
4.255	0.425325083
4.256	0.425249127
4.257	0.425172868
4.258	0.425096306
4.259	0.425019443
4.26	0.424942279
4.261	0.424864814
4.262	0.424787845
4.263	0.424712126
4.264	0.424636105
4.265	0.424559784
4.266	0.424483162
4.267	0.42440624
4.268	0.424329019
4.269	0.424251498
4.27	0.42417368
4.271	0.424095564
4.272	0.424017151
4.273	0.423938441
4.274	0.423859436
4.275	0.423782014
4.276	0.423704746
4.277	0.423627181
4.278	0.423549319
4.279	0.423471162
4.28	0.423392709
4.281	0.423313962
4.282	0.42323492
4.283	0.423155585
4.284	0.423075957
4.285	0.422996035
4.286	0.422915822
4.287	0.42283591
4.288	0.422757428
4.289	0.422678653
4.29	0.422599586
4.291	0.422520227
4.292	0.422440576
4.293	0.422360635
4.294	0.422280403
4.295	0.422199882
4.296	0.422119071
4.297	0.422037972
4.298	0.421956585
4.299	0.42187491
4.3	0.42179453
4.301	0.421714578
4.302	0.421634338
4.303	0.42155381
4.304	0.421472994
4.305	0.421391892
4.306	0.421310504
4.307	0.42122883
4.308	0.42114687
4.309	0.421064627
4.31	0.420982099
4.311	0.420899288
4.312	0.420816408
4.313	0.420735313
4.314	0.420653933
4.315	0.420572269
4.316	0.420490322
4.317	0.420408092
4.318	0.42032558
4.319	0.420242787
4.32	0.420159712
4.321	0.420076356
4.322	0.419992721
4.323	0.419908806
4.324	0.419824612
4.325	0.419741186
4.326	0.419658699
4.327	0.419575933
4.328	0.419492887
4.329	0.419409563
4.33	0.41932596
4.331	0.419242079
4.332	0.419157922
4.333	0.419073488
4.334	0.418988777
4.335	0.418903791
4.336	0.41881853
4.337	0.418732995
4.338	0.41864892
4.339	0.418565084
4.34	0.418480973
4.341	0.418396586
4.342	0.418311925
4.343	0.418226991
4.344	0.418141783
4.345	0.418056303
4.346	0.41797055
4.347	0.417884526
4.348	0.417798231
4.349	0.417711665
4.35	0.417624864
4.351	0.417539991
4.352	0.417454846
4.353	0.41736943
4.354	0.417283744
4.355	0.417197788
4.356	0.417111562
4.357	0.417025068
4.358	0.416938306
4.359	0.416851276
4.36	0.416763979
4.361	0.416676415
4.362	0.416588585
4.363	0.416500977
4.364	0.416414831
4.365	0.416328418
4.366	0.416241738
4.367	0.416154793
4.368	0.416067582
4.369	0.415980107
4.37	0.415892367
4.371	0.415804363
4.372	0.415716096
4.373	0.415627567
4.374	0.415538775
4.375	0.415449722
4.376	0.415361337
4.377	0.415273959
4.378	0.415186318
4.379	0.415098415
4.38	0.415010251
4.381	0.414921826
4.382	0.41483314
4.383	0.414744194
4.384	0.414654989
4.385	0.414565526
4.386	0.414475804
4.387	0.414385824
4.388	0.414295587
4.389	0.414206488
4.39	0.414117917
4.391	0.414029089
4.392	0.413940002
4.393	0.413850659
4.394	0.413761059
4.395	0.413671203
4.396	0.413581092
4.397	0.413490725
4.398	0.413400104
4.399	0.413309229
4.4	0.413218101
4.401	0.41312672
4.402	0.413036936
4.403	0.412947213
4.404	0.412857236
4.405	0.412767005
4.406	0.412676522
4.407	0.412585787
4.408	0.4124948
4.409	0.412403561
4.41	0.412312073
4.411	0.412220334
4.412	0.412128345
4.413	0.412036108
4.414	0.411943749
4.415	0.411853162
4.416	0.411762324
4.417	0.411671238
4.418	0.411579902
4.419	0.411488318
4.42	0.411396486
4.421	0.411304407
4.422	0.41121208
4.423	0.411119508
4.424	0.411026689
4.425	0.410933626
4.426	0.410840317
4.427	0.410747316
4.428	0.410655649
4.429	0.410563736
4.43	0.410471579
4.431	0.410379176
4.432	0.410286529
4.433	0.410193639
4.434	0.410100505
4.435	0.410007129
4.436	0.409913511
4.437	0.409819652
4.438	0.409725551
4.439	0.40963121
4.44	0.409537589
4.441	0.40944488
4.442	0.40935193
4.443	0.409258739
4.444	0.409165307
4.445	0.409071635
4.446	0.408977724
4.447	0.408883574
4.448	0.408789186
4.449	0.40869456
4.45	0.408599697
4.451	0.408504596
4.452	0.40840926
4.453	0.40831503
4.454	0.408221317
4.455	0.408127366
4.456	0.408033179
4.457	0.407938755
4.458	0.407844096
4.459	0.407749202
4.46	0.407654072
4.461	0.407558709
4.462	0.407463112
4.463	0.407367281
4.464	0.407271218
4.465	0.407174923
4.466	0.407080088
4.467	0.406985408
4.468	0.406890494
4.469	0.406795347
4.47	0.406699968
4.471	0.406604358
4.472	0.406508517
4.473	0.406412445
4.474	0.406316142
4.475	0.406219611
4.476	0.40612285
4.477	0.406025861
4.478	0.405928643
4.479	0.405833207
4.48	0.405737594
4.481	0.405641753
4.482	0.405545683
4.483	0.405449386
4.484	0.40535286
4.485	0.405256108
4.486	0.405159129
4.487	0.405061924
4.488	0.404964493
4.489	0.404866838
4.49	0.404768958
4.491	0.404671089
4.492	0.404574807
4.493	0.404478299
4.494	0.404381566
4.495	0.404284608
4.496	0.404187427
4.497	0.404090022
4.498	0.403992394
4.499	0.403894543
4.5	0.40379647
4.501	0.403698176
4.502	0.403599661
4.503	0.403500925
4.504	0.403402439
4.505	0.403305292
4.506	0.403207923
4.507	0.403110333
4.508	0.403012523
4.509	0.402914492
4.51	0.402816242
4.511	0.402717773
4.512	0.402619086
4.513	0.40252018
4.514	0.402421056
4.515	0.402321716
4.516	0.402222159
4.517	0.402123041
4.518	0.402025064
4.519	0.401926868
4.52	0.401828456
4.521	0.401729827
4.522	0.401630981
4.523	0.40153192
4.524	0.401432644
4.525	0.401333154
4.526	0.401233449
4.527	0.40113353
4.528	0.401033398
4.529	0.400933054
4.53	0.400833303
4.531	0.400734528
4.532	0.40063554
4.533	0.400536338
4.534	0.400436924
4.535	0.400337297
4.536	0.400237459
4.537	0.400137409
4.538	0.400037149
4.539	0.399936678
4.54	0.399835997
4.541	0.399735107
4.542	0.399634008
4.543	0.399533628
4.544	0.39943409
4.545	0.399334341
4.546	0.399234384
4.547	0.399134217
4.548	0.399033842
4.549	0.398933259
4.55	0.398832468
4.551	0.398731471
4.552	0.398630266
4.553	0.398528856
4.554	0.39842724
4.555	0.398325419
4.556	0.398224422
4.557	0.398124152
4.558	0.398023676
4.559	0.397922995
4.56	0.397822108
4.561	0.397721017
4.562	0.397619721
4.563	0.397518221
4.564	0.397416518
4.565	0.397314612
4.566	0.397212504
4.567	0.397110194
4.568	0.397007682
4.569	0.396906093
4.57	0.396805123
4.571	0.396703951
4.572	0.396602577
4.573	0.396501002
4.574	0.396399225
4.575	0.396297248
4.576	0.396195071
4.577	0.396092694
4.578	0.395990117
4.579	0.395887342
4.58	0.395784369
4.581	0.395681198
4.582	0.395579054
4.583	0.395477416
4.584	0.395375579
4.585	0.395273543
4.586	0.39517131
4.587	0.395068879
4.588	0.394966251
4.589	0.394863426
4.59	0.394760406
4.591	0.394657189
4.592	0.394553778
4.593	0.394450172
4.594	0.394346371
4.595	0.394243735
4.596	0.394141458
4.597	0.394038986
4.598	0.393936318
4.599	0.393833457
4.6	0.393730401
4.601	0.393627153
4.602	0.393523711
4.603	0.393420076
4.604	0.39331625
4.605	0.393212231
4.606	0.393108022
4.607	0.393003622
4.608	0.392900575
4.609	0.392797689
4.61	0.392694611
4.611	0.392591341
4.612	0.392487881
4.613	0.39238423
4.614	0.39228039
4.615	0.392176359
4.616	0.39207214
4.617	0.391967732
4.618	0.391863136
4.619	0.391758352
4.62	0.391653381
4.621	0.391550001
4.622	0.391446534
4.623	0.391342878
4.624	0.391239035
4.625	0.391135005
4.626	0.391030787
4.627	0.390926383
4.628	0.390821792
4.629	0.390717016
4.63	0.390612055
4.631	0.390506909
4.632	0.390401579
4.633	0.390296217
4.634	0.390192383
4.635	0.390088363
4.636	0.389984158
4.637	0.389879769
4.638	0.389775196
4.639	0.389670439
4.64	0.389565499
4.641	0.389460376
4.642	0.389355071
4.643	0.389249584
4.644	0.389143916
4.645	0.389038066
4.646	0.388932412
4.647	0.388828049
4.648	0.388723504
4.649	0.388618777
4.65	0.388513869
4.651	0.38840878
4.652	0.388303511
4.653	0.388198062
4.654	0.388092434
4.655	0.387986626
4.656	0.38788064
4.657	0.387774476
4.658	0.387668134
4.659	0.387562191
4.66	0.387457326
4.661	0.387352282
4.662	0.38724706
4.663	0.38714166
4.664	0.387036082
4.665	0.386930327
4.666	0.386824395
4.667	0.386718287
4.668	0.386612003
4.669	0.386505544
4.67	0.38639891
4.671	0.386292101
4.672	0.386185926
4.673	0.386080584
4.674	0.385975067
4.675	0.385869375
4.676	0.385763508
4.677	0.385657467
4.678	0.385551251
4.679	0.385444862
4.68	0.3853383
4.681	0.385231565
4.682	0.385124658
4.683	0.385017579
4.684	0.384910329
4.685	0.384804029
4.686	0.384698237
4.687	0.384592272
4.688	0.384486134
4.689	0.384379826
4.69	0.384273345
4.691	0.384166694
4.692	0.384059873
4.693	0.383952881
4.694	0.38384572
4.695	0.38373839
4.696	0.383630891
4.697	0.383523223
4.698	0.383416929
4.699	0.38331071
4.7	0.383204321
4.701	0.383097763
4.702	0.382991037
4.703	0.382884142
4.704	0.382777079
4.705	0.382669849
4.706	0.382562452
4.707	0.382454888
4.708	0.382347159
4.709	0.382239263
4.71	0.382131473
4.711	0.382025017
4.712	0.381918394
4.713	0.381811605
4.714	0.38170465
4.715	0.381597529
4.716	0.381490243
4.717	0.381382792
4.718	0.381275177
4.719	0.381167397
4.72	0.381059454
4.721	0.380951348
4.722	0.380843079
4.723	0.380735441
4.724	0.380628602
4.725	0.380521599
4.726	0.380414432
4.727	0.380307103
4.728	0.38019961
4.729	0.380091956
4.73	0.379984139
4.731	0.379876161
4.732	0.379768022
4.733	0.379659722
4.734	0.379551262
4.735	0.379442641
4.736	0.379335138
4.737	0.379227938
4.738	0.379120577
4.739	0.379013056
4.74	0.378905374
4.741	0.378797532
4.742	0.378689531
4.743	0.37858137
4.744	0.378473051
4.745	0.378364574
4.746	0.378255939
4.747	0.378147146
4.748	0.378038246
4.749	0.377930865
4.75	0.377823326
4.751	0.377715628
4.752	0.377607773
4.753	0.37749976
4.754	0.37739159
4.755	0.377283264
4.756	0.377174781
4.757	0.377066143
4.758	0.376957348
4.759	0.376848399
4.76	0.376739295
4.761	0.376630735
4.762	0.376523033
4.763	0.376415175
4.764	0.376307162
4.765	0.376198994
4.766	0.376090671
4.767	0.375982194
4.768	0.375873563
4.769	0.375764778
4.77	0.37565584
4.771	0.37554675
4.772	0.375437507
4.773	0.375328112
4.774	0.375220073
4.775	0.37511207
4.776	0.375003914
4.777	0.374895606
4.778	0.374787145
4.779	0.374678532
4.78	0.374569767
4.781	0.374460851
4.782	0.374351785
4.783	0.374242568
4.784	0.3741332
4.785	0.374023683
4.786	0.373914702
4.787	0.373806568
4.788	0.373698284
4.789	0.37358985
4.79	0.373481265
4.791	0.373372531
4.792	0.373263647
4.793	0.373154615
4.794	0.373045433
4.795	0.372936104
4.796	0.372826626
4.797	0.372717002
4.798	0.37260723
4.799	0.372498831
4.8	0.372390433
4.801	0.372281886
4.802	0.372173192
4.803	0.37206435
4.804	0.371955361
4.805	0.371846226
4.806	0.371736944
4.807	0.371627516
4.808	0.371517942
4.809	0.371408223
4.81	0.371298359
4.811	0.371189068
4.812	0.371080569
4.813	0.370971925
4.814	0.370863134
4.815	0.370754199
4.816	0.370645118
4.817	0.370535893
4.818	0.370426524
4.819	0.37031701
4.82	0.370207354
4.821	0.370097554
4.822	0.369987611
4.823	0.369877568
4.824	0.369768982
4.825	0.369660252
4.826	0.369551379
4.827	0.369442362
4.828	0.369333203
4.829	0.369223901
4.83	0.369114457
4.831	0.369004872
4.832	0.368895145
4.833	0.368785277
4.834	0.368675268
4.835	0.368565118
4.836	0.368455958
4.837	0.368347156
4.838	0.368238212
4.839	0.368129127
4.84	0.368019902
4.841	0.367910536
4.842	0.36780103
4.843	0.367691384
4.844	0.367581599
4.845	0.367471675
4.846	0.367361612
4.847	0.367251411
4.848	0.367141756
4.849	0.367032893
4.85	0.366923891
4.851	0.36681475
4.852	0.36670547
4.853	0.366596052
4.854	0.366486495
4.855	0.366376802
4.856	0.36626697
4.857	0.366157002
4.858	0.366046897
4.859	0.365936656
4.86	0.365826638
4.861	0.365717726
4.862	0.365608678
4.863	0.365499492
4.864	0.365390169
4.865	0.365280711
4.866	0.365171116
4.867	0.365061385
4.868	0.364951519
4.869	0.364841518
4.87	0.364731383
4.871	0.364621113
4.872	0.364510881
4.873	0.364401932
4.874	0.364292848
4.875	0.364183628
4.876	0.364074274
4.877	0.363964786
4.878	0.363855163
4.879	0.363745407
4.88	0.363635517
4.881	0.363525495
4.882	0.363415339
4.883	0.363305051
4.884	0.363194745
4.885	0.36308577
4.886	0.362976661
4.887	0.362867419
4.888	0.362758044
4.889	0.362648537
4.89	0.362538897
4.891	0.362429126
4.892	0.362319223
4.893	0.362209189
4.894	0.362099024
4.895	0.361988728
4.896	0.361878469
4.897	0.361769478
4.898	0.361660354
4.899	0.3615511
4.9	0.361441714
4.901	0.361332198
4.902	0.361222552
4.903	0.361112776
4.904	0.36100287
4.905	0.360892834
4.906	0.36078267
4.907	0.360672377
4.908	0.360562276
4.909	0.360453278
4.91	0.36034415
4.911	0.360234893
4.912	0.360125507
4.913	0.360015992
4.914	0.359906348
4.915	0.359796577
4.916	0.359686677
4.917	0.35957665
4.918	0.359466496
4.919	0.359356215
4.92	0.359246381
4.921	0.359137387
4.922	0.359028264
4.923	0.358919014
4.924	0.358809636
4.925	0.358700132
4.926	0.358590501
4.927	0.358480743
4.928	0.35837086
4.929	0.358260851
4.93	0.358150716
4.931	0.358040456
4.932	0.357931006
4.933	0.357822024
4.934	0.357712916
4.935	0.357603681
4.936	0.357494322
4.937	0.357384837
4.938	0.357275227
4.939	0.357165493
4.94	0.357055634
4.941	0.356945651
4.942	0.356835545
4.943	0.356725315
4.944	0.356616393
4.945	0.356507432
4.946	0.356398347
4.947	0.356289138
4.948	0.356179805
4.949	0.356070348
4.95	0.355960768
4.951	0.355851066
4.952	0.35574124
4.953	0.355631293
4.954	0.355521223
4.955	0.355411622
4.956	0.355302814
4.957	0.355193883
4.958	0.355084829
4.959	0.354975653
4.96	0.354866355
4.961	0.354756935
4.962	0.354647393
4.963	0.35453773
4.964	0.354427947
4.965	0.354318042
4.966	0.354208018
4.967	0.354099292
4.968	0.35399052
4.969	0.353881626
4.97	0.353772612
4.971	0.353663477
4.972	0.353554221
4.973	0.353444846
4.974	0.35333535
4.975	0.353225735
4.976	0.353116001
4.977	0.353006147
4.978	0.35289703
4.979	0.352788422
4.98	0.352679694
4.981	0.352570846
4.982	0.352461879
4.983	0.352352793
4.984	0.352243588
4.985	0.352134264
4.986	0.352024822
4.987	0.351915262
4.988	0.351805584
4.989	0.351696154
4.99	0.351587715
4.991	0.351479156
4.992	0.351370479
4.993	0.351261684
4.994	0.351152772
4.995	0.351043741
4.996	0.350934594
4.997	0.350825329
4.998	0.350715948
4.999	0.350606451
5	0.350496837
