0.1	0.247802955
0.101	0.248702121
0.102	0.248457826
0.103	0.247443098
0.104	0.24769612
0.105	0.246582285
0.106	0.244223558
0.107	0.243143492
0.108	0.241362624
0.109	0.239056484
0.11	0.237021215
0.111	0.236197951
0.112	0.235431199
0.113	0.234776675
0.114	0.234196809
0.115	0.234668895
0.116	0.235367278
0.117	0.235823135
0.118	0.235904641
0.119	0.23668825
0.12	0.237344835
0.121	0.237315034
0.122	0.237192697
0.123	0.237355624
0.124	0.236597425
0.125	0.235562273
0.126	0.23467167
0.127	0.232807262
0.128	0.230818288
0.129	0.229000243
0.13	0.226558616
0.131	0.223979625
0.132	0.222030426
0.133	0.220527171
0.134	0.220136375
0.135	0.219947775
0.136	0.220039053
0.137	0.220442417
0.138	0.221113384
0.139	0.221938951
0.14	0.222793208
0.141	0.223602662
0.142	0.224372342
0.143	0.225154375
0.144	0.225983498
0.145	0.226827726
0.146	0.227590325
0.147	0.22861253
0.148	0.229528165
0.149	0.230192289
0.15	0.230642535
0.151	0.230928607
0.152	0.231071165
0.153	0.231052714
0.154	0.230841442
0.155	0.230424445
0.156	0.229966184
0.157	0.229824643
0.158	0.229557151
0.159	0.229163338
0.16	0.228592476
0.161	0.227761052
0.162	0.226595216
0.163	0.22507918
0.164	0.223287252
0.165	0.221381384
0.166	0.219723349
0.167	0.218432885
0.168	0.21744845
0.169	0.216763399
0.17	0.216265672
0.171	0.215802662
0.172	0.215257888
0.173	0.214599986
0.174	0.214690354
0.175	0.217060687
0.176	0.219325145
0.177	0.221539788
0.178	0.223799181
0.179	0.226147977
0.18	0.228596789
0.181	0.231487092
0.182	0.23430583
0.183	0.236965701
0.184	0.239418791
0.185	0.241668231
0.186	0.24393075
0.187	0.246430024
0.188	0.248871803
0.189	0.251280267
0.19	0.253646166
0.191	0.255930763
0.192	0.258270202
0.193	0.260779338
0.194	0.26306413
0.195	0.265097942
0.196	0.26688818
0.197	0.268478236
0.198	0.270272495
0.199	0.272168396
0.2	0.274065857
0.201	0.276010137
0.202	0.278007305
0.203	0.28002467
0.204	0.282014982
0.205	0.284389835
0.206	0.286626589
0.207	0.288697941
0.208	0.290612395
0.209	0.292408296
0.21	0.29413607
0.211	0.296248122
0.212	0.298449703
0.213	0.300628951
0.214	0.302732797
0.215	0.304680236
0.216	0.306375559
0.217	0.308358996
0.218	0.309950863
0.219	0.311070323
0.22	0.311687724
0.221	0.311863746
0.222	0.312182453
0.223	0.312113231
0.224	0.311763815
0.225	0.311256136
0.226	0.310711496
0.227	0.310237128
0.228	0.310090714
0.229	0.310256573
0.23	0.310619492
0.231	0.311173767
0.232	0.311885697
0.233	0.312703456
0.234	0.313569093
0.235	0.314430134
0.236	0.315248627
0.237	0.31600643
0.238	0.316706514
0.239	0.317595773
0.24	0.318519944
0.241	0.319473773
0.242	0.32050221
0.243	0.321644635
0.244	0.322927624
0.245	0.324359337
0.246	0.325926421
0.247	0.327593961
0.248	0.329308589
0.249	0.331004359
0.25	0.332728162
0.251	0.334532348
0.252	0.33614475
0.253	0.337524149
0.254	0.338653041
0.255	0.339540173
0.256	0.340219497
0.257	0.340745659
0.258	0.34120583
0.259	0.341926194
0.26	0.342678303
0.261	0.343522489
0.262	0.344502686
0.263	0.345642292
0.264	0.346942784
0.265	0.34838501
0.266	0.349932783
0.267	0.351538122
0.268	0.353147373
0.269	0.354707294
0.27	0.356459476
0.271	0.358127315
0.272	0.359643752
0.273	0.360988982
0.274	0.362153637
0.275	0.363137362
0.276	0.363947327
0.277	0.364597197
0.278	0.365265613
0.279	0.365976652
0.28	0.366587536
0.281	0.367136386
0.282	0.367669095
0.283	0.368238172
0.284	0.368900425
0.285	0.369713562
0.286	0.370732027
0.287	0.37200254
0.288	0.373559876
0.289	0.375423437
0.29	0.377595022
0.291	0.380111406
0.292	0.383027202
0.293	0.386181327
0.294	0.389517445
0.295	0.39296939
0.296	0.396465255
0.297	0.399931475
0.298	0.403296576
0.299	0.406494322
0.3	0.409667897
0.301	0.412881225
0.302	0.415808839
0.303	0.418416434
0.304	0.420678949
0.305	0.422605159
0.306	0.424743981
0.307	0.426515823
0.308	0.427916195
0.309	0.428943561
0.31	0.429739129
0.311	0.430651003
0.312	0.431191139
0.313	0.431362296
0.314	0.431170335
0.315	0.430897812
0.316	0.430600637
0.317	0.429965326
0.318	0.429014219
0.319	0.427775272
0.32	0.426458618
0.321	0.425232078
0.322	0.423796728
0.323	0.422193413
0.324	0.420464584
0.325	0.41865344
0.326	0.416803214
0.327	0.415251503
0.328	0.413735172
0.329	0.412273503
0.33	0.410906172
0.331	0.409670356
0.332	0.408599826
0.333	0.407723933
0.334	0.407066581
0.335	0.406645295
0.336	0.406470528
0.337	0.406545297
0.338	0.406865247
0.339	0.407419133
0.34	0.408287204
0.341	0.409392721
0.342	0.410677805
0.343	0.412116639
0.344	0.413681862
0.345	0.415345529
0.346	0.417079789
0.347	0.418857264
0.348	0.420651162
0.349	0.422435224
0.35	0.424183603
0.351	0.425910913
0.352	0.427817357
0.353	0.429627991
0.354	0.431318504
0.355	0.432866205
0.356	0.434250845
0.357	0.435455465
0.358	0.436480882
0.359	0.437669329
0.36	0.438655922
0.361	0.439439949
0.362	0.440025466
0.363	0.440420798
0.364	0.440637799
0.365	0.44092934
0.366	0.441197639
0.367	0.441326851
0.368	0.441333571
0.369	0.441234287
0.37	0.441045007
0.371	0.440781091
0.372	0.440714098
0.373	0.440650059
0.374	0.440544238
0.375	0.440410582
0.376	0.440263158
0.377	0.440116185
0.378	0.439983933
0.379	0.439880462
0.38	0.440041901
0.381	0.440282124
0.382	0.44058224
0.383	0.440951781
0.384	0.441397455
0.385	0.441922614
0.386	0.442526857
0.387	0.44320583
0.388	0.443951219
0.389	0.445003866
0.39	0.446103079
0.391	0.447231219
0.392	0.448369061
0.393	0.449495919
0.394	0.450590474
0.395	0.451631601
0.396	0.452761903
0.397	0.453962655
0.398	0.45506294
0.399	0.456047861
0.4	0.456905055
0.401	0.457624758
0.402	0.458357651
0.403	0.459146876
0.404	0.45978634
0.405	0.460273874
0.406	0.460608685
0.407	0.460790991
0.408	0.461175693
0.409	0.461431116
0.41	0.461536603
0.411	0.461493086
0.412	0.46130149
0.413	0.461220051
0.414	0.461108726
0.415	0.460849242
0.416	0.460442264
0.417	0.459888738
0.418	0.459394306
0.419	0.458917206
0.42	0.458294162
0.421	0.457527423
0.422	0.456619752
0.423	0.455744466
0.424	0.454913783
0.425	0.453946574
0.426	0.452846718
0.427	0.451618349
0.428	0.450390283
0.429	0.449243362
0.43	0.447973475
0.431	0.44658512
0.432	0.445083039
0.433	0.443511531
0.434	0.442093125
0.435	0.440567877
0.436	0.438941867
0.437	0.437221848
0.438	0.435415347
0.439	0.433673096
0.44	0.431966883
0.441	0.43019038
0.442	0.428354365
0.443	0.426470558
0.444	0.424551555
0.445	0.422645042
0.446	0.420884759
0.447	0.419118546
0.448	0.417361296
0.449	0.415628091
0.45	0.413933978
0.451	0.412293734
0.452	0.410721629
0.453	0.409231199
0.454	0.407857296
0.455	0.406665379
0.456	0.405580855
0.457	0.404613357
0.458	0.403771039
0.459	0.403060505
0.46	0.402486779
0.461	0.402053301
0.462	0.40176197
0.463	0.401613203
0.464	0.401606025
0.465	0.401738167
0.466	0.402006183
0.467	0.402405559
0.468	0.40293083
0.469	0.403575677
0.47	0.40433302
0.471	0.405250768
0.472	0.406295417
0.473	0.40743355
0.474	0.40865621
0.475	0.409953871
0.476	0.411316457
0.477	0.412733347
0.478	0.414193403
0.479	0.415684979
0.48	0.417195963
0.481	0.418793824
0.482	0.420468933
0.483	0.42213407
0.484	0.423775866
0.485	0.425380789
0.486	0.426935272
0.487	0.428447008
0.488	0.430075491
0.489	0.431622528
0.49	0.433075451
0.491	0.434422228
0.492	0.435651617
0.493	0.437000151
0.494	0.438222344
0.495	0.43930503
0.496	0.440240644
0.497	0.441147371
0.498	0.442046808
0.499	0.442787424
0.5	0.443366225
0.501	0.443838251
0.502	0.444374445
0.503	0.444748227
0.504	0.4449609
0.505	0.445021164
0.506	0.445205636
0.507	0.445237356
0.508	0.445120631
0.509	0.444860367
0.51	0.44468957
0.511	0.444436985
0.512	0.444054538
0.513	0.443547839
0.514	0.443060605
0.515	0.442591693
0.516	0.442011105
0.517	0.441323625
0.518	0.440557243
0.519	0.439929414
0.52	0.439203132
0.521	0.438381544
0.522	0.437467379
0.523	0.436600128
0.524	0.435755824
0.525	0.434821188
0.526	0.433797479
0.527	0.432685722
0.528	0.431696447
0.529	0.4306482
0.53	0.429510545
0.531	0.428284181
0.532	0.426986256
0.533	0.425813941
0.534	0.424551925
0.535	0.423201666
0.536	0.421765012
0.537	0.42027215
0.538	0.418883887
0.539	0.417412479
0.54	0.41586148
0.541	0.414234972
0.542	0.412537556
0.543	0.410961218
0.544	0.409326602
0.545	0.407631597
0.546	0.405882404
0.547	0.404085553
0.548	0.402309679
0.549	0.400604238
0.55	0.398865605
0.551	0.397100893
0.552	0.395317192
0.553	0.393521481
0.554	0.391720728
0.555	0.390058688
0.556	0.38839841
0.557	0.386745874
0.558	0.385106615
0.559	0.383485673
0.56	0.38188754
0.561	0.380316122
0.562	0.378824044
0.563	0.377422102
0.564	0.376051354
0.565	0.374713507
0.566	0.373409633
0.567	0.372140174
0.568	0.37090497
0.569	0.369703283
0.57	0.368533831
0.571	0.367460551
0.572	0.366442372
0.573	0.365448831
0.574	0.364477158
0.575	0.363524266
0.576	0.362586818
0.577	0.361661284
0.578	0.360744006
0.579	0.359831257
0.58	0.359003238
0.581	0.358182655
0.582	0.357355574
0.583	0.356518577
0.584	0.355668434
0.585	0.354802156
0.586	0.353917037
0.587	0.353010685
0.588	0.352160581
0.589	0.351302724
0.59	0.350417901
0.591	0.349505075
0.592	0.348563605
0.593	0.347593234
0.594	0.346594091
0.595	0.345585746
0.596	0.344624499
0.597	0.343635352
0.598	0.342619637
0.599	0.341578948
0.6	0.340515106
0.601	0.339430122
0.602	0.338326148
0.603	0.337246718
0.604	0.33619477
0.605	0.335128631
0.606	0.334050615
0.607	0.332962988
0.608	0.331867935
0.609	0.330767526
0.61	0.329663687
0.611	0.328569268
0.612	0.327535224
0.613	0.32650062
0.614	0.325466675
0.615	0.324434381
0.616	0.323404509
0.617	0.322377604
0.618	0.321353993
0.619	0.320333791
0.62	0.319316918
0.621	0.318363279
0.622	0.31741339
0.623	0.316464508
0.624	0.31551601
0.625	0.314567174
0.626	0.313617205
0.627	0.312665266
0.628	0.311710498
0.629	0.310752052
0.63	0.309802991
0.631	0.308891286
0.632	0.307972692
0.633	0.307046603
0.634	0.306112527
0.635	0.305170098
0.636	0.304219094
0.637	0.303259445
0.638	0.302291242
0.639	0.301314743
0.64	0.300336768
0.641	0.299394191
0.642	0.298443725
0.643	0.297486235
0.644	0.296522741
0.645	0.2955544
0.646	0.294582494
0.647	0.293608418
0.648	0.292633661
0.649	0.291659789
0.65	0.290688423
0.651	0.289721221
0.652	0.288776416
0.653	0.287857058
0.654	0.286945331
0.655	0.286042872
0.656	0.285151266
0.657	0.284272022
0.658	0.28340656
0.659	0.282556196
0.66	0.281722126
0.661	0.280905413
0.662	0.280106982
0.663	0.279327608
0.664	0.27856791
0.665	0.27782835
0.666	0.277109228
0.667	0.276410684
0.668	0.275732701
0.669	0.275080672
0.67	0.274462695
0.671	0.27386393
0.672	0.273283857
0.673	0.272721829
0.674	0.272177085
0.675	0.271648759
0.676	0.271135895
0.677	0.270637458
0.678	0.270152347
0.679	0.269679413
0.68	0.269217467
0.681	0.268765297
0.682	0.268321682
0.683	0.267885403
0.684	0.267455256
0.685	0.267030063
0.686	0.266608688
0.687	0.266190039
0.688	0.265773087
0.689	0.265356865
0.69	0.264957935
0.691	0.264561949
0.692	0.264164273
0.693	0.263764244
0.694	0.263361289
0.695	0.262954929
0.696	0.262544783
0.697	0.262130565
0.698	0.261712086
0.699	0.261289254
0.7	0.260862069
0.701	0.260430623
0.702	0.259995095
0.703	0.259555749
0.704	0.259112924
0.705	0.258667036
0.706	0.258218566
0.707	0.257776775
0.708	0.25734347
0.709	0.256908834
0.71	0.256473537
0.711	0.256038282
0.712	0.255603804
0.713	0.255170856
0.714	0.254740207
0.715	0.254312633
0.716	0.253888909
0.717	0.253469803
0.718	0.253056067
0.719	0.252648437
0.72	0.252247618
0.721	0.251854285
0.722	0.251469077
0.723	0.251092589
0.724	0.250725372
0.725	0.250367925
0.726	0.250020696
0.727	0.249684078
0.728	0.249358404
0.729	0.249043951
0.73	0.248740934
0.731	0.248449989
0.732	0.248179001
0.733	0.247919536
0.734	0.247671604
0.735	0.247435162
0.736	0.247210107
0.737	0.246996288
0.738	0.246793503
0.739	0.246601502
0.74	0.246419995
0.741	0.246248648
0.742	0.246087096
0.743	0.24593494
0.744	0.245791753
0.745	0.245657085
0.746	0.245530467
0.747	0.245411416
0.748	0.245299437
0.749	0.245194029
0.75	0.245094688
0.751	0.245000913
0.752	0.244912205
0.753	0.244828076
0.754	0.244748049
0.755	0.244671662
0.756	0.24459847
0.757	0.244528049
0.758	0.244459998
0.759	0.244393939
0.76	0.24432952
0.761	0.244266419
0.762	0.244207431
0.763	0.244157932
0.764	0.24410906
0.765	0.244060601
0.766	0.244012371
0.767	0.243964214
0.768	0.243916008
0.769	0.243867655
0.77	0.243819092
0.771	0.243770278
0.772	0.243721202
0.773	0.243671878
0.774	0.243622342
0.775	0.243572656
0.776	0.243522901
0.777	0.243473176
0.778	0.243423598
0.779	0.2433743
0.78	0.243325428
0.781	0.243277138
0.782	0.243229597
0.783	0.243183495
0.784	0.243150831
0.785	0.243119399
0.786	0.243089382
0.787	0.243060959
0.788	0.243034308
0.789	0.243009603
0.79	0.242987007
0.791	0.242966679
0.792	0.242948763
0.793	0.242933393
0.794	0.242920687
0.795	0.242910747
0.796	0.242903659
0.797	0.242899487
0.798	0.242898276
0.799	0.242900051
0.8	0.242904812
0.801	0.242912536
0.802	0.242923176
0.803	0.242942423
0.804	0.242972207
0.805	0.243004715
0.806	0.24303981
0.807	0.243077329
0.808	0.243117084
0.809	0.243158861
0.81	0.243202421
0.811	0.243247503
0.812	0.243293822
0.813	0.24334107
0.814	0.243388919
0.815	0.243437021
0.816	0.243485011
0.817	0.243532508
0.818	0.243579114
0.819	0.243624421
0.82	0.243683637
0.821	0.243741988
0.822	0.243797969
0.823	0.243851141
0.824	0.243901058
0.825	0.243947276
0.826	0.243989352
0.827	0.244026844
0.828	0.244059319
0.829	0.244086351
0.83	0.244107522
0.831	0.244122429
0.832	0.244130683
0.833	0.244147437
0.834	0.244161097
0.835	0.244167168
0.836	0.244165325
0.837	0.244155265
0.838	0.244136708
0.839	0.244109401
0.84	0.244073118
0.841	0.244027659
0.842	0.243972855
0.843	0.243908566
0.844	0.243841376
0.845	0.243778724
0.846	0.2437063
0.847	0.243624068
0.848	0.243532023
0.849	0.243430189
0.85	0.243318622
0.851	0.243197408
0.852	0.243066662
0.853	0.242926528
0.854	0.242777176
0.855	0.242623827
0.856	0.242476741
0.857	0.242320881
0.858	0.242156507
0.859	0.241983897
0.86	0.241803353
0.861	0.241615198
0.862	0.241419772
0.863	0.24121743
0.864	0.241008547
0.865	0.240793509
0.866	0.240572712
0.867	0.240354947
0.868	0.240141132
0.869	0.23992246
0.87	0.239699355
0.871	0.23947225
0.872	0.239241576
0.873	0.239007771
0.874	0.23877127
0.875	0.238532509
0.876	0.238291922
0.877	0.238049937
0.878	0.237806981
0.879	0.237563472
0.88	0.237319822
0.881	0.237082376
0.882	0.236852548
0.883	0.236623408
0.884	0.236395337
0.885	0.236168702
0.886	0.235943859
0.887	0.235721154
0.888	0.235500916
0.889	0.235283464
0.89	0.235069101
0.891	0.234858116
0.892	0.234650785
0.893	0.234447365
0.894	0.234248103
0.895	0.234053226
0.896	0.233862948
0.897	0.233677468
0.898	0.233496967
0.899	0.233321612
0.9	0.233151554
0.901	0.232992917
0.902	0.232841758
0.903	0.232696071
0.904	0.232555959
0.905	0.232421507
0.906	0.232292788
0.907	0.23216986
0.908	0.232052767
0.909	0.231941541
0.91	0.231836198
0.911	0.231736746
0.912	0.231643175
0.913	0.231555469
0.914	0.231473596
0.915	0.231397515
0.916	0.231327176
0.917	0.231262517
0.918	0.231203468
0.919	0.231149948
0.92	0.231101871
0.921	0.23105914
0.922	0.231021654
0.923	0.230989303
0.924	0.230961973
0.925	0.230939542
0.926	0.230921885
0.927	0.230908873
0.928	0.230900374
0.929	0.230898228
0.93	0.230904827
0.931	0.230915549
0.932	0.230930255
0.933	0.230948807
0.934	0.230971066
0.935	0.230996893
0.936	0.231026149
0.937	0.231058699
0.938	0.231094408
0.939	0.231133143
0.94	0.231174775
0.941	0.231219178
0.942	0.231266231
0.943	0.231315816
0.944	0.231367821
0.945	0.231422139
0.946	0.231478668
0.947	0.231537313
0.948	0.231597984
0.949	0.231660599
0.95	0.231725083
0.951	0.231791367
0.952	0.231859391
0.953	0.2319291
0.954	0.232000449
0.955	0.232077646
0.956	0.232159959
0.957	0.23224385
0.958	0.232329301
0.959	0.232416305
0.96	0.232504861
0.961	0.232594975
0.962	0.232686662
0.963	0.232779944
0.964	0.232874848
0.965	0.23297141
0.966	0.233069671
0.967	0.23316968
0.968	0.233271491
0.969	0.233375161
0.97	0.233480757
0.971	0.23359914
0.972	0.233777903
0.973	0.23395515
0.974	0.234130959
0.975	0.23430541
0.976	0.234478586
0.977	0.234650575
0.978	0.234821464
0.979	0.234991344
0.98	0.23518058
0.981	0.235375872
0.982	0.235570398
0.983	0.235764252
0.984	0.235957524
0.985	0.236150305
0.986	0.23634268
0.987	0.236534732
0.988	0.236726541
0.989	0.236936935
0.99	0.237155694
0.991	0.23737442
0.992	0.237593173
0.993	0.237812007
0.994	0.23803097
0.995	0.238250101
0.996	0.238469428
0.997	0.238688974
0.998	0.238930948
0.999	0.239178565
1	0.239426454
1.001	0.239674602
1.002	0.239922981
1.003	0.240171555
1.004	0.240420274
1.005	0.240669076
1.006	0.240923387
1.007	0.241200483
1.008	0.241477506
1.009	0.241754349
1.01	0.242030893
1.011	0.242307006
1.012	0.242582541
1.013	0.242857338
1.014	0.243131227
1.015	0.243432604
1.016	0.24373378
1.017	0.244033617
1.018	0.244331898
1.019	0.244628392
1.02	0.244922858
1.021	0.245215043
1.022	0.245510865
1.023	0.245828718
1.024	0.246143665
1.025	0.246455411
1.026	0.246763656
1.027	0.247068088
1.028	0.247368385
1.029	0.247664218
1.03	0.247984334
1.031	0.248303065
1.032	0.248616532
1.033	0.248924381
1.034	0.249226253
1.035	0.249521782
1.036	0.249810601
1.037	0.250126613
1.038	0.250435433
1.039	0.250736654
1.04	0.251029898
1.041	0.251314786
1.042	0.251590937
1.043	0.251875197
1.044	0.252168742
1.045	0.252452644
1.046	0.252726527
1.047	0.252990018
1.048	0.253242749
1.049	0.253495613
1.05	0.253763115
1.051	0.254018983
1.052	0.254262866
1.053	0.254494418
1.054	0.254713303
1.055	0.254935349
1.056	0.255166528
1.057	0.255384249
1.058	0.255588204
1.059	0.255778097
1.06	0.255953643
1.061	0.256145247
1.062	0.256330899
1.063	0.256501538
1.064	0.256656918
1.065	0.256796805
1.066	0.256933993
1.067	0.257082532
1.068	0.25721504
1.069	0.257331333
1.07	0.257431237
1.071	0.257515718
1.072	0.257623136
1.073	0.257713774
1.074	0.257787509
1.075	0.257844239
1.076	0.257883875
1.077	0.257941682
1.078	0.257987898
1.079	0.258016818
1.08	0.258028409
1.081	0.258022652
1.082	0.258032283
1.083	0.258032788
1.084	0.258015904
1.085	0.257981668
1.086	0.257930132
1.087	0.257894553
1.088	0.257849336
1.089	0.257786936
1.09	0.257707457
1.091	0.257611021
1.092	0.257534003
1.093	0.257444305
1.094	0.257337915
1.095	0.257215001
1.096	0.25707735
1.097	0.256961741
1.098	0.25682998
1.099	0.25668228
1.1	0.256518868
1.101	0.256348669
1.102	0.256193545
1.103	0.256023205
1.104	0.255837913
1.105	0.255637944
1.106	0.255439583
1.107	0.255249147
1.108	0.255044634
1.109	0.254826352
1.11	0.254594616
1.111	0.254372329
1.112	0.254151579
1.113	0.253918054
1.114	0.253672096
1.115	0.253414051
1.116	0.253171487
1.117	0.252926032
1.118	0.252669225
1.119	0.252401429
1.12	0.252123011
1.121	0.251863091
1.122	0.251598959
1.123	0.251324973
1.124	0.251041505
1.125	0.250748931
1.126	0.250474624
1.127	0.250198065
1.128	0.249913174
1.129	0.249620326
1.13	0.249319896
1.131	0.249034886
1.132	0.248752169
1.133	0.248462628
1.134	0.248166629
1.135	0.247864533
1.136	0.247572674
1.137	0.247289907
1.138	0.247001765
1.139	0.246708596
1.14	0.246410743
1.141	0.246114975
1.142	0.245837933
1.143	0.245556872
1.144	0.245272111
1.145	0.244983967
1.146	0.244692748
1.147	0.244420169
1.148	0.244151356
1.149	0.243880041
1.15	0.243606504
1.151	0.243331019
1.152	0.243058018
1.153	0.242805995
1.154	0.242552508
1.155	0.242297799
1.156	0.242042103
1.157	0.241785644
1.158	0.24153882
1.159	0.241306806
1.16	0.241074393
1.161	0.240841773
1.162	0.240609125
1.163	0.240376622
1.164	0.240156837
1.165	0.239949383
1.166	0.239742313
1.167	0.239535763
1.168	0.23932986
1.169	0.23912472
1.17	0.238932324
1.171	0.238752453
1.172	0.238573459
1.173	0.238395424
1.174	0.238218422
1.175	0.238042517
1.176	0.237877472
1.177	0.237726683
1.178	0.237576983
1.179	0.237428405
1.18	0.237280972
1.181	0.237134696
1.182	0.236996174
1.183	0.23687452
1.184	0.236753908
1.185	0.236634324
1.186	0.236515744
1.187	0.236398138
1.188	0.23628436
1.189	0.236190583
1.19	0.236097568
1.191	0.236005262
1.192	0.235913603
1.193	0.235822522
1.194	0.235731944
1.195	0.235663084
1.196	0.235595081
1.197	0.23552728
1.198	0.235459588
1.199	0.235391906
1.2	0.235324133
1.201	0.235275308
1.202	0.235228848
1.203	0.23518194
1.204	0.235134467
1.205	0.235086309
1.206	0.235037342
1.207	0.235006463
1.208	0.234977433
1.209	0.234947202
1.21	0.23491564
1.211	0.234882613
1.212	0.234847986
1.213	0.234832632
1.214	0.234816507
1.215	0.234798373
1.216	0.234778092
1.217	0.234755526
1.218	0.234733497
1.219	0.234728266
1.22	0.234720342
1.221	0.234709587
1.222	0.234695863
1.223	0.234679033
1.224	0.234668506
1.225	0.234667615
1.226	0.234663225
1.227	0.234655205
1.228	0.234643423
1.229	0.234627751
1.23	0.234626719
1.231	0.234625677
1.232	0.234620381
1.233	0.234610711
1.234	0.234596548
1.235	0.234584833
1.236	0.234584331
1.237	0.234579005
1.238	0.234568749
1.239	0.234553458
1.24	0.234533032
1.241	0.234527796
1.242	0.234519968
1.243	0.234506721
1.244	0.234487967
1.245	0.234463622
1.246	0.234446326
1.247	0.234433844
1.248	0.234415532
1.249	0.234391319
1.25	0.234361139
1.251	0.234331724
1.252	0.23431279
1.253	0.234287697
1.254	0.234256391
1.255	0.234218827
1.256	0.234177128
1.257	0.234150316
1.258	0.234117099
1.259	0.234077445
1.26	0.234031327
1.261	0.233978721
1.262	0.233941505
1.263	0.233899203
1.264	0.233850324
1.265	0.233794861
1.266	0.233732808
1.267	0.233683329
1.268	0.233631353
1.269	0.233572745
1.27	0.233507513
1.271	0.233435674
1.272	0.233374547
1.273	0.233312667
1.274	0.233244177
1.275	0.233169105
1.276	0.233087482
1.277	0.233015455
1.278	0.232943775
1.279	0.232865583
1.28	0.23278092
1.281	0.232689835
1.282	0.232607834
1.283	0.232526767
1.284	0.232439349
1.285	0.232345637
1.286	0.232245692
1.287	0.232154743
1.288	0.232064969
1.289	0.231969065
1.29	0.231867099
1.291	0.231759144
1.292	0.231659993
1.293	0.231562427
1.294	0.231459
1.295	0.231349788
1.296	0.231234874
1.297	0.231127889
1.298	0.231023637
1.299	0.230913829
1.3	0.230798551
1.301	0.230677892
1.302	0.230563415
1.303	0.230453728
1.304	0.23033882
1.305	0.230218783
1.306	0.230093708
1.307	0.229972371
1.308	0.229858604
1.309	0.22973997
1.31	0.229616563
1.311	0.229488477
1.312	0.229361159
1.313	0.229244728
1.314	0.229123791
1.315	0.228998443
1.316	0.22886878
1.317	0.228736472
1.318	0.228618808
1.319	0.228497
1.32	0.22837114
1.321	0.228241323
1.322	0.228107641
1.323	0.22798768
1.324	0.227866401
1.325	0.227741419
1.326	0.227612826
1.327	0.227480708
1.328	0.227358169
1.329	0.227238754
1.33	0.227115967
1.331	0.226989893
1.332	0.226860614
1.333	0.2267367
1.334	0.226620388
1.335	0.226501008
1.336	0.226378638
1.337	0.226253355
1.338	0.226128844
1.339	0.226016749
1.34	0.225901859
1.341	0.225784244
1.342	0.225663973
1.343	0.225541112
1.344	0.22543222
1.345	0.225322753
1.346	0.225210789
1.347	0.225096389
1.348	0.224979608
1.349	0.224870241
1.35	0.224766963
1.351	0.224661376
1.352	0.224553531
1.353	0.224443474
1.354	0.224333508
1.355	0.224237005
1.356	0.224138341
1.357	0.224037553
1.358	0.223934679
1.359	0.223829755
1.36	0.223734807
1.361	0.223643421
1.362	0.223550004
1.363	0.223454584
1.364	0.223357184
1.365	0.223261842
1.366	0.223177903
1.367	0.223091981
1.368	0.223004094
1.369	0.222914256
1.37	0.22282248
1.371	0.222742684
1.372	0.222664194
1.373	0.222583735
1.374	0.222501312
1.375	0.222416928
1.376	0.222338031
1.377	0.22226673
1.378	0.222193416
1.379	0.222118086
1.38	0.222040732
1.381	0.221963036
1.382	0.221898512
1.383	0.221831894
1.384	0.22176317
1.385	0.221692326
1.386	0.221619346
1.387	0.221557193
1.388	0.221496671
1.389	0.22143392
1.39	0.221368919
1.391	0.221301645
1.392	0.221239766
1.393	0.221184605
1.394	0.221127062
1.395	0.221067112
1.396	0.221004724
1.397	0.220942888
1.398	0.220892235
1.399	0.220839024
1.4	0.220783224
1.401	0.220724799
1.402	0.220663716
1.403	0.220615453
1.404	0.220565604
1.405	0.220512963
1.406	0.220457494
1.407	0.220399159
1.408	0.220349531
1.409	0.220302001
1.41	0.220251465
1.411	0.220197883
1.412	0.220141214
1.413	0.220089795
1.414	0.220043491
1.415	0.219993957
1.416	0.21994115
1.417	0.219885029
1.418	0.21983191
1.419	0.219785708
1.42	0.219736046
1.421	0.219682883
1.422	0.219626176
1.423	0.219571455
1.424	0.219524219
1.425	0.219473296
1.426	0.219418642
1.427	0.219360218
1.428	0.219303603
1.429	0.21925421
1.43	0.219200904
1.431	0.219143647
1.432	0.219082398
1.433	0.219023408
1.434	0.218970761
1.435	0.218913987
1.436	0.218853048
1.437	0.218787909
1.438	0.218726192
1.439	0.218669242
1.44	0.218607963
1.441	0.218542321
1.442	0.218472283
1.443	0.218407567
1.444	0.218345327
1.445	0.218278572
1.446	0.218207273
1.447	0.2181314
1.448	0.218063323
1.449	0.217994882
1.45	0.21792176
1.451	0.217843932
1.452	0.217761374
1.453	0.217689598
1.454	0.217614134
1.455	0.217533844
1.456	0.217448709
1.457	0.217361404
1.458	0.217283123
1.459	0.217199911
1.46	0.217111753
1.461	0.217018636
1.462	0.216927708
1.463	0.216841161
1.464	0.216749583
1.465	0.216652965
1.466	0.2165513
1.467	0.216456655
1.468	0.21636131
1.469	0.216260861
1.47	0.216155304
1.471	0.216045506
1.472	0.215946102
1.473	0.215841543
1.474	0.215731834
1.475	0.215616976
1.476	0.215503314
1.477	0.215394423
1.478	0.215280353
1.479	0.215161113
1.48	0.215036714
1.481	0.214919098
1.482	0.214800514
1.483	0.214676755
1.484	0.214547836
1.485	0.214415317
1.486	0.214292118
1.487	0.214163755
1.488	0.214030248
1.489	0.21389162
1.49	0.213755199
1.491	0.213622201
1.492	0.213484091
1.493	0.213340896
1.494	0.213192645
1.495	0.213052495
1.496	0.212909817
1.497	0.212762108
1.498	0.212609399
1.499	0.212455235
1.5	0.212308075
1.501	0.21215595
1.502	0.211998898
1.503	0.211836957
1.504	0.211679537
1.505	0.211523144
1.506	0.21136191
1.507	0.211195877
1.508	0.211025091
1.509	0.210864437
1.51	0.210699226
1.511	0.21052932
1.512	0.210354768
1.513	0.210180734
1.514	0.210011793
1.515	0.209838273
1.516	0.209660226
1.517	0.209477704
1.518	0.209300805
1.519	0.209123967
1.52	0.208942733
1.521	0.208757159
1.522	0.208567669
1.523	0.208387843
1.524	0.208203763
1.525	0.208015486
1.526	0.207823073
1.527	0.207631398
1.528	0.207444842
1.529	0.207254244
1.53	0.207059663
1.531	0.206861165
1.532	0.206667463
1.533	0.206474948
1.534	0.206278614
1.535	0.206078527
1.536	0.205874751
1.537	0.205679172
1.538	0.205481519
1.539	0.205280284
1.54	0.205075533
1.541	0.204868658
1.542	0.204670138
1.543	0.204468211
1.544	0.204262946
1.545	0.204054411
1.546	0.203846343
1.547	0.203644195
1.548	0.203438889
1.549	0.203230495
1.55	0.203019083
1.551	0.202810099
1.552	0.202605235
1.553	0.202397466
1.554	0.202186862
1.555	0.201973495
1.556	0.201763782
1.557	0.201557126
1.558	0.201347821
1.559	0.201135936
1.56	0.200921543
1.561	0.200711284
1.562	0.200503765
1.563	0.200293852
1.564	0.200081613
1.565	0.199867119
1.566	0.19965658
1.567	0.199449122
1.568	0.19923952
1.569	0.199027845
1.57	0.198814163
1.571	0.198603623
1.572	0.198397133
1.573	0.198188748
1.574	0.197978534
1.575	0.197766558
1.576	0.197556181
1.577	0.197351546
1.578	0.197145255
1.579	0.196937375
1.58	0.19672797
1.581	0.196517796
1.582	0.196315871
1.583	0.196112522
1.584	0.195907813
1.585	0.195701808
1.586	0.195494568
1.587	0.19529343
1.588	0.195093832
1.589	0.194893094
1.59	0.194691276
1.591	0.194488437
1.592	0.19428739
1.593	0.194092306
1.594	0.193896291
1.595	0.193699401
1.596	0.193501692
1.597	0.19330322
1.598	0.193110855
1.599	0.192920263
1.6	0.192728989
1.601	0.192537084
1.602	0.192344602
1.603	0.192152112
1.604	0.19196759
1.605	0.191782562
1.606	0.191597079
1.607	0.191411189
1.608	0.191224939
1.609	0.191040661
1.61	0.190862452
1.611	0.190683947
1.612	0.190505189
1.613	0.190326224
1.614	0.190147094
1.615	0.18997092
1.616	0.189799885
1.617	0.189628737
1.618	0.189457518
1.619	0.189286265
1.62	0.189115016
1.621	0.188946899
1.622	0.188783773
1.623	0.188620694
1.624	0.188457698
1.625	0.188294817
1.626	0.188132085
1.627	0.187971807
1.628	0.187817197
1.629	0.187662769
1.63	0.187508551
1.631	0.187354574
1.632	0.187200865
1.633	0.187047965
1.634	0.18690235
1.635	0.186757025
1.636	0.186612015
1.637	0.186467345
1.638	0.186323036
1.639	0.186179111
1.64	0.186040648
1.641	0.185904754
1.642	0.185769254
1.643	0.185634168
1.644	0.185499512
1.645	0.185365305
1.646	0.185232839
1.647	0.18510658
1.648	0.18498077
1.649	0.184855423
1.65	0.184730554
1.651	0.184606173
1.652	0.184482294
1.653	0.184362524
1.654	0.184246466
1.655	0.184130899
1.656	0.184015832
1.657	0.183901274
1.658	0.18378723
1.659	0.183673709
1.66	0.183565708
1.661	0.183459851
1.662	0.183354496
1.663	0.183249647
1.664	0.183145307
1.665	0.183041479
1.666	0.182938165
1.667	0.182841002
1.668	0.182745168
1.669	0.182649818
1.67	0.182554952
1.671	0.18246057
1.672	0.182366669
1.673	0.182273247
1.674	0.182185954
1.675	0.182099804
1.676	0.182014095
1.677	0.181928824
1.678	0.181843986
1.679	0.181759575
1.68	0.181675585
1.681	0.181597241
1.682	0.181520294
1.683	0.181443725
1.684	0.181367525
1.685	0.181291686
1.686	0.181216199
1.687	0.181141055
1.688	0.181070862
1.689	0.181002518
1.69	0.180934468
1.691	0.180866701
1.692	0.180799205
1.693	0.180731968
1.694	0.18066498
1.695	0.180602172
1.696	0.18054173
1.697	0.180481481
1.698	0.180421414
1.699	0.180361514
1.7	0.180301768
1.701	0.180242161
1.702	0.1801859
1.703	0.180132577
1.704	0.180079337
1.705	0.180026164
1.706	0.179973045
1.707	0.179919962
1.708	0.179866901
1.709	0.179816328
1.71	0.179769285
1.711	0.179722204
1.712	0.17967507
1.713	0.179627865
1.714	0.179580574
1.715	0.179533179
1.716	0.179487508
1.717	0.179445866
1.718	0.179404061
1.719	0.179362075
1.72	0.179319892
1.721	0.179277494
1.722	0.179234864
1.723	0.179193338
1.724	0.179156198
1.725	0.179118767
1.726	0.179081027
1.727	0.179042961
1.728	0.179004551
1.729	0.178965779
1.73	0.178927591
1.731	0.178894055
1.732	0.178860099
1.733	0.178825706
1.734	0.178790859
1.735	0.17875554
1.736	0.178719732
1.737	0.178684075
1.738	0.178653257
1.739	0.178621895
1.74	0.17858997
1.741	0.178557466
1.742	0.178524367
1.743	0.178490656
1.744	0.178456857
1.745	0.178427903
1.746	0.178398283
1.747	0.178367981
1.748	0.178336982
1.749	0.17830527
1.75	0.178272829
1.751	0.178240394
1.752	0.178212489
1.753	0.178183806
1.754	0.178154329
1.755	0.178124043
1.756	0.178092934
1.757	0.178060988
1.758	0.178029504
1.759	0.17800189
1.76	0.177973392
1.761	0.177943996
1.762	0.17791369
1.763	0.17788246
1.764	0.177850294
1.765	0.177819371
1.766	0.177791349
1.767	0.177762348
1.768	0.177732356
1.769	0.177701362
1.77	0.177669355
1.771	0.177636322
1.772	0.177605603
1.773	0.177576544
1.774	0.177546422
1.775	0.177515227
1.776	0.177482949
1.777	0.177449579
1.778	0.177415108
1.779	0.177384314
1.78	0.177353663
1.781	0.177321877
1.782	0.177288948
1.783	0.177254867
1.784	0.177219627
1.785	0.177183722
1.786	0.17715219
1.787	0.177119469
1.788	0.177085553
1.789	0.177050436
1.79	0.177014111
1.791	0.176976572
1.792	0.176940427
1.793	0.176906476
1.794	0.176871287
1.795	0.176834854
1.796	0.176797174
1.797	0.176758243
1.798	0.176718056
1.799	0.176681653
1.8	0.17664495
1.801	0.176606972
1.802	0.176567715
1.803	0.176527177
1.804	0.176485355
1.805	0.176443994
1.806	0.176405585
1.807	0.176365875
1.808	0.176324865
1.809	0.176282553
1.81	0.176238938
1.811	0.17619402
1.812	0.176152433
1.813	0.176110853
1.814	0.176067958
1.815	0.176023747
1.816	0.175978223
1.817	0.175931386
1.818	0.175884948
1.819	0.175841401
1.82	0.175796531
1.821	0.175750342
1.822	0.175702834
1.823	0.175654012
1.824	0.175603877
1.825	0.175557275
1.826	0.175510382
1.827	0.175462172
1.828	0.175412647
1.829	0.175361813
1.83	0.175309672
1.831	0.175258512
1.832	0.175209584
1.833	0.175159348
1.834	0.175107809
1.835	0.17505497
1.836	0.175000839
1.837	0.174945419
1.838	0.174894429
1.839	0.174842196
1.84	0.174788677
1.841	0.174733877
1.842	0.174677802
1.843	0.174620459
1.844	0.17456535
1.845	0.174511181
1.846	0.174455748
1.847	0.174399057
1.848	0.174341115
1.849	0.174281931
1.85	0.174222886
1.851	0.174166869
1.852	0.174109614
1.853	0.17405113
1.854	0.173991424
1.855	0.173930506
1.856	0.173868382
1.857	0.173809938
1.858	0.173750979
1.859	0.173690823
1.86	0.173629478
1.861	0.173566954
1.862	0.17350326
1.863	0.173441205
1.864	0.173380679
1.865	0.173318992
1.866	0.173256152
1.867	0.173192171
1.868	0.173127057
1.869	0.173061595
1.87	0.172999656
1.871	0.172936595
1.872	0.172872422
1.873	0.172807146
1.874	0.172740779
1.875	0.172673329
1.876	0.172608909
1.877	0.172544645
1.878	0.172479311
1.879	0.172412917
1.88	0.172345473
1.881	0.172276991
1.882	0.172209481
1.883	0.172144196
1.884	0.172077884
1.885	0.172010556
1.886	0.171942222
1.887	0.171872894
1.888	0.171802583
1.889	0.171736331
1.89	0.171669231
1.891	0.17160116
1.892	0.171532128
1.893	0.171462148
1.894	0.171391229
1.895	0.171322179
1.896	0.171254485
1.897	0.171185865
1.898	0.171116331
1.899	0.171045893
1.9	0.170974562
1.901	0.170902987
1.902	0.170834894
1.903	0.170765921
1.904	0.170696079
1.905	0.170625379
1.906	0.170553831
1.907	0.170481447
1.908	0.170411827
1.909	0.170342695
1.91	0.170272738
1.911	0.170201968
1.912	0.170130396
1.913	0.170058031
1.914	0.169986631
1.915	0.169917528
1.916	0.169847646
1.917	0.169776994
1.918	0.169705584
1.919	0.169633425
1.92	0.169560529
1.921	0.169491623
1.922	0.169421997
1.923	0.169427697
1.924	0.169706322
1.925	0.169989334
1.926	0.170269094
1.927	0.170545602
1.928	0.170818858
1.929	0.171096039
1.93	0.171371059
1.931	0.171642846
1.932	0.171911399
1.933	0.172181778
1.934	0.17245215
1.935	0.172719308
1.936	0.172983255
1.937	0.173246463
1.938	0.173512283
1.939	0.17377491
1.94	0.174034347
1.941	0.174290595
1.942	0.17455139
1.943	0.174809586
1.944	0.175064614
1.945	0.175316477
1.946	0.175569437
1.947	0.175823303
1.948	0.176074025
1.949	0.176321605
1.95	0.176566434
1.951	0.176816074
1.952	0.177062594
1.953	0.177305996
1.954	0.177546285
1.955	0.177787941
1.956	0.178030364
1.957	0.178269694
1.958	0.178505936
1.959	0.178739094
1.96	0.178977398
1.961	0.179212762
1.962	0.179445063
1.963	0.179674305
1.964	0.179903782
1.965	0.180135286
1.966	0.180363752
1.967	0.180589185
1.968	0.180811588
1.969	0.181037379
1.97	0.181262115
1.971	0.181483843
1.972	0.181702568
1.973	0.181919184
1.974	0.182140294
1.975	0.182358421
1.976	0.182573571
1.977	0.182785748
1.978	0.182998443
1.979	0.183213071
1.98	0.183424748
1.981	0.183633477
1.982	0.183839263
1.983	0.18404794
1.984	0.184256243
1.985	0.184461623
1.986	0.184664085
1.987	0.184863634
1.988	0.185068194
1.989	0.185270322
1.99	0.185469557
1.991	0.185665902
1.992	0.185860755
1.993	0.186059725
1.994	0.186255825
1.995	0.18644906
1.996	0.186639435
1.997	0.186829999
1.998	0.187023055
1.999	0.18721327
2	0.187400647
2.001	0.187585192
2.002	0.187771409
2.003	0.18795869
2.004	0.188143156
2.005	0.18832481
2.006	0.188503659
2.007	0.188685476
2.008	0.188867112
2.009	0.189045959
2.01	0.189222021
2.011	0.189395302
2.012	0.189572703
2.013	0.18974882
2.014	0.189922173
2.015	0.190092764
2.016	0.1902606
2.017	0.190433618
2.018	0.190604334
2.019	0.190772309
2.02	0.190937547
2.021	0.191100604
2.022	0.191268754
2.023	0.191434181
2.024	0.191596889
2.025	0.191756882
2.026	0.191915688
2.027	0.192078632
2.028	0.192238874
2.029	0.192396419
2.03	0.192551269
2.031	0.192705906
2.032	0.192863743
2.033	0.193018899
2.034	0.193171376
2.035	0.19332118
2.036	0.193471723
2.037	0.193624546
2.038	0.193774706
2.039	0.193922206
2.04	0.194067052
2.041	0.194213578
2.042	0.194361472
2.043	0.19450672
2.044	0.194649327
2.045	0.194789295
2.046	0.194931887
2.047	0.19507493
2.048	0.195215345
2.049	0.195353134
2.05	0.195488301
2.051	0.195627043
2.052	0.195765308
2.053	0.195900961
2.054	0.196034003
2.055	0.196164438
2.056	0.196299408
2.057	0.196432962
2.058	0.196563917
2.059	0.196692277
2.06	0.196818044
2.061	0.196949313
2.062	0.197078217
2.063	0.197204536
2.064	0.197328272
2.065	0.197450193
2.066	0.197577079
2.067	0.197701388
2.068	0.197823125
2.069	0.197942292
2.07	0.198060682
2.071	0.198183012
2.072	0.198302778
2.073	0.198419983
2.074	0.19853463
2.075	0.198649578
2.076	0.1987674
2.077	0.198882668
2.078	0.198995387
2.079	0.199105559
2.08	0.199217159
2.081	0.199330515
2.082	0.199441329
2.083	0.199549604
2.084	0.199655342
2.085	0.199763695
2.086	0.199872625
2.087	0.199979024
2.088	0.200082893
2.089	0.200184235
2.09	0.200289439
2.091	0.20039398
2.092	0.200495998
2.093	0.200595497
2.094	0.200692479
2.095	0.200794609
2.096	0.200894795
2.097	0.200992467
2.098	0.201087629
2.099	0.201181018
2.1	0.201279385
2.101	0.201375246
2.102	0.201468603
2.103	0.201559459
2.104	0.201649864
2.105	0.201743929
2.106	0.201835496
2.107	0.201924567
2.108	0.202011147
2.109	0.202098632
2.11	0.202188422
2.111	0.202275723
2.112	0.202360538
2.113	0.20244287
2.114	0.202527507
2.115	0.202613051
2.116	0.202696114
2.117	0.2027767
2.118	0.202854812
2.119	0.202936646
2.12	0.203017969
2.121	0.203096822
2.122	0.203173207
2.123	0.203247128
2.124	0.203326165
2.125	0.203403297
2.126	0.203477967
2.127	0.203550179
2.128	0.203620761
2.129	0.203696183
2.13	0.203769151
2.131	0.203839667
2.132	0.203907734
2.133	0.20397556
2.134	0.204046837
2.135	0.204115669
2.136	0.204182059
2.137	0.20424601
2.138	0.204311109
2.139	0.204378269
2.14	0.204442995
2.141	0.204505289
2.142	0.204565155
2.143	0.204627562
2.144	0.204690637
2.145	0.204751287
2.146	0.204809517
2.147	0.204865331
2.148	0.204925098
2.149	0.204984119
2.15	0.205040727
2.151	0.205094926
2.152	0.20514672
2.153	0.205203873
2.154	0.205258874
2.155	0.205311474
2.156	0.205361678
2.157	0.205410593
2.158	0.205464002
2.159	0.205515019
2.16	0.205563648
2.161	0.205609894
2.162	0.205656154
2.163	0.205705605
2.164	0.205752677
2.165	0.205797374
2.166	0.205839701
2.167	0.205883331
2.168	0.205928864
2.169	0.205972032
2.17	0.206012839
2.171	0.206051291
2.172	0.206092353
2.173	0.206134011
2.174	0.206173318
2.175	0.20621028
2.176	0.2062449
2.177	0.206283438
2.178	0.206321267
2.179	0.20635676
2.18	0.206389923
2.181	0.206420761
2.182	0.206456801
2.183	0.206490849
2.184	0.206522577
2.185	0.206551992
2.186	0.206580066
2.187	0.206612691
2.188	0.206643008
2.189	0.206671024
2.19	0.206696743
2.191	0.206722471
2.192	0.206751403
2.193	0.206778045
2.194	0.206802402
2.195	0.206824481
2.196	0.206847952
2.197	0.206873247
2.198	0.20689627
2.199	0.206917027
2.2	0.206935524
2.201	0.206956798
2.202	0.206978514
2.203	0.206997978
2.204	0.207015196
2.205	0.207030172
2.206	0.207049293
2.207	0.207067493
2.208	0.20708346
2.209	0.207097201
2.21	0.207108751
2.211	0.207125717
2.212	0.207140465
2.213	0.207153001
2.214	0.207163331
2.215	0.207172786
2.216	0.207186346
2.217	0.207197709
2.218	0.207206881
2.219	0.207213869
2.22	0.207221231
2.221	0.207231454
2.222	0.207239502
2.223	0.207245381
2.224	0.207249097
2.225	0.207254368
2.226	0.207261326
2.227	0.207266131
2.228	0.207268789
2.229	0.207269308
2.23	0.20727249
2.231	0.207276257
2.232	0.207277893
2.233	0.207277406
2.234	0.207274802
2.235	0.207275895
2.236	0.207276546
2.237	0.207275091
2.238	0.207271535
2.239	0.207265888
2.24	0.207264878
2.241	0.207262492
2.242	0.207258023
2.243	0.207251478
2.244	0.207243004
2.245	0.207239726
2.246	0.207234382
2.247	0.20722698
2.248	0.207217527
2.249	0.207206892
2.25	0.207200713
2.251	0.207192493
2.252	0.207182239
2.253	0.20716996
2.254	0.207157102
2.255	0.207148105
2.256	0.207137092
2.257	0.207124071
2.258	0.20710905
2.259	0.207093907
2.26	0.207082176
2.261	0.207068454
2.262	0.20705275
2.263	0.207035072
2.264	0.207017588
2.265	0.207003208
2.266	0.206986863
2.267	0.206968562
2.268	0.206948313
2.269	0.206928415
2.27	0.206911472
2.271	0.206892591
2.272	0.20687178
2.273	0.206849046
2.274	0.206826635
2.275	0.206807216
2.276	0.206785885
2.277	0.206762651
2.278	0.206737521
2.279	0.206712483
2.28	0.206690676
2.281	0.206666984
2.282	0.206641414
2.283	0.206613976
2.284	0.206586208
2.285	0.206562101
2.286	0.206536135
2.287	0.206508318
2.288	0.206478659
2.289	0.206448068
2.29	0.206421749
2.291	0.206393598
2.292	0.206363622
2.293	0.206331831
2.294	0.206298327
2.295	0.206269884
2.296	0.206239635
2.297	0.206207589
2.298	0.206173753
2.299	0.206138137
2.3	0.206106776
2.301	0.206074518
2.302	0.206040488
2.303	0.206004696
2.304	0.205967149
2.305	0.205932696
2.306	0.205898515
2.307	0.20586259
2.308	0.205824929
2.309	0.205785539
2.31	0.205747907
2.311	0.205711891
2.312	0.205674157
2.313	0.205634712
2.314	0.205593565
2.315	0.20555267
2.316	0.205514905
2.317	0.205475447
2.318	0.205434305
2.319	0.205391487
2.32	0.205347254
2.321	0.205307824
2.322	0.205266727
2.323	0.205223972
2.324	0.205179567
2.325	0.205133519
2.326	0.205090915
2.327	0.205048263
2.328	0.205003978
2.329	0.204958068
2.33	0.204910541
2.331	0.204864434
2.332	0.204820308
2.333	0.204774575
2.334	0.204727242
2.335	0.204678317
2.336	0.204628644
2.337	0.204583126
2.338	0.204536025
2.339	0.204487348
2.34	0.204437105
2.341	0.204385301
2.342	0.204336996
2.343	0.204288606
2.344	0.204238665
2.345	0.20418718
2.346	0.20413416
2.347	0.204082215
2.348	0.204032612
2.349	0.203981482
2.35	0.203928832
2.351	0.203874671
2.352	0.203819067
2.353	0.203768326
2.354	0.203716082
2.355	0.203662342
2.356	0.203607112
2.357	0.203550402
2.358	0.203496026
2.359	0.203442739
2.36	0.20338798
2.361	0.203331754
2.362	0.203274069
2.363	0.203215999
2.364	0.203213723
2.365	0.203396862
2.366	0.20358364
2.367	0.203765123
2.368	0.203947739
2.369	0.204129453
2.37	0.20430614
2.371	0.204488099
2.372	0.204664783
2.373	0.204841167
2.374	0.205018118
2.375	0.205189806
2.376	0.205365977
2.377	0.205537955
2.378	0.20570842
2.379	0.2058807
2.38	0.20604774
2.381	0.206218061
2.382	0.206385425
2.383	0.206550034
2.384	0.206717734
2.385	0.206880216
2.386	0.207044651
2.387	0.207207491
2.388	0.207366137
2.389	0.207529347
2.39	0.207687362
2.391	0.207845692
2.392	0.208004098
2.393	0.208157324
2.394	0.208315198
2.395	0.208468836
2.396	0.208620521
2.397	0.208774583
2.398	0.208923488
2.399	0.209074442
2.4	0.209223792
2.401	0.209368291
2.402	0.209518098
2.403	0.209662771
2.404	0.20980626
2.405	0.209951411
2.406	0.210091443
2.407	0.210233756
2.408	0.210374287
2.409	0.210509713
2.41	0.210650691
2.411	0.210786637
2.412	0.210920531
2.413	0.211057007
2.414	0.211188403
2.415	0.211320718
2.416	0.211452665
2.417	0.211579546
2.418	0.211710169
2.419	0.211837622
2.42	0.211960789
2.421	0.212088823
2.422	0.212211817
2.423	0.212333014
2.424	0.21245661
2.425	0.212575181
2.426	0.212694257
2.427	0.21281345
2.428	0.212927632
2.429	0.213044413
2.43	0.213159237
2.431	0.213269067
2.432	0.213383347
2.433	0.213493837
2.434	0.213599745
2.435	0.213710907
2.436	0.213817099
2.437	0.213920065
2.438	0.214026947
2.439	0.214128875
2.44	0.2142287
2.441	0.214331338
2.442	0.214429038
2.443	0.214525537
2.444	0.214623966
2.445	0.214717472
2.446	0.214810463
2.447	0.214904717
2.448	0.214994064
2.449	0.215083363
2.45	0.215173477
2.451	0.2152587
2.452	0.215344109
2.453	0.215430116
2.454	0.215511249
2.455	0.215592562
2.456	0.215674498
2.457	0.215751575
2.458	0.215828599
2.459	0.215906498
2.46	0.215979553
2.461	0.216052111
2.462	0.216126007
2.463	0.216195076
2.464	0.216262994
2.465	0.216332919
2.466	0.216398035
2.467	0.216461144
2.468	0.216527134
2.469	0.21658833
2.47	0.216646469
2.471	0.216708557
2.472	0.216765867
2.473	0.216818868
2.474	0.216877087
2.475	0.216930545
2.476	0.216979249
2.477	0.217032607
2.478	0.217082246
2.479	0.217127148
2.48	0.217175005
2.481	0.217220858
2.482	0.21726199
2.483	0.217304191
2.484	0.217346291
2.485	0.217383686
2.486	0.2174201
2.487	0.217458479
2.488	0.217492171
2.489	0.217522691
2.49	0.217557382
2.491	0.217587401
2.492	0.217612759
2.493	0.217642976
2.494	0.217669357
2.495	0.217691092
2.496	0.217715243
2.497	0.217738016
2.498	0.21775616
2.499	0.21777412
2.5	0.217793317
2.501	0.217807902
2.502	0.217819469
2.503	0.217835122
2.504	0.21784618
2.505	0.217852651
2.506	0.217863219
2.507	0.21787078
2.508	0.217873772
2.509	0.217877356
2.51	0.217881453
2.511	0.217880996
2.512	0.217877295
2.513	0.217877957
2.514	0.217874084
2.515	0.217865685
2.516	0.21786009
2.517	0.217852831
2.518	0.217841064
2.519	0.217827674
2.52	0.217817061
2.521	0.217801956
2.522	0.217782368
2.523	0.217766611
2.524	0.217748199
2.525	0.217725322
2.526	0.217701328
2.527	0.21767964
2.528	0.217653504
2.529	0.21762293
2.53	0.217596132
2.531	0.217566768
2.532	0.217532983
2.533	0.217497533
2.534	0.217464971
2.535	0.217428005
2.536	0.217386646
2.537	0.217347967
2.538	0.217307851
2.539	0.217263359
2.54	0.2172156
2.541	0.217172365
2.542	0.21712477
2.543	0.217072828
2.544	0.217021392
2.545	0.216970725
2.546	0.216915728
2.547	0.216856411
2.548	0.216801104
2.549	0.216743082
2.55	0.216680757
2.551	0.216615847
2.552	0.216554829
2.553	0.216489527
2.554	0.216419951
2.555	0.216350964
2.556	0.216282714
2.557	0.216210208
2.558	0.216133457
2.559	0.216060357
2.56	0.21598495
2.561	0.215905316
2.562	0.215822527
2.563	0.215744248
2.564	0.215661759
2.565	0.215575074
2.566	0.215488195
2.567	0.215402881
2.568	0.215313388
2.569	0.215219726
2.57	0.215128803
2.571	0.215036531
2.572	0.214940108
2.573	0.214839675
2.574	0.214744652
2.575	0.214645497
2.576	0.214542222
2.577	0.214437931
2.578	0.214336072
2.579	0.21423011
2.58	0.214120058
2.581	0.214012055
2.582	0.213903435
2.583	0.213790742
2.584	0.21367399
2.585	0.21356246
2.586	0.213447154
2.587	0.213327807
2.588	0.213207479
2.589	0.213089587
2.59	0.212967673
2.591	0.212841747
2.592	0.212718353
2.593	0.212593897
2.594	0.212465449
2.595	0.21233378
2.596	0.21220681
2.597	0.212075866
2.598	0.211940961
2.599	0.211806765
2.6	0.21167335
2.601	0.211535993
2.602	0.211394706
2.603	0.211258275
2.604	0.211118492
2.605	0.210974797
2.606	0.210831024
2.607	0.21068884
2.608	0.210542764
2.609	0.210392808
2.61	0.210247425
2.611	0.210098992
2.612	0.209946697
2.613	0.209794615
2.614	0.209643849
2.615	0.209489241
2.616	0.209330804
2.617	0.209177673
2.618	0.209020776
2.619	0.208860068
2.62	0.208700773
2.621	0.208541611
2.622	0.208378657
2.623	0.208213463
2.624	0.20805206
2.625	0.207886884
2.626	0.207717949
2.627	0.207552457
2.628	0.207385083
2.629	0.207213968
2.63	0.207043148
2.631	0.206873599
2.632	0.206700328
2.633	0.206524475
2.634	0.206352773
2.635	0.206177369
2.636	0.205998277
2.637	0.205822928
2.638	0.205645414
2.639	0.20546423
2.64	0.205284356
2.641	0.205104754
2.642	0.204921502
2.643	0.204737311
2.644	0.204555645
2.645	0.204370347
2.646	0.204182021
2.647	0.203998312
2.648	0.20381099
2.649	0.203620071
2.65	0.203432955
2.651	0.203243632
2.652	0.20305073
2.653	0.202859732
2.654	0.202668429
2.655	0.202473567
2.656	0.202278752
2.657	0.202085493
2.658	0.201888693
2.659	0.201690094
2.66	0.201494899
2.661	0.201296183
2.662	0.201093961
2.663	0.200896708
2.664	0.200696099
2.665	0.200492002
2.666	0.200290949
2.667	0.200088467
2.668	0.199882518
2.669	0.199677604
2.67	0.199473272
2.671	0.199265492
2.672	0.199056622
2.673	0.198850463
2.674	0.198640875
2.675	0.198427946
2.676	0.198219981
2.677	0.198008607
2.678	0.197793839
2.679	0.19758178
2.68	0.197368642
2.681	0.19715213
2.682	0.196935824
2.683	0.196720945
2.684	0.196502711
2.685	0.196282089
2.686	0.19606549
2.687	0.195845557
2.688	0.195622303
2.689	0.195402252
2.69	0.195180641
2.691	0.19495573
2.692	0.194731184
2.693	0.194507919
2.694	0.194281373
2.695	0.194052255
2.696	0.193827357
2.697	0.193599199
2.698	0.193367797
2.699	0.193138963
2.7	0.192909215
2.701	0.192676243
2.702	0.192442772
2.703	0.192211457
2.704	0.191976937
2.705	0.191739228
2.706	0.191505966
2.707	0.191269921
2.708	0.191030707
2.709	0.190792791
2.71	0.190555245
2.711	0.190314549
2.712	0.190072025
2.713	0.189832999
2.714	0.189590843
2.715	0.189345573
2.716	0.189103317
2.717	0.188859724
2.718	0.188613037
2.719	0.188366341
2.72	0.188121334
2.721	0.187873252
2.722	0.187622213
2.723	0.187375813
2.724	0.187126358
2.725	0.186873866
2.726	0.186623305
2.727	0.186372501
2.728	0.186118678
2.729	0.185863974
2.73	0.185611842
2.731	0.185356711
2.732	0.185098598
2.733	0.184844556
2.734	0.184588139
2.735	0.18432876
2.736	0.184070822
2.737	0.18381314
2.738	0.183552517
2.739	0.183290821
2.74	0.183031897
2.741	0.182770051
2.742	0.182505299
2.743	0.182244605
2.744	0.181981558
2.745	0.181715625
2.746	0.181451466
2.747	0.181187239
2.748	0.180920146
2.749	0.18065267
2.75	0.180387284
2.751	0.180119052
2.752	0.179848385
2.753	0.179581861
2.754	0.179312512
2.755	0.179040354
2.756	0.178771113
2.757	0.178500668
2.758	0.178227433
2.759	0.177955149
2.76	0.177683627
2.761	0.177409337
2.762	0.177134047
2.763	0.17686147
2.764	0.176586144
2.765	0.176308085
2.766	0.176034246
2.767	0.175757906
2.768	0.175478853
2.769	0.175201991
2.77	0.174924656
2.771	0.174644629
2.772	0.174364735
2.773	0.174086427
2.774	0.173930843
2.775	0.173866635
2.776	0.173801598
2.777	0.173735735
2.778	0.173670917
2.779	0.173607361
2.78	0.173542978
2.781	0.173477772
2.782	0.173411744
2.783	0.173348804
2.784	0.173285072
2.785	0.173220519
2.786	0.173155147
2.787	0.173090963
2.788	0.173027878
2.789	0.172963974
2.79	0.172899255
2.791	0.172833841
2.792	0.172771399
2.793	0.172708141
2.794	0.17264407
2.795	0.172579189
2.796	0.172515632
2.797	0.172453017
2.798	0.172389592
2.799	0.172325358
2.8	0.172260562
2.801	0.172198586
2.802	0.172135803
2.803	0.172072215
2.804	0.172007824
2.805	0.171944802
2.806	0.171882658
2.807	0.171819712
2.808	0.171755966
2.809	0.171691592
2.81	0.171630084
2.811	0.171567778
2.812	0.171504674
2.813	0.171440777
2.814	0.171378013
2.815	0.171316344
2.816	0.17125388
2.817	0.171190625
2.818	0.171126582
2.819	0.171065373
2.82	0.171003547
2.821	0.170940933
2.822	0.170877533
2.823	0.170814865
2.824	0.170753674
2.825	0.170691697
2.826	0.170628938
2.827	0.170565399
2.828	0.170504269
2.829	0.170442928
2.83	0.170380809
2.831	0.170317911
2.832	0.170255326
2.833	0.17019462
2.834	0.170133138
2.835	0.170070881
2.836	0.170007852
2.837	0.169946734
2.838	0.169885887
2.839	0.169824268
2.84	0.169761881
2.841	0.169699193
2.842	0.16963898
2.843	0.169577998
2.844	0.169516251
2.845	0.16945374
2.846	0.169392306
2.847	0.169331959
2.848	0.16927085
2.849	0.169208981
2.85	0.169146354
2.851	0.169086035
2.852	0.169025563
2.853	0.168964333
2.854	0.16890235
2.855	0.168840133
2.856	0.168780297
2.857	0.168719707
2.858	0.168658365
2.859	0.168596274
2.86	0.168534998
2.861	0.168475045
2.862	0.168414345
2.863	0.168352898
2.864	0.168290708
2.865	0.168230326
2.866	0.168170265
2.867	0.168109462
2.868	0.168047918
2.869	0.167985636
2.87	0.167926126
2.871	0.167865965
2.872	0.167805067
2.873	0.167743433
2.874	0.167681941
2.875	0.167622421
2.876	0.167562167
2.877	0.167501181
2.878	0.167439466
2.879	0.16737885
2.88	0.16731924
2.881	0.1672589
2.882	0.167197835
2.883	0.167136045
2.884	0.167076306
2.885	0.167016613
2.886	0.166956196
2.887	0.166895058
2.888	0.166833395
2.889	0.166774348
2.89	0.166714579
2.891	0.166654093
2.892	0.16659289
2.893	0.166532142
2.894	0.166473021
2.895	0.166413185
2.896	0.166352636
2.897	0.166291377
2.898	0.166231552
2.899	0.166172366
2.9	0.16611247
2.901	0.166051866
2.902	0.165990558
2.903	0.165931656
2.904	0.165872412
2.905	0.165812463
2.906	0.165751812
2.907	0.165691066
2.908	0.165632473
2.909	0.165573179
2.91	0.165513185
2.911	0.165452494
2.912	0.165392674
2.913	0.165334033
2.914	0.165274695
2.915	0.165214663
2.916	0.165153939
2.917	0.165095044
2.918	0.165036362
2.919	0.164976988
2.92	0.164916925
2.921	0.164856217
2.922	0.16479819
2.923	0.164739473
2.924	0.16468007
2.925	0.164619983
2.926	0.164560159
2.927	0.164502099
2.928	0.164443355
2.929	0.16438393
2.93	0.164323826
2.931	0.164264829
2.932	0.164206744
2.933	0.16414798
2.934	0.16408854
2.935	0.164028425
2.936	0.163970207
2.937	0.163912103
2.938	0.163853326
2.939	0.163793877
2.94	0.163733759
2.941	0.16367629
2.942	0.163618174
2.943	0.16355939
2.944	0.163499939
2.945	0.163440537
2.946	0.163383082
2.947	0.163324962
2.948	0.163266177
2.949	0.16320673
2.95	0.163148041
2.951	0.163090582
2.952	0.163032463
2.953	0.162973683
2.954	0.162914247
2.955	0.162856237
2.956	0.162798781
2.957	0.162740668
2.958	0.1626819
2.959	0.16262248
2.96	0.162565114
2.961	0.162507666
2.962	0.162449566
2.963	0.162390815
2.964	0.162331441
2.965	0.162274657
2.966	0.162217223
2.967	0.162159141
2.968	0.162100414
2.969	0.162041609
2.97	0.16198484
2.971	0.161927426
2.972	0.161869368
2.973	0.161810668
2.974	0.161752367
2.975	0.161695618
2.976	0.161638229
2.977	0.1615802
2.978	0.161521534
2.979	0.16146366
2.98	0.161406937
2.981	0.161349577
2.982	0.161291582
2.983	0.161232954
2.984	0.161175437
2.985	0.161118744
2.986	0.161061419
2.987	0.161003463
2.988	0.160944877
2.989	0.160887653
2.99	0.160830996
2.991	0.160773709
2.992	0.160715796
2.993	0.160657258
2.994	0.160600265
2.995	0.160543647
2.996	0.160486405
2.997	0.160428539
2.998	0.160370052
2.999	0.160313215
3	0.16025664
3.001	0.160199445
3.002	0.160141631
3.003	0.160083199
3.004	0.160026429
3.005	0.159969902
3.006	0.159912758
3.007	0.159854999
3.008	0.159796626
3.009	0.159739833
3.01	0.159683358
3.011	0.159626269
3.012	0.159568568
3.013	0.159510258
3.014	0.159453348
3.015	0.159396928
3.016	0.159339897
3.017	0.159282258
3.018	0.159224014
3.019	0.159166882
3.02	0.159110519
3.021	0.15905355
3.022	0.158995976
3.023	0.1589378
3.024	0.158880335
3.025	0.158824033
3.026	0.158767128
3.027	0.158709622
3.028	0.158651516
3.029	0.158593611
3.03	0.158537373
3.031	0.158480535
3.032	0.158423099
3.033	0.158365066
3.034	0.158306614
3.035	0.158250441
3.036	0.158193672
3.037	0.158136309
3.038	0.158078352
3.039	0.158019803
3.04	0.157963126
3.041	0.157906428
3.042	0.157849139
3.043	0.157791259
3.044	0.157732791
3.045	0.15767531
3.046	0.157618685
3.047	0.157561472
3.048	0.157503671
3.049	0.157445285
3.05	0.157386885
3.051	0.157330335
3.052	0.157273199
3.053	0.157215478
3.054	0.157157175
3.055	0.157098291
3.056	0.157041278
3.057	0.15698422
3.058	0.156926581
3.059	0.156868362
3.06	0.156809564
3.061	0.156751411
3.062	0.156694433
3.063	0.156636876
3.064	0.156578741
3.065	0.15652003
3.066	0.156460746
3.067	0.156403727
3.068	0.156346253
3.069	0.156288203
3.07	0.156229581
3.071	0.156170386
3.072	0.156111994
3.073	0.156054602
3.074	0.155996638
3.075	0.155938103
3.076	0.155878998
3.077	0.155819325
3.078	0.155761823
3.079	0.155703944
3.08	0.155645497
3.081	0.155586482
3.082	0.155526901
3.083	0.155467829
3.084	0.155410035
3.085	0.155351675
3.086	0.155292749
3.087	0.15523326
3.088	0.155173207
3.089	0.155114842
3.09	0.155056568
3.091	0.154997731
3.092	0.154938332
3.093	0.154878372
3.094	0.154818312
3.095	0.154760123
3.096	0.154701373
3.097	0.154642063
3.098	0.154582195
3.099	0.154521769
3.1	0.154462302
3.101	0.154403638
3.102	0.154344416
3.103	0.154284637
3.104	0.154224302
3.105	0.154163414
3.106	0.154104505
3.107	0.154045368
3.108	0.153985677
3.109	0.153925432
3.11	0.153864635
3.111	0.153803955
3.112	0.153744903
3.113	0.153685297
3.114	0.153625139
3.115	0.153564431
3.116	0.153503172
3.117	0.153442994
3.118	0.153383471
3.119	0.153323398
3.12	0.153262775
3.121	0.153201604
3.122	0.153139886
3.123	0.153080166
3.124	0.153020174
3.125	0.152959635
3.126	0.152898548
3.127	0.152836916
3.128	0.152775355
3.129	0.152715442
3.13	0.152654982
3.131	0.152593977
3.132	0.152532427
3.133	0.152470334
3.134	0.152409185
3.135	0.152348802
3.136	0.152287874
3.137	0.152226403
3.138	0.15216439
3.139	0.152101836
3.14	0.15204109
3.141	0.151980236
3.142	0.151918839
3.143	0.151856902
3.144	0.151794425
3.145	0.151731844
3.146	0.151671059
3.147	0.151609734
3.148	0.151547868
3.149	0.151485464
3.15	0.151422522
3.151	0.151360335
3.152	0.151299076
3.153	0.151237277
3.154	0.151174941
3.155	0.151112068
3.156	0.151048659
3.157	0.150986845
3.158	0.15092511
3.159	0.150862837
3.16	0.150800028
3.161	0.150736684
3.162	0.150673017
3.163	0.150611338
3.164	0.150549124
3.165	0.150486374
3.166	0.150423089
3.167	0.150359272
3.168	0.150295929
3.169	0.150233767
3.17	0.150171071
3.171	0.150107841
3.172	0.150044078
3.173	0.149979784
3.174	0.149916724
3.175	0.149854076
3.176	0.149790894
3.177	0.149727181
3.178	0.149662937
3.179	0.149598162
3.18	0.149535342
3.181	0.149472203
3.182	0.149408533
3.183	0.149344333
3.184	0.149279603
3.185	0.149214819
3.186	0.149151718
3.187	0.149088086
3.188	0.149023923
3.189	0.148959231
3.19	0.148894011
3.191	0.148829391
3.192	0.14876579
3.193	0.148701659
3.194	0.148636999
3.195	0.148571812
3.196	0.148506097
3.197	0.148441605
3.198	0.1483775
3.199	0.148312866
3.2	0.148247704
3.201	0.148182015
3.202	0.148115801
3.203	0.14805141
3.204	0.147986795
3.205	0.147921652
3.206	0.147855983
3.207	0.147789789
3.208	0.14772336
3.209	0.147658757
3.21	0.147593626
3.211	0.14752797
3.212	0.147461788
3.213	0.147395082
3.214	0.147328718
3.215	0.147263593
3.216	0.147197943
3.217	0.147131767
3.218	0.147065066
3.219	0.146997842
3.22	0.146931524
3.221	0.146865872
3.222	0.146799695
3.223	0.146732993
3.224	0.146665768
3.225	0.14659802
3.226	0.146531737
3.227	0.146465551
3.228	0.14639884
3.229	0.146331607
3.23	0.14626385
3.231	0.146195572
3.232	0.146129321
3.233	0.146062594
3.234	0.145995344
3.235	0.145927572
3.236	0.145859277
3.237	0.14579099
3.238	0.14572424
3.239	0.145656966
3.24	0.14558917
3.241	0.145520852
3.242	0.145452013
3.243	0.145383758
3.244	0.145316453
3.245	0.145248626
3.246	0.145180276
3.247	0.145111406
3.248	0.145042014
3.249	0.144973779
3.25	0.144905913
3.251	0.144837524
3.252	0.144768614
3.253	0.144699183
3.254	0.144629233
3.255	0.144561
3.256	0.144492564
3.257	0.144423607
3.258	0.144354129
3.259	0.144284131
3.26	0.144213851
3.261	0.14414536
3.262	0.144076348
3.263	0.144006815
3.264	0.143936762
3.265	0.143866189
3.266	0.143795873
3.267	0.143726797
3.268	0.143657201
3.269	0.143587084
3.27	0.143516448
3.271	0.143445292
3.272	0.143374914
3.273	0.143305246
3.274	0.143235058
3.275	0.14316435
3.276	0.143093123
3.277	0.143021377
3.278	0.142950911
3.279	0.142880644
3.28	0.142809856
3.281	0.142738549
3.282	0.142666723
3.283	0.142594379
3.284	0.142523804
3.285	0.142452928
3.286	0.142381533
3.287	0.142309619
3.288	0.142237186
3.289	0.142164493
3.29	0.142093522
3.291	0.142022031
3.292	0.14195002
3.293	0.141877491
3.294	0.141804444
3.295	0.141731584
3.296	0.141659989
3.297	0.141587874
3.298	0.141515241
3.299	0.141442089
3.3	0.14136842
3.301	0.141295355
3.302	0.141223128
3.303	0.141150382
3.304	0.141077117
3.305	0.141003335
3.306	0.140929036
3.307	0.140855735
3.308	0.140782868
3.309	0.140709483
3.31	0.140635579
3.311	0.140561158
3.312	0.140486221
3.313	0.140412655
3.314	0.140339141
3.315	0.140265108
3.316	0.140190558
3.317	0.140115491
3.318	0.140039908
3.319	0.139966047
3.32	0.139891877
3.321	0.13981719
3.322	0.139741986
3.323	0.139666265
3.324	0.139590158
3.325	0.139515844
3.326	0.139441012
3.327	0.139365662
3.328	0.139289796
3.329	0.139213413
3.33	0.139136971
3.331	0.139061986
3.332	0.138986483
3.333	0.138910464
3.334	0.138833928
3.335	0.138756876
3.336	0.138680076
3.337	0.138604413
3.338	0.138528233
3.339	0.138451535
3.34	0.138374322
3.341	0.138296594
3.342	0.138219413
3.343	0.138143064
3.344	0.138066198
3.345	0.137988816
3.346	0.137910919
3.347	0.137832507
3.348	0.137754919
3.349	0.137677876
3.35	0.137600318
3.351	0.137522244
3.352	0.137443655
3.353	0.137364552
3.354	0.137286527
3.355	0.137208785
3.356	0.137130527
3.357	0.137051753
3.358	0.136972466
3.359	0.136892665
3.36	0.136814173
3.361	0.136735724
3.362	0.136656759
3.363	0.13657728
3.364	0.136497287
3.365	0.136416781
3.366	0.136337795
3.367	0.136258632
3.368	0.136178954
3.369	0.136098762
3.37	0.136018057
3.371	0.135936839
3.372	0.135857334
3.373	0.13577745
3.374	0.135697052
3.375	0.135616141
3.376	0.135534717
3.377	0.135452823
3.378	0.135372726
3.379	0.135292116
3.38	0.135210992
3.381	0.135129355
3.382	0.135047206
3.383	0.134964743
3.384	0.134883913
3.385	0.134802569
3.386	0.134720713
3.387	0.134638344
3.388	0.134555464
3.389	0.134472402
3.39	0.134390832
3.391	0.134308749
3.392	0.134226155
3.393	0.134143048
3.394	0.134059432
3.395	0.133975739
3.396	0.133893424
3.397	0.133810597
3.398	0.133727258
3.399	0.133643409
3.4	0.133559049
3.401	0.133474701
3.402	0.133391635
3.403	0.133308057
3.404	0.133223969
3.405	0.133139371
3.406	0.133054264
3.407	0.132969243
3.408	0.132885421
3.409	0.132801089
3.41	0.132716246
3.411	0.132630894
3.412	0.132545034
3.413	0.132459338
3.414	0.132374755
3.415	0.132289662
3.416	0.132204059
3.417	0.132117949
3.418	0.132031331
3.419	0.131944977
3.42	0.131859628
3.421	0.131776816
3.422	0.131786214
3.423	0.131795561
3.424	0.131804858
3.425	0.131814103
3.426	0.131823991
3.427	0.131833885
3.428	0.131843726
3.429	0.131853515
3.43	0.131863251
3.431	0.131872935
3.432	0.131882564
3.433	0.13189214
3.434	0.131901662
3.435	0.131911129
3.436	0.131920542
3.437	0.1319299
3.438	0.131939202
3.439	0.131948449
3.44	0.131957857
3.441	0.131967748
3.442	0.131977583
3.443	0.131987361
3.444	0.131997081
3.445	0.132006744
3.446	0.132016349
3.447	0.132025896
3.448	0.132035384
3.449	0.132044814
3.45	0.132054184
3.451	0.132063495
3.452	0.132072746
3.453	0.132081937
3.454	0.132091067
3.455	0.132100772
3.456	0.132110543
3.457	0.132120253
3.458	0.132129901
3.459	0.132139488
3.46	0.132149012
3.461	0.132158473
3.462	0.132167872
3.463	0.132177207
3.464	0.132186479
3.465	0.132195687
3.466	0.132204831
3.467	0.132213911
3.468	0.132222926
3.469	0.132232284
3.47	0.132241936
3.471	0.132251523
3.472	0.132261044
3.473	0.132270498
3.474	0.132279886
3.475	0.132289208
3.476	0.132298462
3.477	0.132307649
3.478	0.132316768
3.479	0.132325819
3.48	0.132334802
3.481	0.132343717
3.482	0.132352562
3.483	0.132361619
3.484	0.132371099
3.485	0.132380509
3.486	0.132389849
3.487	0.132399118
3.488	0.132408317
3.489	0.132417445
3.49	0.132426502
3.491	0.132435488
3.492	0.132444401
3.493	0.132453243
3.494	0.132462012
3.495	0.132470709
3.496	0.132479333
3.497	0.132488144
3.498	0.132497399
3.499	0.13250658
3.5	0.132515687
3.501	0.13252472
3.502	0.132533678
3.503	0.132542561
3.504	0.132551369
3.505	0.132560102
3.506	0.13256876
3.507	0.132577341
3.508	0.132585846
3.509	0.132594274
3.51	0.132602626
3.511	0.132611251
3.512	0.132620231
3.513	0.132629133
3.514	0.132637957
3.515	0.132646703
3.516	0.132655371
3.517	0.13266396
3.518	0.13267247
3.519	0.132680901
3.52	0.132689252
3.521	0.132697524
3.522	0.132705716
3.523	0.132713828
3.524	0.132721859
3.525	0.132730348
3.526	0.132739004
3.527	0.132747579
3.528	0.132756072
3.529	0.132764484
3.53	0.132772813
3.531	0.13278106
3.532	0.132789225
3.533	0.132797307
3.534	0.132805306
3.535	0.132813222
3.536	0.132821054
3.537	0.132828802
3.538	0.132836499
3.539	0.13284487
3.54	0.132853157
3.541	0.132861358
3.542	0.132869474
3.543	0.132877506
3.544	0.132885451
3.545	0.132893311
3.546	0.132901085
3.547	0.132908773
3.548	0.132916374
3.549	0.132923888
3.55	0.132931316
3.551	0.132938656
3.552	0.132946341
3.553	0.132954301
3.554	0.132962173
3.555	0.132969957
3.556	0.132977652
3.557	0.132985259
3.558	0.132992778
3.559	0.133000207
3.56	0.133007547
3.561	0.133014797
3.562	0.133021958
3.563	0.133029028
3.564	0.133036009
3.565	0.133043057
3.566	0.133050655
3.567	0.133058162
3.568	0.133065578
3.569	0.133072902
3.57	0.133080135
3.571	0.133087276
3.572	0.133094326
3.573	0.133101283
3.574	0.133108148
3.575	0.13311492
3.576	0.133121599
3.577	0.133128185
3.578	0.133134678
3.579	0.133141878
3.58	0.133148986
3.581	0.133156
3.582	0.133162919
3.583	0.133169745
3.584	0.133176476
3.585	0.133183112
3.586	0.133189653
3.587	0.133196099
3.588	0.133202449
3.589	0.133208705
3.59	0.133214864
3.591	0.133220928
3.592	0.133227647
3.593	0.133234323
3.594	0.133240903
3.595	0.133247386
3.596	0.133253771
3.597	0.13326006
3.598	0.133266251
3.599	0.133272345
3.6	0.133278341
3.601	0.133284239
3.602	0.133290039
3.603	0.133295741
3.604	0.133301345
3.605	0.133307658
3.606	0.133313871
3.607	0.133319986
3.608	0.133326002
3.609	0.133331918
3.61	0.133337734
3.611	0.133343451
3.612	0.133349067
3.613	0.133354584
3.614	0.13336
3.615	0.133365316
3.616	0.133370531
3.617	0.133375791
3.618	0.133381615
3.619	0.133387338
3.62	0.133392959
3.621	0.133398479
3.622	0.133403896
3.623	0.133409212
3.624	0.133414426
3.625	0.133419538
3.626	0.133424547
3.627	0.133429453
3.628	0.133434257
3.629	0.133438958
3.63	0.13344393
3.631	0.133449238
3.632	0.133454443
3.633	0.133459543
3.634	0.13346454
3.635	0.133469433
3.636	0.133474222
3.637	0.133478907
3.638	0.133483487
3.639	0.133487963
3.64	0.133492334
3.641	0.1334966
3.642	0.133500761
3.643	0.133505502
3.644	0.133510268
3.645	0.133514929
3.646	0.133519484
3.647	0.133523933
3.648	0.133528276
3.649	0.133532513
3.65	0.133536644
3.651	0.133540668
3.652	0.133544586
3.653	0.133548397
3.654	0.133552102
3.655	0.133555948
3.656	0.133560256
3.657	0.133564457
3.658	0.13356855
3.659	0.133572536
3.66	0.133576414
3.661	0.133580184
3.662	0.133583846
3.663	0.1335874
3.664	0.133590846
3.665	0.133594184
3.666	0.133597413
3.667	0.133600533
3.668	0.133604222
3.669	0.133607944
3.67	0.133611557
3.671	0.133615061
3.672	0.133618456
3.673	0.133621741
3.674	0.133624916
3.675	0.133627982
3.676	0.133630938
3.677	0.133633785
3.678	0.133636521
3.679	0.133639148
3.68	0.133641994
3.681	0.133645221
3.682	0.133648337
3.683	0.133651342
3.684	0.133654236
3.685	0.133657019
3.686	0.133659692
3.687	0.133662253
3.688	0.133664703
3.689	0.133667042
3.69	0.13366927
3.691	0.133671386
3.692	0.133673463
3.693	0.133676177
3.694	0.13367878
3.695	0.133681271
3.696	0.133683649
3.697	0.133685916
3.698	0.13368807
3.699	0.133690111
3.7	0.13369204
3.701	0.133693856
3.702	0.13369556
3.703	0.133697151
3.704	0.133698629
3.705	0.133700777
3.706	0.133702852
3.707	0.133704814
3.708	0.133706662
3.709	0.133708397
3.71	0.133710018
3.711	0.133711526
3.712	0.13371292
3.713	0.1337142
3.714	0.133715366
3.715	0.133716418
3.716	0.133717357
3.717	0.133718989
3.718	0.133720523
3.719	0.133721943
3.72	0.133723247
3.721	0.133724438
3.722	0.133725513
3.723	0.133726474
3.724	0.13372732
3.725	0.133728051
3.726	0.133728667
3.727	0.133729169
3.728	0.133729607
3.729	0.133730703
3.73	0.133731683
3.731	0.133732548
3.732	0.133733297
3.733	0.13373393
3.734	0.133734448
3.735	0.133734851
3.736	0.133735137
3.737	0.133735308
3.738	0.133735363
3.739	0.133735302
3.74	0.133735206
3.741	0.133735738
3.742	0.133736154
3.743	0.133736454
3.744	0.133736636
3.745	0.133736703
3.746	0.133736653
3.747	0.133736486
3.748	0.133736203
3.749	0.133735803
3.75	0.133735287
3.751	0.133734653
3.752	0.133733989
3.753	0.133733947
3.754	0.133733789
3.755	0.133733513
3.756	0.13373312
3.757	0.133732609
3.758	0.133731982
3.759	0.133731237
3.76	0.133730375
3.761	0.133729395
3.762	0.133728298
3.763	0.133727084
3.764	0.133725869
3.765	0.133725245
3.766	0.133724503
3.767	0.133723643
3.768	0.133722666
3.769	0.13372157
3.77	0.133720357
3.771	0.133719026
3.772	0.133717576
3.773	0.133716009
3.774	0.133714324
3.775	0.133712521
3.776	0.133710784
3.777	0.13370957
3.778	0.133708237
3.779	0.133706786
3.78	0.133705217
3.781	0.133703529
3.782	0.133701722
3.783	0.133699798
3.784	0.133697754
3.785	0.133695592
3.786	0.133693312
3.787	0.133690914
3.788	0.133688671
3.789	0.13368686
3.79	0.13368493
3.791	0.133682881
3.792	0.133680713
3.793	0.133678426
3.794	0.133676021
3.795	0.133673496
3.796	0.133670853
3.797	0.133668091
3.798	0.13366521
3.799	0.13366221
3.8	0.133659485
3.801	0.133657072
3.802	0.133654539
3.803	0.133651886
3.804	0.133649115
3.805	0.133646224
3.806	0.133643214
3.807	0.133640085
3.808	0.133636837
3.809	0.133633469
3.81	0.133629983
3.811	0.133626377
3.812	0.133623214
3.813	0.133620193
3.814	0.133617053
3.815	0.133613793
3.816	0.133610413
3.817	0.133606914
3.818	0.133603296
3.819	0.133599558
3.82	0.1335957
3.821	0.133591724
3.822	0.133587628
3.823	0.133583412
3.824	0.133579859
3.825	0.133576227
3.826	0.133572476
3.827	0.133568604
3.828	0.133564613
3.829	0.133560502
3.83	0.133556272
3.831	0.133551922
3.832	0.133547453
3.833	0.133542864
3.834	0.133538155
3.835	0.13353355
3.836	0.133529424
3.837	0.133525178
3.838	0.133520813
3.839	0.133516327
3.84	0.133511722
3.841	0.133506997
3.842	0.133502153
3.843	0.133497189
3.844	0.133492105
3.845	0.133486902
3.846	0.133481579
3.847	0.133476657
3.848	0.133471916
3.849	0.133467054
3.85	0.133462073
3.851	0.133456972
3.852	0.133451751
3.853	0.13344641
3.854	0.13344095
3.855	0.13343537
3.856	0.13342967
3.857	0.133423852
3.858	0.133417939
3.859	0.1334127
3.86	0.133407342
3.861	0.133401863
3.862	0.133396265
3.863	0.133390547
3.864	0.133384709
3.865	0.133378752
3.866	0.133372675
3.867	0.133366479
3.868	0.133360164
3.869	0.133353729
3.87	0.13334754
3.871	0.133341683
3.872	0.133335707
3.873	0.133329612
3.874	0.133323396
3.875	0.133317062
3.876	0.133310607
3.877	0.133304034
3.878	0.133297341
3.879	0.133290528
3.88	0.133283597
3.881	0.133276546
3.882	0.133270084
3.883	0.13326361
3.884	0.133257017
3.885	0.133250305
3.886	0.133243473
3.887	0.133236522
3.888	0.133229452
3.889	0.133222262
3.89	0.133214954
3.891	0.133207526
3.892	0.13319998
3.893	0.133192551
3.894	0.133185581
3.895	0.133178492
3.896	0.133171283
3.897	0.133163955
3.898	0.133156508
3.899	0.133148942
3.9	0.133141257
3.901	0.133133454
3.902	0.133125532
3.903	0.13311749
3.904	0.133109331
3.905	0.13310164
3.906	0.133094055
3.907	0.133086352
3.908	0.133078529
3.909	0.133070588
3.91	0.133062527
3.911	0.133054349
3.912	0.133046052
3.913	0.133037636
3.914	0.133029102
3.915	0.13302045
3.916	0.13301181
3.917	0.133003731
3.918	0.132995534
3.919	0.132987218
3.92	0.132978784
3.921	0.132970232
3.922	0.132961561
3.923	0.132952772
3.924	0.132943866
3.925	0.132934841
3.926	0.132925698
3.927	0.132916438
3.928	0.132907541
3.929	0.132898853
3.93	0.132890047
3.931	0.132881122
3.932	0.13287208
3.933	0.13286292
3.934	0.132853642
3.935	0.132844246
3.936	0.132834733
3.937	0.132825103
3.938	0.132815355
3.939	0.132805517
3.94	0.13279634
3.941	0.132787046
3.942	0.132777634
3.943	0.132768104
3.944	0.132758458
3.945	0.132748693
3.946	0.132738812
3.947	0.132728814
3.948	0.132718699
3.949	0.132708467
3.95	0.132698118
3.951	0.13268804
3.952	0.132678261
3.953	0.132668365
3.954	0.132658351
3.955	0.132648221
3.956	0.132637974
3.957	0.13262761
3.958	0.13261713
3.959	0.132606533
3.96	0.132595821
3.961	0.132584991
3.962	0.132574046
3.963	0.132563741
3.964	0.132553364
3.965	0.13254287
3.966	0.13253226
3.967	0.132521534
3.968	0.132510691
3.969	0.132499733
3.97	0.132488659
3.971	0.132477469
3.972	0.132466163
3.973	0.132454742
3.974	0.132443523
3.975	0.132432669
3.976	0.132421698
3.977	0.132410613
3.978	0.132399411
3.979	0.132388094
3.98	0.132376662
3.981	0.132365114
3.982	0.132353452
3.983	0.132341674
3.984	0.132329781
3.985	0.132317774
3.986	0.132306302
3.987	0.132294859
3.988	0.132283302
3.989	0.13227163
3.99	0.132259843
3.991	0.132247941
3.992	0.132235924
3.993	0.132223793
3.994	0.132211548
3.995	0.132199188
3.996	0.132186714
3.997	0.132174285
3.998	0.132162376
3.999	0.132150351
4	0.132138213
4.001	0.13212596
4.002	0.132113593
4.003	0.132101113
4.004	0.132088518
4.005	0.13207581
4.006	0.132062988
4.007	0.132050053
4.008	0.132037005
4.009	0.132024288
4.01	0.132011802
4.011	0.131999202
4.012	0.131986489
4.013	0.131973662
4.014	0.131960723
4.015	0.13194767
4.016	0.131934504
4.017	0.131921226
4.018	0.131907834
4.019	0.13189433
4.02	0.131880714
4.021	0.131867707
4.022	0.131854652
4.023	0.131841483
4.024	0.131828202
4.025	0.131814809
4.026	0.131801303
4.027	0.131787685
4.028	0.131773955
4.029	0.131760114
4.03	0.13174616
4.031	0.131732095
4.032	0.131718116
4.033	0.13170461
4.034	0.131690992
4.035	0.131677262
4.036	0.131663421
4.037	0.131649468
4.038	0.131635403
4.039	0.131621228
4.04	0.131606941
4.041	0.131592543
4.042	0.131578034
4.043	0.131563415
4.044	0.131549116
4.045	0.131535054
4.046	0.131520881
4.047	0.131506597
4.048	0.131492203
4.049	0.131477698
4.05	0.131463083
4.051	0.131448357
4.052	0.131433521
4.053	0.131418575
4.054	0.131403519
4.055	0.131388353
4.056	0.131373715
4.057	0.131359105
4.058	0.131344385
4.059	0.131329556
4.06	0.131314616
4.061	0.131299567
4.062	0.131284409
4.063	0.131269141
4.064	0.131253764
4.065	0.131238278
4.066	0.131222682
4.067	0.131207027
4.068	0.131191987
4.069	0.131176838
4.07	0.131161579
4.071	0.131146211
4.072	0.131130735
4.073	0.13111515
4.074	0.131099457
4.075	0.131083655
4.076	0.131067745
4.077	0.131051727
4.078	0.131035601
4.079	0.131019575
4.08	0.131004002
4.081	0.130988321
4.082	0.130972531
4.083	0.130956634
4.084	0.130940629
4.085	0.130924517
4.086	0.130908297
4.087	0.13089197
4.088	0.130875536
4.089	0.130858994
4.09	0.130842346
4.091	0.130825919
4.092	0.130809822
4.093	0.130793618
4.094	0.130777307
4.095	0.130760889
4.096	0.130744364
4.097	0.130727733
4.098	0.130710995
4.099	0.130694151
4.1	0.130677202
4.101	0.130660146
4.102	0.130642984
4.103	0.130626123
4.104	0.130609511
4.105	0.130592793
4.106	0.130575968
4.107	0.130559038
4.108	0.130542003
4.109	0.130524862
4.11	0.130507615
4.111	0.130490264
4.112	0.130472807
4.113	0.130455246
4.114	0.13043758
4.115	0.130420254
4.116	0.130403136
4.117	0.130385912
4.118	0.130368584
4.119	0.130351151
4.12	0.130333613
4.121	0.130315972
4.122	0.130298225
4.123	0.130280375
4.124	0.130262421
4.125	0.130244363
4.126	0.130226202
4.127	0.130208384
4.128	0.130190769
4.129	0.130173049
4.13	0.130155226
4.131	0.130137299
4.132	0.130119269
4.133	0.130101136
4.134	0.130082899
4.135	0.13006456
4.136	0.130046118
4.137	0.130027573
4.138	0.130008926
4.139	0.129990588
4.14	0.129972484
4.141	0.129954278
4.142	0.12993597
4.143	0.129917559
4.144	0.129899045
4.145	0.12988043
4.146	0.129861713
4.147	0.129842893
4.148	0.129823972
4.149	0.12980495
4.15	0.129785826
4.151	0.129766936
4.152	0.129748354
4.153	0.129729671
4.154	0.129710887
4.155	0.129692001
4.156	0.129673014
4.157	0.129653926
4.158	0.129634737
4.159	0.129615447
4.16	0.129596057
4.161	0.129576567
4.162	0.129556977
4.163	0.129537498
4.164	0.129518448
4.165	0.129499298
4.166	0.129480047
4.167	0.129460696
4.168	0.129441245
4.169	0.129421694
4.17	0.129402043
4.171	0.129382293
4.172	0.129362444
4.173	0.129342495
4.174	0.129322448
4.175	0.12930235
4.176	0.129282841
4.177	0.129263232
4.178	0.129243525
4.179	0.129223718
4.18	0.129203813
4.181	0.129183809
4.182	0.129163707
4.183	0.129143506
4.184	0.129123207
4.185	0.12910281
4.186	0.129082315
4.187	0.129061723
4.188	0.129041617
4.189	0.129021561
4.19	0.129001406
4.191	0.128981154
4.192	0.128960805
4.193	0.128940358
4.194	0.128919813
4.195	0.128899171
4.196	0.128878433
4.197	0.128857597
4.198	0.128836665
4.199	0.128815637
4.2	0.128794868
4.201	0.128774374
4.202	0.128753783
4.203	0.128733095
4.204	0.128712311
4.205	0.12869143
4.206	0.128670454
4.207	0.128649381
4.208	0.128628213
4.209	0.128606949
4.21	0.128585589
4.211	0.128564135
4.212	0.128542685
4.213	0.128521763
4.214	0.128500745
4.215	0.128479631
4.216	0.128458423
4.217	0.128437119
4.218	0.12841572
4.219	0.128394227
4.22	0.128372639
4.221	0.128350956
4.222	0.128329179
4.223	0.128307308
4.224	0.128285344
4.225	0.128263821
4.226	0.128242386
4.227	0.128220857
4.228	0.128199234
4.229	0.128177517
4.23	0.128155706
4.231	0.128133802
4.232	0.128111804
4.233	0.128089713
4.234	0.128067529
4.235	0.128045252
4.236	0.128022882
4.237	0.128000644
4.238	0.127978802
4.239	0.127956867
4.24	0.12793484
4.241	0.12791272
4.242	0.127890507
4.243	0.127868202
4.244	0.127845804
4.245	0.127823315
4.246	0.127800734
4.247	0.127778061
4.248	0.127755296
4.249	0.12773244
4.25	0.127710091
4.251	0.127687761
4.252	0.127665339
4.253	0.127642826
4.254	0.127620221
4.255	0.127597525
4.256	0.127574738
4.257	0.12755186
4.258	0.127528892
4.259	0.127505833
4.26	0.127482684
4.261	0.127459444
4.262	0.127436353
4.263	0.127413638
4.264	0.127390832
4.265	0.127367935
4.266	0.127344948
4.267	0.127321872
4.268	0.127298706
4.269	0.12727545
4.27	0.127252104
4.271	0.127228669
4.272	0.127205145
4.273	0.127181532
4.274	0.127157831
4.275	0.127134604
4.276	0.127111424
4.277	0.127088154
4.278	0.127064796
4.279	0.127041349
4.28	0.127017813
4.281	0.126994189
4.282	0.126970476
4.283	0.126946676
4.284	0.126922787
4.285	0.126898811
4.286	0.126874747
4.287	0.126850773
4.288	0.126827229
4.289	0.126803596
4.29	0.126779876
4.291	0.126756068
4.292	0.126732173
4.293	0.12670819
4.294	0.126684121
4.295	0.126659964
4.296	0.126635721
4.297	0.126611392
4.298	0.126586976
4.299	0.126562473
4.3	0.126538359
4.301	0.126514373
4.302	0.126490301
4.303	0.126466143
4.304	0.126441898
4.305	0.126417568
4.306	0.126393151
4.307	0.126368649
4.308	0.126344061
4.309	0.126319388
4.31	0.12629463
4.311	0.126269786
4.312	0.126244922
4.313	0.126220594
4.314	0.12619618
4.315	0.126171681
4.316	0.126147097
4.317	0.126122428
4.318	0.126097674
4.319	0.126072836
4.32	0.126047914
4.321	0.126022907
4.322	0.125997816
4.323	0.125972642
4.324	0.125947384
4.325	0.125922356
4.326	0.12589761
4.327	0.12587278
4.328	0.125847866
4.329	0.125822869
4.33	0.125797788
4.331	0.125772624
4.332	0.125747377
4.333	0.125722046
4.334	0.125696633
4.335	0.125671137
4.336	0.125645559
4.337	0.125619899
4.338	0.125594676
4.339	0.125569525
4.34	0.125544292
4.341	0.125518976
4.342	0.125493578
4.343	0.125468097
4.344	0.125442535
4.345	0.125416891
4.346	0.125391165
4.347	0.125365358
4.348	0.125339469
4.349	0.1253135
4.35	0.125287459
4.351	0.125261997
4.352	0.125236454
4.353	0.125210829
4.354	0.125185123
4.355	0.125159336
4.356	0.125133469
4.357	0.12510752
4.358	0.125081492
4.359	0.125055383
4.36	0.125029194
4.361	0.125002925
4.362	0.124976576
4.363	0.124950293
4.364	0.124924449
4.365	0.124898525
4.366	0.124872522
4.367	0.124846438
4.368	0.124820275
4.369	0.124794032
4.37	0.12476771
4.371	0.124741309
4.372	0.124714829
4.373	0.12468827
4.374	0.124661632
4.375	0.124634916
4.376	0.124608401
4.377	0.124582188
4.378	0.124555895
4.379	0.124529525
4.38	0.124503075
4.381	0.124476548
4.382	0.124449942
4.383	0.124423258
4.384	0.124396497
4.385	0.124369658
4.386	0.124342741
4.387	0.124315747
4.388	0.124288676
4.389	0.124261946
4.39	0.124235375
4.391	0.124208727
4.392	0.124182001
4.393	0.124155198
4.394	0.124128318
4.395	0.124101361
4.396	0.124074327
4.397	0.124047218
4.398	0.124020031
4.399	0.123992769
4.4	0.12396543
4.401	0.123938016
4.402	0.123911081
4.403	0.123884164
4.404	0.123857171
4.405	0.123830102
4.406	0.123802957
4.407	0.123775736
4.408	0.12374844
4.409	0.123721068
4.41	0.123693622
4.411	0.1236661
4.412	0.123638504
4.413	0.123610832
4.414	0.123583125
4.415	0.123555949
4.416	0.123528697
4.417	0.123501371
4.418	0.123473971
4.419	0.123446495
4.42	0.123418946
4.421	0.123391322
4.422	0.123363624
4.423	0.123335852
4.424	0.123308007
4.425	0.123280088
4.426	0.123252095
4.427	0.123224195
4.428	0.123196695
4.429	0.123169121
4.43	0.123141474
4.431	0.123113753
4.432	0.123085959
4.433	0.123058092
4.434	0.123030152
4.435	0.123002139
4.436	0.122974053
4.437	0.122945895
4.438	0.122917665
4.439	0.122889363
4.44	0.122861277
4.441	0.122833464
4.442	0.122805579
4.443	0.122777622
4.444	0.122749592
4.445	0.122721491
4.446	0.122693317
4.447	0.122665072
4.448	0.122636756
4.449	0.122608368
4.45	0.122579909
4.451	0.122551379
4.452	0.122522778
4.453	0.122494509
4.454	0.122466395
4.455	0.12243821
4.456	0.122409954
4.457	0.122381627
4.458	0.122353229
4.459	0.12232476
4.46	0.122296222
4.461	0.122267613
4.462	0.122238934
4.463	0.122210184
4.464	0.122181366
4.465	0.122152477
4.466	0.122124027
4.467	0.122095622
4.468	0.122067148
4.469	0.122038604
4.47	0.122009991
4.471	0.121981307
4.472	0.121952555
4.473	0.121923733
4.474	0.121894843
4.475	0.121865883
4.476	0.121836855
4.477	0.121807758
4.478	0.121778593
4.479	0.121749962
4.48	0.121721278
4.481	0.121692526
4.482	0.121663705
4.483	0.121634816
4.484	0.121605858
4.485	0.121576832
4.486	0.121547739
4.487	0.121518577
4.488	0.121489348
4.489	0.121460051
4.49	0.121430687
4.491	0.121401327
4.492	0.121372442
4.493	0.12134349
4.494	0.12131447
4.495	0.121285382
4.496	0.121256228
4.497	0.121227007
4.498	0.121197718
4.499	0.121168363
4.5	0.121138941
4.501	0.121109453
4.502	0.121079898
4.503	0.121050277
4.504	0.121020732
4.505	0.120991588
4.506	0.120962377
4.507	0.1209331
4.508	0.120903757
4.509	0.120874348
4.51	0.120844873
4.511	0.120815332
4.512	0.120785726
4.513	0.120756054
4.514	0.120726317
4.515	0.120696515
4.516	0.120666648
4.517	0.120636912
4.518	0.120607519
4.519	0.12057806
4.52	0.120548537
4.521	0.120518948
4.522	0.120489294
4.523	0.120459576
4.524	0.120429793
4.525	0.120399946
4.526	0.120370035
4.527	0.120340059
4.528	0.120310019
4.529	0.120279916
4.53	0.120249991
4.531	0.120220358
4.532	0.120190662
4.533	0.120160901
4.534	0.120131077
4.535	0.120101189
4.536	0.120071238
4.537	0.120041223
4.538	0.120011145
4.539	0.119981003
4.54	0.119950799
4.541	0.119920532
4.542	0.119890202
4.543	0.119860088
4.544	0.119830227
4.545	0.119800302
4.546	0.119770315
4.547	0.119740265
4.548	0.119710153
4.549	0.119679978
4.55	0.11964974
4.551	0.119619441
4.552	0.11958908
4.553	0.119558657
4.554	0.119528172
4.555	0.119497626
4.556	0.119467327
4.557	0.119437246
4.558	0.119407103
4.559	0.119376898
4.56	0.119346632
4.561	0.119316305
4.562	0.119285916
4.563	0.119255466
4.564	0.119224955
4.565	0.119194384
4.566	0.119163751
4.567	0.119133058
4.568	0.119102305
4.569	0.119071828
4.57	0.119041537
4.571	0.119011185
4.572	0.118980773
4.573	0.1189503
4.574	0.118919768
4.575	0.118889174
4.576	0.118858521
4.577	0.118827808
4.578	0.118797035
4.579	0.118766203
4.58	0.118735311
4.581	0.118704359
4.582	0.118673716
4.583	0.118643225
4.584	0.118612674
4.585	0.118582063
4.586	0.118551393
4.587	0.118520664
4.588	0.118489875
4.589	0.118459028
4.59	0.118428122
4.591	0.118397157
4.592	0.118366133
4.593	0.118335052
4.594	0.118303911
4.595	0.11827312
4.596	0.118242437
4.597	0.118211696
4.598	0.118180896
4.599	0.118150037
4.6	0.11811912
4.601	0.118088146
4.602	0.118057113
4.603	0.118026023
4.604	0.117994875
4.605	0.117963669
4.606	0.117932407
4.607	0.117901087
4.608	0.117870173
4.609	0.117839307
4.61	0.117808383
4.611	0.117777402
4.612	0.117746364
4.613	0.117715269
4.614	0.117684117
4.615	0.117652908
4.616	0.117621642
4.617	0.11759032
4.618	0.117558941
4.619	0.117527506
4.62	0.117496014
4.621	0.117465
4.622	0.11743396
4.623	0.117402864
4.624	0.117371711
4.625	0.117340501
4.626	0.117309236
4.627	0.117277915
4.628	0.117246538
4.629	0.117215105
4.63	0.117183617
4.631	0.117152073
4.632	0.117120474
4.633	0.117088865
4.634	0.117057715
4.635	0.117026509
4.636	0.116995248
4.637	0.116963931
4.638	0.116932559
4.639	0.116901132
4.64	0.11686965
4.641	0.116838113
4.642	0.116806521
4.643	0.116774875
4.644	0.116743175
4.645	0.11671142
4.646	0.116679724
4.647	0.116648415
4.648	0.116617051
4.649	0.116585633
4.65	0.116554161
4.651	0.116522634
4.652	0.116491053
4.653	0.116459419
4.654	0.11642773
4.655	0.116395988
4.656	0.116364192
4.657	0.116332343
4.658	0.11630044
4.659	0.116268657
4.66	0.116237198
4.661	0.116205685
4.662	0.116174118
4.663	0.116142498
4.664	0.116110825
4.665	0.116079098
4.666	0.116047319
4.667	0.116015486
4.668	0.115983601
4.669	0.115951663
4.67	0.115919673
4.671	0.11588763
4.672	0.115855778
4.673	0.115824175
4.674	0.11579252
4.675	0.115760813
4.676	0.115729052
4.677	0.11569724
4.678	0.115665375
4.679	0.115633459
4.68	0.11560149
4.681	0.11556947
4.682	0.115537397
4.683	0.115505274
4.684	0.115473099
4.685	0.115441209
4.686	0.115409471
4.687	0.115377682
4.688	0.11534584
4.689	0.115313948
4.69	0.115282004
4.691	0.115250008
4.692	0.115217962
4.693	0.115185864
4.694	0.115153716
4.695	0.115121517
4.696	0.115089267
4.697	0.115056967
4.698	0.115025079
4.699	0.114993213
4.7	0.114961296
4.701	0.114929329
4.702	0.114897311
4.703	0.114865243
4.704	0.114833124
4.705	0.114800955
4.706	0.114768736
4.707	0.114736467
4.708	0.114704148
4.709	0.114671779
4.71	0.114639442
4.711	0.114607505
4.712	0.114575518
4.713	0.114543481
4.714	0.114511395
4.715	0.114479259
4.716	0.114447073
4.717	0.114414838
4.718	0.114382553
4.719	0.114350219
4.72	0.114317836
4.721	0.114285404
4.722	0.114252924
4.723	0.114220632
4.724	0.114188581
4.725	0.11415648
4.726	0.11412433
4.727	0.114092131
4.728	0.114059883
4.729	0.114027587
4.73	0.113995242
4.731	0.113962848
4.732	0.113930407
4.733	0.113897917
4.734	0.113865378
4.735	0.113832792
4.736	0.113800542
4.737	0.113768381
4.738	0.113736173
4.739	0.113703917
4.74	0.113671612
4.741	0.11363926
4.742	0.113606859
4.743	0.113574411
4.744	0.113541915
4.745	0.113509372
4.746	0.113476782
4.747	0.113444144
4.748	0.113411474
4.749	0.11337926
4.75	0.113346998
4.751	0.113314688
4.752	0.113282332
4.753	0.113249928
4.754	0.113217477
4.755	0.113184979
4.756	0.113152434
4.757	0.113119843
4.758	0.113087205
4.759	0.11305452
4.76	0.113021789
4.761	0.11298922
4.762	0.11295691
4.763	0.112924552
4.764	0.112892149
4.765	0.112859698
4.766	0.112827201
4.767	0.112794658
4.768	0.112762069
4.769	0.112729433
4.77	0.112696752
4.771	0.112664025
4.772	0.112631252
4.773	0.112598433
4.774	0.112566022
4.775	0.112533621
4.776	0.112501174
4.777	0.112468682
4.778	0.112436143
4.779	0.11240356
4.78	0.11237093
4.781	0.112338255
4.782	0.112305535
4.783	0.11227277
4.784	0.11223996
4.785	0.112207105
4.786	0.112174411
4.787	0.112141971
4.788	0.112109485
4.789	0.112076955
4.79	0.11204438
4.791	0.112011759
4.792	0.111979094
4.793	0.111946384
4.794	0.11191363
4.795	0.111880831
4.796	0.111847988
4.797	0.1118151
4.798	0.111782169
4.799	0.111749649
4.8	0.11171713
4.801	0.111684566
4.802	0.111651958
4.803	0.111619305
4.804	0.111586608
4.805	0.111553868
4.806	0.111521083
4.807	0.111488255
4.808	0.111455383
4.809	0.111422467
4.81	0.111389508
4.811	0.11135672
4.812	0.111324171
4.813	0.111291577
4.814	0.11125894
4.815	0.11122626
4.816	0.111193535
4.817	0.111160768
4.818	0.111127957
4.819	0.111095103
4.82	0.111062206
4.821	0.111029266
4.822	0.110996283
4.823	0.11096327
4.824	0.110930695
4.825	0.110898076
4.826	0.110865414
4.827	0.110832709
4.828	0.110799961
4.829	0.11076717
4.83	0.110734337
4.831	0.110701462
4.832	0.110668543
4.833	0.110635583
4.834	0.11060258
4.835	0.110569535
4.836	0.110536787
4.837	0.110504147
4.838	0.110471464
4.839	0.110438738
4.84	0.11040597
4.841	0.110373161
4.842	0.110340309
4.843	0.110307415
4.844	0.11027448
4.845	0.110241502
4.846	0.110208484
4.847	0.110175423
4.848	0.110142527
4.849	0.110109868
4.85	0.110077167
4.851	0.110044425
4.852	0.110011641
4.853	0.109978815
4.854	0.109945949
4.855	0.10991304
4.856	0.109880091
4.857	0.109847101
4.858	0.109814069
4.859	0.109780997
4.86	0.109747991
4.861	0.109715318
4.862	0.109682603
4.863	0.109649848
4.864	0.109617051
4.865	0.109584213
4.866	0.109551335
4.867	0.109518416
4.868	0.109485456
4.869	0.109452455
4.87	0.109419415
4.871	0.109386334
4.872	0.109353264
4.873	0.10932058
4.874	0.109287854
4.875	0.109255088
4.876	0.109222282
4.877	0.109189436
4.878	0.109156549
4.879	0.109123622
4.88	0.109090655
4.881	0.109057648
4.882	0.109024602
4.883	0.108991515
4.884	0.108958424
4.885	0.108925731
4.886	0.108892998
4.887	0.108860226
4.888	0.108827413
4.889	0.108794561
4.89	0.108761669
4.891	0.108728738
4.892	0.108695767
4.893	0.108662757
4.894	0.108629707
4.895	0.108596618
4.896	0.108563541
4.897	0.108530843
4.898	0.108498106
4.899	0.10846533
4.9	0.108432514
4.901	0.108399659
4.902	0.108366766
4.903	0.108333833
4.904	0.108300861
4.905	0.10826785
4.906	0.108234801
4.907	0.108201713
4.908	0.108168683
4.909	0.108135983
4.91	0.108103245
4.911	0.108070468
4.912	0.108037652
4.913	0.108004798
4.914	0.107971904
4.915	0.107938973
4.916	0.107906003
4.917	0.107872995
4.918	0.107839949
4.919	0.107806864
4.92	0.107773914
4.921	0.107741216
4.922	0.107708479
4.923	0.107675704
4.924	0.107642891
4.925	0.10761004
4.926	0.10757715
4.927	0.107544223
4.928	0.107511258
4.929	0.107478255
4.93	0.107445215
4.931	0.107412137
4.932	0.107379302
4.933	0.107346607
4.934	0.107313875
4.935	0.107281104
4.936	0.107248297
4.937	0.107215451
4.938	0.107182568
4.939	0.107149648
4.94	0.10711669
4.941	0.107083695
4.942	0.107050664
4.943	0.107017595
4.944	0.106984918
4.945	0.10695223
4.946	0.106919504
4.947	0.106886741
4.948	0.106853941
4.949	0.106821104
4.95	0.106788231
4.951	0.10675532
4.952	0.106722372
4.953	0.106689388
4.954	0.106656367
4.955	0.106623487
4.956	0.106590844
4.957	0.106558165
4.958	0.106525449
4.959	0.106492696
4.96	0.106459906
4.961	0.10642708
4.962	0.106394218
4.963	0.106361319
4.964	0.106328384
4.965	0.106295413
4.966	0.106262405
4.967	0.106229787
4.968	0.106197156
4.969	0.106164488
4.97	0.106131784
4.971	0.106099043
4.972	0.106066266
4.973	0.106033454
4.974	0.106000605
4.975	0.105967721
4.976	0.1059348
4.977	0.105901844
4.978	0.105869109
4.979	0.105836527
4.98	0.105803908
4.981	0.105771254
4.982	0.105738564
4.983	0.105705838
4.984	0.105673076
4.985	0.105640279
4.986	0.105607447
4.987	0.105574579
4.988	0.105541675
4.989	0.105508846
4.99	0.105476314
4.991	0.105443747
4.992	0.105411144
4.993	0.105378505
4.994	0.105345831
4.995	0.105313122
4.996	0.105280378
4.997	0.105247599
4.998	0.105214784
4.999	0.105181935
5	0.105149051
