  8   10    2    3    3    2    2
  1        45.0000         0.0000
  2        85.0000         0.0000
  3       125.0000         0.0000
  4       165.0000         0.0000
  5       205.0000         0.0000
  6        30.0000        30.0000
  7        15.0000        60.0000
  8         0.0000        90.0000
  0   -1    0
  0    0    0
  0    0    0
  0    0    0
 -1   -1    0
  0    0    0
  0    0    0
  0    0    0
       0.0000         0.0000         0.0000
       0.0000         0.0000         0.0000
       0.0000         0.0000         0.0000
       0.0000         0.0000         0.0000
       0.0000         0.0000         0.0000
       0.0000         0.0000         0.0000
       0.0000         0.0000         0.0000
       0.0000         0.0000         0.0000
  1    2    1    1    0
  2    3    1    1    0
  3    4    1    1    0
  4    5    1    1    0
  1    6    1    2    0
  6    7    1    2    0
  7    8    1    2    0
  2    6    2    3    0
  3    7    2    3    0
  4    8    2    3    0
       0.0000       200.0000      1333.3300         0.0000       200.0000     -1333.3300
       0.0000       200.0000      1333.3300         0.0000       200.0000     -1333.3300
       0.0000       200.0000      1333.3300         0.0000       200.0000     -1333.3300
       0.0000       200.0000      1333.3300         0.0000       200.0000     -1333.3300
       0.0000         0.0000         0.0000         0.0000         0.0000         0.0000
       0.0000         0.0000         0.0000         0.0000         0.0000         0.0000
       0.0000         0.0000         0.0000         0.0000         0.0000         0.0000
       0.0000         0.0000         0.0000         0.0000         0.0000         0.0000
       0.0000         0.0000         0.0000         0.0000         0.0000         0.0000
       0.0000         0.0000         0.0000         0.0000         0.0000         0.0000
200000000.00000          0.00000      0.00      0.00      0.00
210000000.00000          0.00000      0.00      0.00      0.00
        1.00000          0.80000          0.00000      0.00      0.00
        1.50000          1.50000          0.00000      0.00      0.00
        0.15000          0.00000          0.00000      0.00      0.00
      -0.0000         0.0000        -0.0042
      -0.0002        -0.1564        -0.0033
      -0.0002        -0.2476        -0.0011
       0.0000        -0.2177         0.0033
       0.0000         0.0000         0.0066
       0.1151         0.0575        -0.0031
       0.1760         0.0879        -0.0008
       0.1747         0.0873         0.0005
    -772.0638       378.8743      1240.5481
    -239.5975       269.3104     -5914.4235
    1068.5198       582.8290     -8686.8410
      -0.0000      -400.0000    -24000.0000
    -721.9437       502.2217     -1240.5481
    -224.0436       155.8564    -18085.5765
     999.1547      -695.0641    -23313.1590
     606.5257         0.0000         0.0000
    1490.0603         0.0000         0.0000
   -1217.1377         0.0000         0.0000
 kN
 m
