[NODE]-[N4]-[1]-[2]     [BEAMCOLUMN]-[E3]-[1]-[2]
0     0
0.45     2.44935
0.9     4.8987
1.35     7.34805
1.8     9.79741
2.25     12.2468
2.7     14.6961
3.15     17.1455
3.6     19.5948
4.05     22.0442
4.5     24.4935
4.95     26.9429
5.4     29.3922
5.85     31.8416
6.3     34.2909
6.75     36.7403
7.2     39.1896
7.65     41.639
8.1     44.0883
8.55     46.5377
9     48.987
9.45     51.4364
9.9     53.8857
10.35     56.3351
10.8     58.7844
11.25     61.2338
11.7     63.6831
12.15     66.1325
12.6     68.5818
13.05     71.0312
13.5     73.4805
13.95     75.9299
14.4     78.3792
14.85     80.8286
15.3     83.278
15.75     85.7273
16.2     88.1767
16.65     90.626
17.1     93.0754
17.55     95.5247
18     97.9741
18.45     100.423
18.9     102.873
19.35     105.322
19.8     107.771
20.25     110.221
20.7     112.67
21.15     115.12
21.6     117.569
22.05     120.018
22.5     122.468
21.6     117.569
20.7     112.67
19.8     107.771
18.9     102.873
18     97.9741
17.1     93.0754
16.2     88.1767
15.3     83.278
14.4     78.3792
13.5     73.4805
12.6     68.5818
11.7     63.6831
10.8     58.7844
9.9     53.8857
9     48.987
8.1     44.0883
7.2     39.1896
6.3     34.2909
5.4     29.3922
4.5     24.4935
3.6     19.5948
2.7     14.6961
1.8     9.79741
0.9     4.8987
-1.65423e-14     -1.25225e-14
-0.9     -4.8987
-1.8     -9.79741
-2.7     -14.6961
-3.6     -19.5948
-4.5     -24.4935
-5.4     -29.3922
-6.3     -34.2909
-7.2     -39.1896
-8.1     -44.0883
-9     -48.987
-9.9     -53.8857
-10.8     -58.7844
-11.7     -63.6831
-12.6     -68.5818
-13.5     -73.4805
-14.4     -78.3792
-15.3     -83.278
-16.2     -88.1767
-17.1     -93.0754
-18     -97.9741
-18.9     -102.873
-19.8     -107.771
-20.7     -112.67
-21.6     -117.569
-22.5     -122.468
-21.6     -117.569
-20.7     -112.67
-19.8     -107.771
-18.9     -102.873
-18     -97.9741
-17.1     -93.0754
-16.2     -88.1767
-15.3     -83.278
-14.4     -78.3792
-13.5     -73.4805
-12.6     -68.5818
-11.7     -63.6831
-10.8     -58.7844
-9.9     -53.8857
-9     -48.987
-8.1     -44.0883
-7.2     -39.1896
-6.3     -34.2909
-5.4     -29.3922
-4.5     -24.4935
-3.6     -19.5948
-2.7     -14.6961
-1.8     -9.79741
-0.9     -4.8987
-1.54321e-14     1.51246e-14
0.9     4.8987
1.8     9.79741
2.7     14.6961
3.6     19.5948
4.5     24.4935
5.4     29.3922
6.3     34.2909
7.2     39.1896
8.1     44.0883
9     48.987
9.9     53.8857
10.8     58.7844
11.7     63.6831
12.6     68.5818
13.5     73.4805
14.4     78.3792
15.3     83.278
16.2     88.1767
17.1     93.0754
18     97.9741
18.9     102.873
19.8     107.771
20.7     112.67
21.6     117.569
22.5     122.468
21.6     117.569
20.7     112.67
19.8     107.771
18.9     102.873
18     97.9741
17.1     93.0754
16.2     88.1767
15.3     83.278
14.4     78.3792
13.5     73.4805
12.6     68.5818
11.7     63.6831
10.8     58.7844
9.9     53.8857
9     48.987
8.1     44.0883
7.2     39.1896
6.3     34.2909
5.4     29.3922
4.5     24.4935
3.6     19.5948
2.7     14.6961
1.8     9.79741
0.9     4.8987
-1.65423e-14     -1.25225e-14
-0.9     -4.8987
-1.8     -9.79741
-2.7     -14.6961
-3.6     -19.5948
-4.5     -24.4935
-5.4     -29.3922
-6.3     -34.2909
-7.2     -39.1896
-8.1     -44.0883
-9     -48.987
-9.9     -53.8857
-10.8     -58.7844
-11.7     -63.6831
-12.6     -68.5818
-13.5     -73.4805
-14.4     -78.3792
-15.3     -83.278
-16.2     -88.1767
-17.1     -93.0754
-18     -97.9741
-18.9     -102.873
-19.8     -107.771
-20.7     -112.67
-21.6     -117.569
-22.5     -122.468
-21.6     -117.569
-20.7     -112.67
-19.8     -107.771
-18.9     -102.873
-18     -97.9741
-17.1     -93.0754
-16.2     -88.1767
-15.3     -83.278
-14.4     -78.3792
-13.5     -73.4805
-12.6     -68.5818
-11.7     -63.6831
-10.8     -58.7844
-9.9     -53.8857
-9     -48.987
-8.1     -44.0883
-7.2     -39.1896
-6.3     -34.2909
-5.4     -29.3922
-4.5     -24.4935
-3.6     -19.5948
-2.7     -14.6961
-1.8     -9.79741
-0.9     -4.8987
-1.54321e-14     1.51246e-14
0.9     4.8987
1.8     9.79741
2.7     14.6961
3.6     19.5948
4.5     24.4935
5.4     29.3922
6.3     34.2909
7.2     39.1896
8.1     44.0883
9     48.987
9.9     53.8857
10.8     58.7844
11.7     63.6831
12.6     68.5818
13.5     73.4805
14.4     78.3792
15.3     83.278
16.2     88.1767
17.1     93.0754
18     97.9741
18.9     102.873
19.8     107.771
20.7     112.67
21.6     117.569
22.5     122.468
21.6     117.569
20.7     112.67
19.8     107.771
18.9     102.873
18     97.9741
17.1     93.0754
16.2     88.1767
15.3     83.278
14.4     78.3792
13.5     73.4805
12.6     68.5818
11.7     63.6831
10.8     58.7844
9.9     53.8857
9     48.987
8.1     44.0883
7.2     39.1896
6.3     34.2909
5.4     29.3922
4.5     24.4935
3.6     19.5948
2.7     14.6961
1.8     9.79741
0.9     4.8987
-1.65423e-14     -1.25225e-14
-0.9     -4.8987
-1.8     -9.79741
-2.7     -14.6961
-3.6     -19.5948
-4.5     -24.4935
-5.4     -29.3922
-6.3     -34.2909
-7.2     -39.1896
-8.1     -44.0883
-9     -48.987
-9.9     -53.8857
-10.8     -58.7844
-11.7     -63.6831
-12.6     -68.5818
-13.5     -73.4805
-14.4     -78.3792
-15.3     -83.278
-16.2     -88.1767
-17.1     -93.0754
-18     -97.9741
-18.9     -102.873
-19.8     -107.771
-20.7     -112.67
-21.6     -117.569
-22.5     -122.468
-21.6     -117.569
-20.7     -112.67
-19.8     -107.771
-18.9     -102.873
-18     -97.9741
-17.1     -93.0754
-16.2     -88.1767
-15.3     -83.278
-14.4     -78.3792
-13.5     -73.4805
-12.6     -68.5818
-11.7     -63.6831
-10.8     -58.7844
-9.9     -53.8857
-9     -48.987
-8.1     -44.0883
-7.2     -39.1896
-6.3     -34.2909
-5.4     -29.3922
-4.5     -24.4935
-3.6     -19.5948
-2.7     -14.6961
-1.8     -9.79741
-0.9     -4.8987
-1.54321e-14     1.51246e-14
0.9     4.8987
1.8     9.79741
2.7     14.6961
3.6     19.5948
4.5     24.4935
5.4     29.3922
6.3     34.2909
7.2     39.1896
8.1     44.0883
9     48.987
9.9     53.8857
10.8     58.7844
11.7     63.6831
12.6     68.5818
13.5     73.4805
14.4     78.3792
15.3     83.278
16.2     88.1767
17.1     93.0754
18     97.9741
18.9     102.873
19.8     107.771
20.7     112.67
21.6     117.569
22.5     122.468
21.6     117.569
20.7     112.67
19.8     107.771
18.9     102.873
18     97.9741
17.1     93.0754
16.2     88.1767
15.3     83.278
14.4     78.3792
13.5     73.4805
12.6     68.5818
11.7     63.6831
10.8     58.7844
9.9     53.8857
9     48.987
8.1     44.0883
7.2     39.1896
6.3     34.2909
5.4     29.3922
4.5     24.4935
3.6     19.5948
2.7     14.6961
1.8     9.79741
0.9     4.8987
-1.65423e-14     -1.25225e-14
-0.9     -4.8987
-1.8     -9.79741
-2.7     -14.6961
-3.6     -19.5948
-4.5     -24.4935
-5.4     -29.3922
-6.3     -34.2909
-7.2     -39.1896
-8.1     -44.0883
-9     -48.987
-9.9     -53.8857
-10.8     -58.7844
-11.7     -63.6831
-12.6     -68.5818
-13.5     -73.4805
-14.4     -78.3792
-15.3     -83.278
-16.2     -88.1767
-17.1     -93.0754
-18     -97.9741
-18.9     -102.873
-19.8     -107.771
-20.7     -112.67
-21.6     -117.569
-22.5     -122.468
-21.6     -117.569
-20.7     -112.67
-19.8     -107.771
-18.9     -102.873
-18     -97.9741
-17.1     -93.0754
-16.2     -88.1767
-15.3     -83.278
-14.4     -78.3792
-13.5     -73.4805
-12.6     -68.5818
-11.7     -63.6831
-10.8     -58.7844
-9.9     -53.8857
-9     -48.987
-8.1     -44.0883
-7.2     -39.1896
-6.3     -34.2909
-5.4     -29.3922
-4.5     -24.4935
-3.6     -19.5948
-2.7     -14.6961
-1.8     -9.79741
-0.9     -4.8987
-1.54321e-14     1.51246e-14
0.9     4.8987
1.8     9.79741
2.7     14.6961
3.6     19.5948
4.5     24.4935
5.4     29.3922
6.3     34.2909
7.2     39.1896
8.1     44.0883
9     48.987
9.9     53.8857
10.8     58.7844
11.7     63.6831
12.6     68.5818
13.5     73.4805
14.4     78.3792
15.3     83.278
16.2     88.1767
17.1     93.0754
18     97.9741
18.9     102.873
19.8     107.771
20.7     112.67
21.6     117.569
22.5     122.468
21.6     117.569
20.7     112.67
19.8     107.771
18.9     102.873
18     97.9741
17.1     93.0754
16.2     88.1767
15.3     83.278
14.4     78.3792
13.5     73.4805
12.6     68.5818
11.7     63.6831
10.8     58.7844
9.9     53.8857
9     48.987
8.1     44.0883
7.2     39.1896
6.3     34.2909
5.4     29.3922
4.5     24.4935
3.6     19.5948
2.7     14.6961
1.8     9.79741
0.9     4.8987
-1.65423e-14     -1.25225e-14
-0.9     -4.8987
-1.8     -9.79741
-2.7     -14.6961
-3.6     -19.5948
-4.5     -24.4935
-5.4     -29.3922
-6.3     -34.2909
-7.2     -39.1896
-8.1     -44.0883
-9     -48.987
-9.9     -53.8857
-10.8     -58.7844
-11.7     -63.6831
-12.6     -68.5818
-13.5     -73.4805
-14.4     -78.3792
-15.3     -83.278
-16.2     -88.1767
-17.1     -93.0754
-18     -97.9741
-18.9     -102.873
-19.8     -107.771
-20.7     -112.67
-21.6     -117.569
-22.5     -122.468
-21.6     -117.569
-20.7     -112.67
-19.8     -107.771
-18.9     -102.873
-18     -97.9741
-17.1     -93.0754
-16.2     -88.1767
-15.3     -83.278
-14.4     -78.3792
-13.5     -73.4805
-12.6     -68.5818
-11.7     -63.6831
-10.8     -58.7844
-9.9     -53.8857
-9     -48.987
-8.1     -44.0883
-7.2     -39.1896
-6.3     -34.2909
-5.4     -29.3922
-4.5     -24.4935
-3.6     -19.5948
-2.7     -14.6961
-1.8     -9.79741
-0.9     -4.8987
-1.54321e-14     1.51246e-14
0.9     4.8987
1.8     9.79741
2.7     14.6961
3.6     19.5948
4.5     24.4935
5.4     29.3922
6.3     34.2909
7.2     39.1896
8.1     44.0883
9     48.987
9.9     53.8857
10.8     58.7844
11.7     63.6831
12.6     68.5818
13.5     73.4805
14.4     78.3792
15.3     83.278
16.2     88.1767
17.1     93.0754
18     97.9741
18.9     102.873
19.8     107.771
20.7     112.67
21.6     117.569
22.5     122.468
21.6     117.569
20.7     112.67
19.8     107.771
18.9     102.873
18     97.9741
17.1     93.0754
16.2     88.1767
15.3     83.278
14.4     78.3792
13.5     73.4805
12.6     68.5818
11.7     63.6831
10.8     58.7844
9.9     53.8857
9     48.987
8.1     44.0883
7.2     39.1896
6.3     34.2909
5.4     29.3922
4.5     24.4935
3.6     19.5948
2.7     14.6961
1.8     9.79741
0.9     4.8987
-1.65423e-14     -1.25225e-14
-0.9     -4.8987
-1.8     -9.79741
-2.7     -14.6961
-3.6     -19.5948
-4.5     -24.4935
-5.4     -29.3922
-6.3     -34.2909
-7.2     -39.1896
-8.1     -44.0883
-9     -48.987
-9.9     -53.8857
-10.8     -58.7844
-11.7     -63.6831
-12.6     -68.5818
-13.5     -73.4805
-14.4     -78.3792
-15.3     -83.278
-16.2     -88.1767
-17.1     -93.0754
-18     -97.9741
-18.9     -102.873
-19.8     -107.771
-20.7     -112.67
-21.6     -117.569
-22.5     -122.468
-21.45     -116.752
-20.4     -111.037
-19.35     -105.322
-18.3     -99.607
-17.25     -93.8918
-16.2     -88.1767
-15.15     -82.4615
-14.1     -76.7463
-13.05     -71.0312
-12     -65.316
-10.95     -59.6009
-9.9     -53.8857
-8.85     -48.1706
-7.8     -42.4554
-6.75     -36.7403
-5.7     -31.0251
-4.65     -25.31
-3.6     -19.5948
-2.55     -13.8797
-1.5     -8.16451
-0.45     -2.44935
0.6     3.2658
1.65     8.98096
2.7     14.6961
3.75     20.4113
4.8     26.1264
5.85     31.8416
6.9     37.5567
7.95     43.2719
9     48.987
10.05     54.7022
11.1     60.4173
12.15     66.1325
13.2     71.8476
14.25     77.5628
15.3     83.278
16.35     88.9931
17.4     94.7083
18.45     100.423
19.5     106.139
20.55     111.854
21.6     117.569
22.65     123.284
23.7     128.999
24.75     134.714
25.8     140.429
26.85     146.145
27.9     151.86
28.95     157.575
30     163.29
28.8     156.758
27.6     150.227
26.4     143.695
25.2     137.164
24     130.632
22.8     124.1
21.6     117.569
20.4     111.037
19.2     104.506
18     97.9741
16.8     91.4425
15.6     84.9109
14.4     78.3792
13.2     71.8476
12     65.316
10.8     58.7844
9.6     52.2528
8.4     45.7212
7.2     39.1896
6     32.658
4.8     26.1264
3.6     19.5948
2.4     13.0632
1.2     6.5316
2.26485e-14     3.83401e-14
-1.2     -6.5316
-2.4     -13.0632
-3.6     -19.5948
-4.8     -26.1264
-6     -32.658
-7.2     -39.1896
-8.4     -45.7212
-9.6     -52.2528
-10.8     -58.7844
-12     -65.316
-13.2     -71.8476
-14.4     -78.3792
-15.6     -84.9109
-16.8     -91.4425
-18     -97.9741
-19.2     -104.506
-20.4     -111.037
-21.6     -117.569
-22.8     -124.1
-24     -130.632
-25.2     -137.164
-26.4     -143.695
-27.6     -150.227
-28.8     -156.758
-30     -163.29
-28.8     -156.758
-27.6     -150.227
-26.4     -143.695
-25.2     -137.164
-24     -130.632
-22.8     -124.1
-21.6     -117.569
-20.4     -111.037
-19.2     -104.506
-18     -97.9741
-16.8     -91.4425
-15.6     -84.9109
-14.4     -78.3792
-13.2     -71.8476
-12     -65.316
-10.8     -58.7844
-9.6     -52.2528
-8.4     -45.7212
-7.2     -39.1896
-6     -32.658
-4.8     -26.1264
-3.6     -19.5948
-2.4     -13.0632
-1.2     -6.5316
2.35367e-14     3.25667e-14
1.2     6.5316
2.4     13.0632
3.6     19.5948
4.8     26.1264
6     32.658
7.2     39.1896
8.4     45.7212
9.6     52.2528
10.8     58.7844
12     65.316
13.2     71.8476
14.4     78.3792
15.6     84.9109
16.8     91.4425
18     97.9741
19.2     104.506
20.4     111.037
21.6     117.569
22.8     124.1
24     130.632
25.2     137.164
26.4     143.695
27.6     150.227
28.8     156.758
30     163.29
28.8     156.758
27.6     150.227
26.4     143.695
25.2     137.164
24     130.632
22.8     124.1
21.6     117.569
20.4     111.037
19.2     104.506
18     97.9741
16.8     91.4425
15.6     84.9109
14.4     78.3792
13.2     71.8476
12     65.316
10.8     58.7844
9.6     52.2528
8.4     45.7212
7.2     39.1896
6     32.658
4.8     26.1264
3.6     19.5948
2.4     13.0632
1.2     6.5316
2.26485e-14     3.83401e-14
-1.2     -6.5316
-2.4     -13.0632
-3.6     -19.5948
-4.8     -26.1264
-6     -32.658
-7.2     -39.1896
-8.4     -45.7212
-9.6     -52.2528
-10.8     -58.7844
-12     -65.316
-13.2     -71.8476
-14.4     -78.3792
-15.6     -84.9109
-16.8     -91.4425
-18     -97.9741
-19.2     -104.506
-20.4     -111.037
-21.6     -117.569
-22.8     -124.1
-24     -130.632
-25.2     -137.164
-26.4     -143.695
-27.6     -150.227
-28.8     -156.758
-30     -163.29
-28.8     -156.758
-27.6     -150.227
-26.4     -143.695
-25.2     -137.164
-24     -130.632
-22.8     -124.1
-21.6     -117.569
-20.4     -111.037
-19.2     -104.506
-18     -97.9741
-16.8     -91.4425
-15.6     -84.9109
-14.4     -78.3792
-13.2     -71.8476
-12     -65.316
-10.8     -58.7844
-9.6     -52.2528
-8.4     -45.7212
-7.2     -39.1896
-6     -32.658
-4.8     -26.1264
-3.6     -19.5948
-2.4     -13.0632
-1.2     -6.5316
2.35367e-14     3.25667e-14
1.2     6.5316
2.4     13.0632
3.6     19.5948
4.8     26.1264
6     32.658
7.2     39.1896
8.4     45.7212
9.6     52.2528
10.8     58.7844
12     65.316
13.2     71.8476
14.4     78.3792
15.6     84.9109
16.8     91.4425
18     97.9741
19.2     104.506
20.4     111.037
21.6     117.569
22.8     124.1
24     130.632
25.2     137.164
26.4     143.695
27.6     150.227
28.8     156.758
30     163.29
28.8     156.758
27.6     150.227
26.4     143.695
25.2     137.164
24     130.632
22.8     124.1
21.6     117.569
20.4     111.037
19.2     104.506
18     97.9741
16.8     91.4425
15.6     84.9109
14.4     78.3792
13.2     71.8476
12     65.316
10.8     58.7844
9.6     52.2528
8.4     45.7212
7.2     39.1896
6     32.658
4.8     26.1264
3.6     19.5948
2.4     13.0632
1.2     6.5316
2.26485e-14     3.83401e-14
-1.2     -6.5316
-2.4     -13.0632
-3.6     -19.5948
-4.8     -26.1264
-6     -32.658
-7.2     -39.1896
-8.4     -45.7212
-9.6     -52.2528
-10.8     -58.7844
-12     -65.316
-13.2     -71.8476
-14.4     -78.3792
-15.6     -84.9109
-16.8     -91.4425
-18     -97.9741
-19.2     -104.506
-20.4     -111.037
-21.6     -117.569
-22.8     -124.1
-24     -130.632
-25.2     -137.164
-26.4     -143.695
-27.6     -150.227
-28.8     -156.758
-30     -163.29
-28.8     -156.758
-27.6     -150.227
-26.4     -143.695
-25.2     -137.164
-24     -130.632
-22.8     -124.1
-21.6     -117.569
-20.4     -111.037
-19.2     -104.506
-18     -97.9741
-16.8     -91.4425
-15.6     -84.9109
-14.4     -78.3792
-13.2     -71.8476
-12     -65.316
-10.8     -58.7844
-9.6     -52.2528
-8.4     -45.7212
-7.2     -39.1896
-6     -32.658
-4.8     -26.1264
-3.6     -19.5948
-2.4     -13.0632
-1.2     -6.5316
2.35367e-14     3.25667e-14
1.2     6.5316
2.4     13.0632
3.6     19.5948
4.8     26.1264
6     32.658
7.2     39.1896
8.4     45.7212
9.6     52.2528
10.8     58.7844
12     65.316
13.2     71.8476
14.4     78.3792
15.6     84.9109
16.8     91.4425
18     97.9741
19.2     104.506
20.4     111.037
21.6     117.569
22.8     124.1
24     130.632
25.2     137.164
26.4     143.695
27.6     150.227
28.8     156.758
30     163.29
28.8     156.758
27.6     150.227
26.4     143.695
25.2     137.164
24     130.632
22.8     124.1
21.6     117.569
20.4     111.037
19.2     104.506
18     97.9741
16.8     91.4425
15.6     84.9109
14.4     78.3792
13.2     71.8476
12     65.316
10.8     58.7844
9.6     52.2528
8.4     45.7212
7.2     39.1896
6     32.658
4.8     26.1264
3.6     19.5948
2.4     13.0632
1.2     6.5316
2.26485e-14     3.83401e-14
-1.2     -6.5316
-2.4     -13.0632
-3.6     -19.5948
-4.8     -26.1264
-6     -32.658
-7.2     -39.1896
-8.4     -45.7212
-9.6     -52.2528
-10.8     -58.7844
-12     -65.316
-13.2     -71.8476
-14.4     -78.3792
-15.6     -84.9109
-16.8     -91.4425
-18     -97.9741
-19.2     -104.506
-20.4     -111.037
-21.6     -117.569
-22.8     -124.1
-24     -130.632
-25.2     -137.164
-26.4     -143.695
-27.6     -150.227
-28.8     -156.758
-30     -163.29
-28.8     -156.758
-27.6     -150.227
-26.4     -143.695
-25.2     -137.164
-24     -130.632
-22.8     -124.1
-21.6     -117.569
-20.4     -111.037
-19.2     -104.506
-18     -97.9741
-16.8     -91.4425
-15.6     -84.9109
-14.4     -78.3792
-13.2     -71.8476
-12     -65.316
-10.8     -58.7844
-9.6     -52.2528
-8.4     -45.7212
-7.2     -39.1896
-6     -32.658
-4.8     -26.1264
-3.6     -19.5948
-2.4     -13.0632
-1.2     -6.5316
2.35367e-14     3.25667e-14
1.2     6.5316
2.4     13.0632
3.6     19.5948
4.8     26.1264
6     32.658
7.2     39.1896
8.4     45.7212
9.6     52.2528
10.8     58.7844
12     65.316
13.2     71.8476
14.4     78.3792
15.6     84.9109
16.8     91.4425
18     97.9741
19.2     104.506
20.4     111.037
21.6     117.569
22.8     124.1
24     130.632
25.2     137.164
26.4     143.695
27.6     150.227
28.8     156.758
30     163.29
28.8     156.758
27.6     150.227
26.4     143.695
25.2     137.164
24     130.632
22.8     124.1
21.6     117.569
20.4     111.037
19.2     104.506
18     97.9741
16.8     91.4425
15.6     84.9109
14.4     78.3792
13.2     71.8476
12     65.316
10.8     58.7844
9.6     52.2528
8.4     45.7212
7.2     39.1896
6     32.658
4.8     26.1264
3.6     19.5948
2.4     13.0632
1.2     6.5316
2.26485e-14     3.83401e-14
-1.2     -6.5316
-2.4     -13.0632
-3.6     -19.5948
-4.8     -26.1264
-6     -32.658
-7.2     -39.1896
-8.4     -45.7212
-9.6     -52.2528
-10.8     -58.7844
-12     -65.316
-13.2     -71.8476
-14.4     -78.3792
-15.6     -84.9109
-16.8     -91.4425
-18     -97.9741
-19.2     -104.506
-20.4     -111.037
-21.6     -117.569
-22.8     -124.1
-24     -130.632
-25.2     -137.164
-26.4     -143.695
-27.6     -150.227
-28.8     -156.758
-30     -163.29
-28.8     -156.758
-27.6     -150.227
-26.4     -143.695
-25.2     -137.164
-24     -130.632
-22.8     -124.1
-21.6     -117.569
-20.4     -111.037
-19.2     -104.506
-18     -97.9741
-16.8     -91.4425
-15.6     -84.9109
-14.4     -78.3792
-13.2     -71.8476
-12     -65.316
-10.8     -58.7844
-9.6     -52.2528
-8.4     -45.7212
-7.2     -39.1896
-6     -32.658
-4.8     -26.1264
-3.6     -19.5948
-2.4     -13.0632
-1.2     -6.5316
2.35367e-14     3.25667e-14
1.2     6.5316
2.4     13.0632
3.6     19.5948
4.8     26.1264
6     32.658
7.2     39.1896
8.4     45.7212
9.6     52.2528
10.8     58.7844
12     65.316
13.2     71.8476
14.4     78.3792
15.6     84.9109
16.8     91.4425
18     97.9741
19.2     104.506
20.4     111.037
21.6     117.569
22.8     124.1
24     130.632
25.2     137.164
26.4     143.695
27.6     150.227
28.8     156.758
30     163.29
28.8     156.758
27.6     150.227
26.4     143.695
25.2     137.164
24     130.632
22.8     124.1
21.6     117.569
20.4     111.037
19.2     104.506
18     97.9741
16.8     91.4425
15.6     84.9109
14.4     78.3792
13.2     71.8476
12     65.316
10.8     58.7844
9.6     52.2528
8.4     45.7212
7.2     39.1896
6     32.658
4.8     26.1264
3.6     19.5948
2.4     13.0632
1.2     6.5316
2.26485e-14     3.83401e-14
-1.2     -6.5316
-2.4     -13.0632
-3.6     -19.5948
-4.8     -26.1264
-6     -32.658
-7.2     -39.1896
-8.4     -45.7212
-9.6     -52.2528
-10.8     -58.7844
-12     -65.316
-13.2     -71.8476
-14.4     -78.3792
-15.6     -84.9109
-16.8     -91.4425
-18     -97.9741
-19.2     -104.506
-20.4     -111.037
-21.6     -117.569
-22.8     -124.1
-24     -130.632
-25.2     -137.164
-26.4     -143.695
-27.6     -150.227
-28.8     -156.758
-30     -163.29
-28.5     -155.126
-27     -146.961
-25.5     -138.797
-24     -130.632
-22.5     -122.468
-21     -114.303
-19.5     -106.139
-18     -97.9741
-16.5     -89.8096
-15     -81.6451
-13.5     -73.4805
-12     -65.316
-10.5     -57.1515
-9     -48.987
-7.5     -40.8225
-6     -32.658
-4.5     -24.4935
-3     -16.329
-1.5     -8.16451
3.55271e-14     -5.26516e-14
1.5     8.16451
3     16.329
4.5     24.4935
6     32.658
7.5     40.8225
9     48.987
10.5     57.1515
12     65.316
13.5     73.4805
15     81.6451
16.5     89.8096
18     97.9741
19.5     106.139
21     114.303
22.5     122.468
24     130.632
25.5     138.797
27     146.961
28.5     155.126
30     163.29
31.5     171.455
33     179.619
34.5     187.784
36     195.948
37.5     204.113
39     212.277
40.5     220.442
42     228.606
43.5     236.771
45     244.935
43.2     235.138
41.4     225.34
39.6     215.543
37.8     205.746
36     195.948
34.2     186.151
32.4     176.353
30.6     166.556
28.8     156.758
27     146.961
25.2     137.164
23.4     127.366
21.6     117.569
19.8     107.771
18     97.9741
16.2     88.1767
14.4     78.3792
12.6     68.5818
10.8     58.7844
9     48.987
7.2     39.1896
5.4     29.3922
3.6     19.5948
1.8     9.79741
4.50751e-14     -2.95987e-14
-1.8     -9.79741
-3.6     -19.5948
-5.4     -29.3922
-7.2     -39.1896
-9     -48.987
-10.8     -58.7844
-12.6     -68.5818
-14.4     -78.3792
-16.2     -88.1767
-18     -97.9741
-19.8     -107.771
-21.6     -117.569
-23.4     -127.366
-25.2     -137.164
-27     -146.961
-28.8     -156.758
-30.6     -166.556
-32.4     -176.353
-34.2     -186.151
-36     -195.948
-37.8     -205.746
-39.6     -215.543
-41.4     -225.34
-43.2     -235.138
-45     -244.935
-43.2     -235.138
-41.4     -225.34
-39.6     -215.543
-37.8     -205.746
-36     -195.948
-34.2     -186.151
-32.4     -176.353
-30.6     -166.556
-28.8     -156.758
-27     -146.961
-25.2     -137.164
-23.4     -127.366
-21.6     -117.569
-19.8     -107.771
-18     -97.9741
-16.2     -88.1767
-14.4     -78.3792
-12.6     -68.5818
-10.8     -58.7844
-9     -48.987
-7.2     -39.1896
-5.4     -29.3922
-3.6     -19.5948
-1.8     -9.79741
4.72955e-14     2.56956e-14
1.8     9.79741
3.6     19.5948
5.4     29.3922
7.2     39.1896
9     48.987
10.8     58.7844
12.6     68.5818
14.4     78.3792
16.2     88.1767
18     97.9741
19.8     107.771
21.6     117.569
23.4     127.366
25.2     137.164
27     146.961
28.8     156.758
30.6     166.556
32.4     176.353
34.2     186.151
36     195.948
37.8     205.746
39.6     215.543
41.4     225.34
43.2     235.138
45     244.935
43.2     235.138
41.4     225.34
39.6     215.543
37.8     205.746
36     195.948
34.2     186.151
32.4     176.353
30.6     166.556
28.8     156.758
27     146.961
25.2     137.164
23.4     127.366
21.6     117.569
19.8     107.771
18     97.9741
16.2     88.1767
14.4     78.3792
12.6     68.5818
10.8     58.7844
9     48.987
7.2     39.1896
5.4     29.3922
3.6     19.5948
1.8     9.79741
4.50751e-14     -2.95987e-14
-1.8     -9.79741
-3.6     -19.5948
-5.4     -29.3922
-7.2     -39.1896
-9     -48.987
-10.8     -58.7844
-12.6     -68.5818
-14.4     -78.3792
-16.2     -88.1767
-18     -97.9741
-19.8     -107.771
-21.6     -117.569
-23.4     -127.366
-25.2     -137.164
-27     -146.961
-28.8     -156.758
-30.6     -166.556
-32.4     -176.353
-34.2     -186.151
-36     -195.948
-37.8     -205.746
-39.6     -215.543
-41.4     -225.34
-43.2     -235.138
-45     -244.935
-43.2     -235.138
-41.4     -225.34
-39.6     -215.543
-37.8     -205.746
-36     -195.948
-34.2     -186.151
-32.4     -176.353
-30.6     -166.556
-28.8     -156.758
-27     -146.961
-25.2     -137.164
-23.4     -127.366
-21.6     -117.569
-19.8     -107.771
-18     -97.9741
-16.2     -88.1767
-14.4     -78.3792
-12.6     -68.5818
-10.8     -58.7844
-9     -48.987
-7.2     -39.1896
-5.4     -29.3922
-3.6     -19.5948
-1.8     -9.79741
4.72955e-14     2.56956e-14
1.8     9.79741
3.6     19.5948
5.4     29.3922
7.2     39.1896
9     48.987
10.8     58.7844
12.6     68.5818
14.4     78.3792
16.2     88.1767
18     97.9741
19.8     107.771
21.6     117.569
23.4     127.366
25.2     137.164
27     146.961
28.8     156.758
30.6     166.556
32.4     176.353
34.2     186.151
36     195.948
37.8     205.746
39.6     215.543
41.4     225.34
43.2     235.138
45     244.935
43.2     235.138
41.4     225.34
39.6     215.543
37.8     205.746
36     195.948
34.2     186.151
32.4     176.353
30.6     166.556
28.8     156.758
27     146.961
25.2     137.164
23.4     127.366
21.6     117.569
19.8     107.771
18     97.9741
16.2     88.1767
14.4     78.3792
12.6     68.5818
10.8     58.7844
9     48.987
7.2     39.1896
5.4     29.3922
3.6     19.5948
1.8     9.79741
4.50751e-14     -2.95987e-14
-1.8     -9.79741
-3.6     -19.5948
-5.4     -29.3922
-7.2     -39.1896
-9     -48.987
-10.8     -58.7844
-12.6     -68.5818
-14.4     -78.3792
-16.2     -88.1767
-18     -97.9741
-19.8     -107.771
-21.6     -117.569
-23.4     -127.366
-25.2     -137.164
-27     -146.961
-28.8     -156.758
-30.6     -166.556
-32.4     -176.353
-34.2     -186.151
-36     -195.948
-37.8     -205.746
-39.6     -215.543
-41.4     -225.34
-43.2     -235.138
-45     -244.935
-43.2     -235.138
-41.4     -225.34
-39.6     -215.543
-37.8     -205.746
-36     -195.948
-34.2     -186.151
-32.4     -176.353
-30.6     -166.556
-28.8     -156.758
-27     -146.961
-25.2     -137.164
-23.4     -127.366
-21.6     -117.569
-19.8     -107.771
-18     -97.9741
-16.2     -88.1767
-14.4     -78.3792
-12.6     -68.5818
-10.8     -58.7844
-9     -48.987
-7.2     -39.1896
-5.4     -29.3922
-3.6     -19.5948
-1.8     -9.79741
4.72955e-14     2.56956e-14
1.8     9.79741
3.6     19.5948
5.4     29.3922
7.2     39.1896
9     48.987
10.8     58.7844
12.6     68.5818
14.4     78.3792
16.2     88.1767
18     97.9741
19.8     107.771
21.6     117.569
23.4     127.366
25.2     137.164
27     146.961
28.8     156.758
30.6     166.556
32.4     176.353
34.2     186.151
36     195.948
37.8     205.746
39.6     215.543
41.4     225.34
43.2     235.138
45     244.935
43.2     235.138
41.4     225.34
39.6     215.543
37.8     205.746
36     195.948
34.2     186.151
32.4     176.353
30.6     166.556
28.8     156.758
27     146.961
25.2     137.164
23.4     127.366
21.6     117.569
19.8     107.771
18     97.9741
16.2     88.1767
14.4     78.3792
12.6     68.5818
10.8     58.7844
9     48.987
7.2     39.1896
5.4     29.3922
3.6     19.5948
1.8     9.79741
4.50751e-14     -2.95987e-14
-1.8     -9.79741
-3.6     -19.5948
-5.4     -29.3922
-7.2     -39.1896
-9     -48.987
-10.8     -58.7844
-12.6     -68.5818
-14.4     -78.3792
-16.2     -88.1767
-18     -97.9741
-19.8     -107.771
-21.6     -117.569
-23.4     -127.366
-25.2     -137.164
-27     -146.961
-28.8     -156.758
-30.6     -166.556
-32.4     -176.353
-34.2     -186.151
-36     -195.948
-37.8     -205.746
-39.6     -215.543
-41.4     -225.34
-43.2     -235.138
-45     -244.935
-43.2     -235.138
-41.4     -225.34
-39.6     -215.543
-37.8     -205.746
-36     -195.948
-34.2     -186.151
-32.4     -176.353
-30.6     -166.556
-28.8     -156.758
-27     -146.961
-25.2     -137.164
-23.4     -127.366
-21.6     -117.569
-19.8     -107.771
-18     -97.9741
-16.2     -88.1767
-14.4     -78.3792
-12.6     -68.5818
-10.8     -58.7844
-9     -48.987
-7.2     -39.1896
-5.4     -29.3922
-3.6     -19.5948
-1.8     -9.79741
4.72955e-14     2.56956e-14
1.8     9.79741
3.6     19.5948
5.4     29.3922
7.2     39.1896
9     48.987
10.8     58.7844
12.6     68.5818
14.4     78.3792
16.2     88.1767
18     97.9741
19.8     107.771
21.6     117.569
23.4     127.366
25.2     137.164
27     146.961
28.8     156.758
30.6     166.556
32.4     176.353
34.2     186.151
36     195.948
37.8     205.746
39.6     215.543
41.4     225.34
43.2     235.138
45     244.935
43.2     235.138
41.4     225.34
39.6     215.543
37.8     205.746
36     195.948
34.2     186.151
32.4     176.353
30.6     166.556
28.8     156.758
27     146.961
25.2     137.164
23.4     127.366
21.6     117.569
19.8     107.771
18     97.9741
16.2     88.1767
14.4     78.3792
12.6     68.5818
10.8     58.7844
9     48.987
7.2     39.1896
5.4     29.3922
3.6     19.5948
1.8     9.79741
4.50751e-14     -2.95987e-14
-1.8     -9.79741
-3.6     -19.5948
-5.4     -29.3922
-7.2     -39.1896
-9     -48.987
-10.8     -58.7844
-12.6     -68.5818
-14.4     -78.3792
-16.2     -88.1767
-18     -97.9741
-19.8     -107.771
-21.6     -117.569
-23.4     -127.366
-25.2     -137.164
-27     -146.961
-28.8     -156.758
-30.6     -166.556
-32.4     -176.353
-34.2     -186.151
-36     -195.948
-37.8     -205.746
-39.6     -215.543
-41.4     -225.34
-43.2     -235.138
-45     -244.935
-43.2     -235.138
-41.4     -225.34
-39.6     -215.543
-37.8     -205.746
-36     -195.948
-34.2     -186.151
-32.4     -176.353
-30.6     -166.556
-28.8     -156.758
-27     -146.961
-25.2     -137.164
-23.4     -127.366
-21.6     -117.569
-19.8     -107.771
-18     -97.9741
-16.2     -88.1767
-14.4     -78.3792
-12.6     -68.5818
-10.8     -58.7844
-9     -48.987
-7.2     -39.1896
-5.4     -29.3922
-3.6     -19.5948
-1.8     -9.79741
4.72955e-14     2.56956e-14
1.8     9.79741
3.6     19.5948
5.4     29.3922
7.2     39.1896
9     48.987
10.8     58.7844
12.6     68.5818
14.4     78.3792
16.2     88.1767
18     97.9741
19.8     107.771
21.6     117.569
23.4     127.366
25.2     137.164
27     146.961
28.8     156.758
30.6     166.556
32.4     176.353
34.2     186.151
36     195.948
37.8     205.746
39.6     215.543
41.4     225.34
43.2     235.138
45     244.935
43.2     235.138
41.4     225.34
39.6     215.543
37.8     205.746
36     195.948
34.2     186.151
32.4     176.353
30.6     166.556
28.8     156.758
27     146.961
25.2     137.164
23.4     127.366
21.6     117.569
19.8     107.771
18     97.9741
16.2     88.1767
14.4     78.3792
12.6     68.5818
10.8     58.7844
9     48.987
7.2     39.1896
5.4     29.3922
3.6     19.5948
1.8     9.79741
4.50751e-14     -2.95987e-14
-1.8     -9.79741
-3.6     -19.5948
-5.4     -29.3922
-7.2     -39.1896
-9     -48.987
-10.8     -58.7844
-12.6     -68.5818
-14.4     -78.3792
-16.2     -88.1767
-18     -97.9741
-19.8     -107.771
-21.6     -117.569
-23.4     -127.366
-25.2     -137.164
-27     -146.961
-28.8     -156.758
-30.6     -166.556
-32.4     -176.353
-34.2     -186.151
-36     -195.948
-37.8     -205.746
-39.6     -215.543
-41.4     -225.34
-43.2     -235.138
-45     -244.935
-42.9     -233.505
-40.8     -222.075
-38.7     -210.644
-36.6     -199.214
-34.5     -187.784
-32.4     -176.353
-30.3     -164.923
-28.2     -153.493
-26.1     -142.062
-24     -130.632
-21.9     -119.202
-19.8     -107.771
-17.7     -96.3412
-15.6     -84.9109
-13.5     -73.4805
-11.4     -62.0502
-9.3     -50.6199
-7.2     -39.1896
-5.1     -27.7593
-3     -16.329
-0.9     -4.8987
1.2     6.5316
3.3     17.9619
5.4     29.3922
7.5     40.8225
9.6     52.2528
11.7     63.6831
13.8     75.1134
15.9     86.5438
18     97.9741
20.1     109.404
22.2     120.835
24.3     132.265
26.4     143.695
28.5     155.126
30.6     166.556
32.7     177.986
34.8     189.417
36.9     200.847
39     212.277
41.1     223.707
43.2     235.138
45.3     246.568
47.4     257.998
49.5     269.429
51.6     280.859
53.7     292.289
55.8     303.72
57.9     315.15
60     326.58
57.6     313.517
55.2     300.454
52.8     287.391
50.4     274.327
48     261.264
45.6     248.201
43.2     235.138
40.8     222.075
38.4     209.011
36     195.948
33.6     182.885
31.2     169.822
28.8     156.758
26.4     143.695
24     130.632
21.6     117.569
19.2     104.506
16.8     91.4425
14.4     78.3792
12     65.316
9.6     52.2528
7.2     39.1896
4.8     26.1264
2.4     13.0632
1.23457e-13     7.1476e-14
-2.4     -13.0632
-4.8     -26.1264
-7.2     -39.1896
-9.6     -52.2528
-12     -65.316
-14.4     -78.3792
-16.8     -91.4425
-19.2     -104.506
-21.6     -117.569
-24     -130.632
-26.4     -143.695
-28.8     -156.758
-31.2     -169.822
-33.6     -182.885
-36     -195.948
-38.4     -209.011
-40.8     -222.075
-43.2     -235.138
-45.6     -248.201
-48     -261.264
-50.4     -274.327
-52.8     -287.391
-55.2     -300.454
-57.6     -313.517
-60     -326.58
-57.6     -313.517
-55.2     -300.454
-52.8     -287.391
-50.4     -274.327
-48     -261.264
-45.6     -248.201
-43.2     -235.138
-40.8     -222.075
-38.4     -209.011
-36     -195.948
-33.6     -182.885
-31.2     -169.822
-28.8     -156.758
-26.4     -143.695
-24     -130.632
-21.6     -117.569
-19.2     -104.506
-16.8     -91.4425
-14.4     -78.3792
-12     -65.316
-9.6     -52.2528
-7.2     -39.1896
-4.8     -26.1264
-2.4     -13.0632
1.25233e-13     5.99293e-14
2.4     13.0632
4.8     26.1264
7.2     39.1896
9.6     52.2528
12     65.316
14.4     78.3792
16.8     91.4425
19.2     104.506
21.6     117.569
24     130.632
26.4     143.695
28.8     156.758
31.2     169.822
33.6     182.885
36     195.948
38.4     209.011
40.8     222.075
43.2     235.138
45.6     248.201
48     261.264
50.4     274.327
52.8     287.391
55.2     300.454
57.6     313.517
60     326.58
57.6     313.517
55.2     300.454
52.8     287.391
50.4     274.327
48     261.264
45.6     248.201
43.2     235.138
40.8     222.075
38.4     209.011
36     195.948
33.6     182.885
31.2     169.822
28.8     156.758
26.4     143.695
24     130.632
21.6     117.569
19.2     104.506
16.8     91.4425
14.4     78.3792
12     65.316
9.6     52.2528
7.2     39.1896
4.8     26.1264
2.4     13.0632
1.23457e-13     7.1476e-14
-2.4     -13.0632
-4.8     -26.1264
-7.2     -39.1896
-9.6     -52.2528
-12     -65.316
-14.4     -78.3792
-16.8     -91.4425
-19.2     -104.506
-21.6     -117.569
-24     -130.632
-26.4     -143.695
-28.8     -156.758
-31.2     -169.822
-33.6     -182.885
-36     -195.948
-38.4     -209.011
-40.8     -222.075
-43.2     -235.138
-45.6     -248.201
-48     -261.264
-50.4     -274.327
-52.8     -287.391
-55.2     -300.454
-57.6     -313.517
-60     -326.58
-57.6     -313.517
-55.2     -300.454
-52.8     -287.391
-50.4     -274.327
-48     -261.264
-45.6     -248.201
-43.2     -235.138
-40.8     -222.075
-38.4     -209.011
-36     -195.948
-33.6     -182.885
-31.2     -169.822
-28.8     -156.758
-26.4     -143.695
-24     -130.632
-21.6     -117.569
-19.2     -104.506
-16.8     -91.4425
-14.4     -78.3792
-12     -65.316
-9.6     -52.2528
-7.2     -39.1896
-4.8     -26.1264
-2.4     -13.0632
1.25233e-13     5.99293e-14
2.4     13.0632
4.8     26.1264
7.2     39.1896
9.6     52.2528
12     65.316
14.4     78.3792
16.8     91.4425
19.2     104.506
21.6     117.569
24     130.632
26.4     143.695
28.8     156.758
31.2     169.822
33.6     182.885
36     195.948
38.4     209.011
40.8     222.075
43.2     235.138
45.6     248.201
48     261.264
50.4     274.327
52.8     287.391
55.2     300.454
57.6     313.517
60     326.58
57.6     313.517
55.2     300.454
52.8     287.391
50.4     274.327
48     261.264
45.6     248.201
43.2     235.138
40.8     222.075
38.4     209.011
36     195.948
33.6     182.885
31.2     169.822
28.8     156.758
26.4     143.695
24     130.632
21.6     117.569
19.2     104.506
16.8     91.4425
14.4     78.3792
12     65.316
9.6     52.2528
7.2     39.1896
4.8     26.1264
2.4     13.0632
1.23457e-13     7.1476e-14
-2.4     -13.0632
-4.8     -26.1264
-7.2     -39.1896
-9.6     -52.2528
-12     -65.316
-14.4     -78.3792
-16.8     -91.4425
-19.2     -104.506
-21.6     -117.569
-24     -130.632
-26.4     -143.695
-28.8     -156.758
-31.2     -169.822
-33.6     -182.885
-36     -195.948
-38.4     -209.011
-40.8     -222.075
-43.2     -235.138
-45.6     -248.201
-48     -261.264
-50.4     -274.327
-52.8     -287.391
-55.2     -300.454
-57.6     -313.517
-60     -326.58
-57.6     -313.517
-55.2     -300.454
-52.8     -287.391
-50.4     -274.327
-48     -261.264
-45.6     -248.201
-43.2     -235.138
-40.8     -222.075
-38.4     -209.011
-36     -195.948
-33.6     -182.885
-31.2     -169.822
-28.8     -156.758
-26.4     -143.695
-24     -130.632
-21.6     -117.569
-19.2     -104.506
-16.8     -91.4425
-14.4     -78.3792
-12     -65.316
-9.6     -52.2528
-7.2     -39.1896
-4.8     -26.1264
-2.4     -13.0632
1.25233e-13     5.99293e-14
2.4     13.0632
4.8     26.1264
7.2     39.1896
9.6     52.2528
12     65.316
14.4     78.3792
16.8     91.4425
19.2     104.506
21.6     117.569
24     130.632
26.4     143.695
28.8     156.758
31.2     169.822
33.6     182.885
36     195.948
38.4     209.011
40.8     222.075
43.2     235.138
45.6     248.201
48     261.264
50.4     274.327
52.8     287.391
55.2     300.454
57.6     313.517
60     326.58
57.6     313.517
55.2     300.454
52.8     287.391
50.4     274.327
48     261.264
45.6     248.201
43.2     235.138
40.8     222.075
38.4     209.011
36     195.948
33.6     182.885
31.2     169.822
28.8     156.758
26.4     143.695
24     130.632
21.6     117.569
19.2     104.506
16.8     91.4425
14.4     78.3792
12     65.316
9.6     52.2528
7.2     39.1896
4.8     26.1264
2.4     13.0632
1.23457e-13     7.1476e-14
-2.4     -13.0632
-4.8     -26.1264
-7.2     -39.1896
-9.6     -52.2528
-12     -65.316
-14.4     -78.3792
-16.8     -91.4425
-19.2     -104.506
-21.6     -117.569
-24     -130.632
-26.4     -143.695
-28.8     -156.758
-31.2     -169.822
-33.6     -182.885
-36     -195.948
-38.4     -209.011
-40.8     -222.075
-43.2     -235.138
-45.6     -248.201
-48     -261.264
-50.4     -274.327
-52.8     -287.391
-55.2     -300.454
-57.6     -313.517
-60     -326.58
-57     -310.251
-54     -293.922
-51     -277.593
-48     -261.264
-45     -244.935
-42     -228.606
-39     -212.277
-36     -195.948
-33     -179.619
-30     -163.29
-27     -146.961
-24     -130.632
-21     -114.303
-18     -97.9741
-15     -81.6451
-12     -65.316
-9     -48.987
-6     -32.658
-3     -16.329
1.49214e-13     -1.10507e-13
3     16.329
6     32.658
9     48.987
12     65.316
15     81.6451
18     97.9741
21     114.303
24     130.632
27     146.961
30     163.29
33     179.619
36     195.948
39     212.277
42     228.606
45     244.935
48     261.264
51     277.593
54     293.922
57     310.251
60     326.58
63     342.909
66     359.238
69     375.567
72     391.896
75     408.225
78     424.554
81     440.883
84     457.212
87     473.541
90     489.87
86.4     470.275
82.8     450.681
79.2     431.086
75.6     411.491
72     391.896
68.4     372.301
64.8     352.707
61.2     333.112
57.6     313.517
54     293.922
50.4     274.327
46.8     254.733
43.2     235.138
39.6     215.543
36     195.948
32.4     176.353
28.8     156.758
25.2     137.164
21.6     117.569
18     97.9741
14.4     78.3792
10.8     58.7844
7.2     39.1896
3.6     19.5948
1.61204e-13     -6.44016e-14
-3.6     -19.5948
-7.2     -39.1896
-10.8     -58.7844
-14.4     -78.3792
-18     -97.9741
-21.6     -117.569
-25.2     -137.164
-28.8     -156.758
-32.4     -176.353
-36     -195.948
-39.6     -215.543
-43.2     -235.138
-46.8     -254.733
-50.4     -274.327
-54     -293.922
-57.6     -313.517
-61.2     -333.112
-64.8     -352.707
-68.4     -372.301
-72     -391.896
-75.6     -411.491
-79.2     -431.086
-82.8     -450.681
-86.4     -470.275
-90     -489.87
-86.4     -470.275
-82.8     -450.681
-79.2     -431.086
-75.6     -411.491
-72     -391.896
-68.4     -372.301
-64.8     -352.707
-61.2     -333.112
-57.6     -313.517
-54     -293.922
-50.4     -274.327
-46.8     -254.733
-43.2     -235.138
-39.6     -215.543
-36     -195.948
-32.4     -176.353
-28.8     -156.758
-25.2     -137.164
-21.6     -117.569
-18     -97.9741
-14.4     -78.3792
-10.8     -58.7844
-7.2     -39.1896
-3.6     -19.5948
1.65645e-13     4.6187e-14
3.6     19.5948
7.2     39.1896
10.8     58.7844
14.4     78.3792
18     97.9741
21.6     117.569
25.2     137.164
28.8     156.758
32.4     176.353
36     195.948
39.6     215.543
43.2     235.138
46.8     254.733
50.4     274.327
54     293.922
57.6     313.517
61.2     333.112
64.8     352.707
68.4     372.301
72     391.896
75.6     411.491
79.2     431.086
82.8     450.681
86.4     470.275
90     489.87
86.4     470.275
82.8     450.681
79.2     431.086
75.6     411.491
72     391.896
68.4     372.301
64.8     352.707
61.2     333.112
57.6     313.517
54     293.922
50.4     274.327
46.8     254.733
43.2     235.138
39.6     215.543
36     195.948
32.4     176.353
28.8     156.758
25.2     137.164
21.6     117.569
18     97.9741
14.4     78.3792
10.8     58.7844
7.2     39.1896
3.6     19.5948
1.61204e-13     -6.44016e-14
-3.6     -19.5948
-7.2     -39.1896
-10.8     -58.7844
-14.4     -78.3792
-18     -97.9741
-21.6     -117.569
-25.2     -137.164
-28.8     -156.758
-32.4     -176.353
-36     -195.948
-39.6     -215.543
-43.2     -235.138
-46.8     -254.733
-50.4     -274.327
-54     -293.922
-57.6     -313.517
-61.2     -333.112
-64.8     -352.707
-68.4     -372.301
-72     -391.896
-75.6     -411.491
-79.2     -431.086
-82.8     -450.681
-86.4     -470.275
-90     -489.87
-85.8     -467.01
-81.6     -444.149
-77.4     -421.288
-73.2     -398.428
-69     -375.567
-64.8     -352.707
-60.6     -329.846
-56.4     -306.985
-52.2     -284.125
-48     -261.264
-43.8     -238.404
-39.6     -215.543
-35.4     -192.682
-31.2     -169.822
-27     -146.961
-22.8     -124.1
-18.6     -101.24
-14.4     -78.3792
-10.2     -55.5186
-6     -32.658
-1.8     -9.79741
2.4     13.0632
6.6     35.9238
10.8     58.7844
15     81.6451
19.2     104.506
23.4     127.366
27.6     150.227
31.8     173.088
36     195.948
40.2     218.809
44.4     241.669
48.6     264.53
52.8     287.391
57     310.251
61.2     333.112
65.4     355.972
69.6     378.833
73.8     401.694
78     424.554
82.2     447.415
86.4     470.275
90.6     493.136
94.8     515.997
99     535.437
103.2     536.028
107.4     536.619
111.6     537.21
115.8     537.801
120     538.392
115.2     512.266
110.4     486.14
105.6     460.013
100.8     433.887
96     407.76
91.2     381.634
86.4     355.507
81.6     329.381
76.8     303.255
72     277.128
67.2     251.002
62.4     224.875
57.6     198.749
52.8     172.623
48     146.496
43.2     120.37
38.4     94.2433
33.6     68.1169
28.8     41.9905
24     15.864
19.2     -10.2624
14.4     -36.3888
9.6     -62.5152
4.8     -88.6416
3.17968e-13     -114.768
-4.8     -140.894
-9.6     -167.021
-14.4     -193.147
-19.2     -219.274
-24     -245.4
-28.8     -271.527
-33.6     -297.653
-38.4     -323.779
-43.2     -349.906
-48     -376.032
-52.8     -402.159
-57.6     -428.285
-62.4     -454.411
-67.2     -480.538
-72     -506.664
-76.8     -532.313
-81.6     -532.989
-86.4     -533.664
-91.2     -534.34
-96     -535.015
-100.8     -535.69
-105.6     -536.366
-110.4     -537.041
-115.2     -537.717
-120     -538.392
-115.2     -512.266
-110.4     -486.14
-105.6     -460.013
-100.8     -433.887
-96     -407.76
-91.2     -381.634
-86.4     -355.507
-81.6     -329.381
-76.8     -303.255
-72     -277.128
-67.2     -251.002
-62.4     -224.875
-57.6     -198.749
-52.8     -172.623
-48     -146.496
-43.2     -120.37
-38.4     -94.2433
-33.6     -68.1169
-28.8     -41.9905
-24     -15.864
-19.2     10.2624
-14.4     36.3888
-9.6     62.5152
-4.8     88.6416
3.21521e-13     114.768
4.8     140.894
9.6     167.021
14.4     193.147
19.2     219.274
24     245.4
28.8     271.527
33.6     297.653
38.4     323.779
43.2     349.906
48     376.032
52.8     402.159
57.6     428.285
62.4     454.411
67.2     480.538
72     506.664
76.8     532.313
81.6     532.989
86.4     533.664
91.2     534.34
96     535.015
100.8     535.69
105.6     536.366
110.4     537.041
115.2     537.717
120     538.392
115.2     512.266
110.4     486.14
105.6     460.013
100.8     433.887
96     407.76
91.2     381.634
86.4     355.507
81.6     329.381
76.8     303.255
72     277.128
67.2     251.002
62.4     224.875
57.6     198.749
52.8     172.623
48     146.496
43.2     120.37
38.4     94.2433
33.6     68.1169
28.8     41.9905
24     15.864
19.2     -10.2624
14.4     -36.3888
9.6     -62.5152
4.8     -88.6416
3.17968e-13     -114.768
-4.8     -140.894
-9.6     -167.021
-14.4     -193.147
-19.2     -219.274
-24     -245.4
-28.8     -271.527
-33.6     -297.653
-38.4     -323.779
-43.2     -349.906
-48     -376.032
-52.8     -402.159
-57.6     -428.285
-62.4     -454.411
-67.2     -480.538
-72     -506.664
-76.8     -532.313
-81.6     -532.989
-86.4     -533.664
-91.2     -534.34
-96     -535.015
-100.8     -535.69
-105.6     -536.366
-110.4     -537.041
-115.2     -537.717
-120     -538.392
-114     -505.734
-108     -473.076
-102     -440.418
-96     -407.76
-90     -375.102
-84     -342.444
-78     -309.786
-72     -277.128
-66     -244.47
-60     -211.812
-54     -179.154
-48     -146.496
-42     -113.838
-36     -81.1801
-30     -48.5221
-24     -15.864
-18     16.794
-12     49.452
-6     82.11
3.69482e-13     114.768
6     147.426
12     180.084
18     212.742
24     245.4
30     278.058
36     310.716
42     343.374
48     376.032
54     408.69
60     441.348
66     474.006
72     506.664
78     532.482
84     533.326
90     534.171
96     535.015
102     535.859
108     536.704
114     537.548
120     538.392
126     539.237
132     540.081
138     540.925
144     541.77
150     542.614
156     543.458
162     544.303
168     545.147
174     545.991
180     546.836
172.8     507.646
165.6     468.456
158.4     429.267
151.2     390.077
144     350.888
136.8     311.698
129.6     272.508
122.4     233.319
115.2     194.129
108     154.939
100.8     115.75
93.6     76.5602
86.4     37.3705
79.2     -1.8191
72     -41.0087
64.8     -80.1983
57.6     -119.388
50.4     -158.578
43.2     -197.767
36     -236.957
28.8     -276.146
21.6     -315.336
14.4     -354.526
7.2     -393.715
4.07674e-13     -432.905
-7.2     -472.095
-14.4     -511.284
-21.6     -524.545
-28.8     -525.559
-36     -526.572
-43.2     -527.585
-50.4     -528.598
-57.6     -529.611
-64.8     -530.625
-72     -531.638
-79.2     -532.651
-86.4     -533.664
-93.6     -534.677
-100.8     -535.69
-108     -536.704
-115.2     -537.717
-122.4     -538.73
-129.6     -539.743
-136.8     -540.756
-144     -541.77
-151.2     -542.783
-158.4     -543.796
-165.6     -544.809
-172.8     -545.822
-180     -546.836
-172.8     -507.646
-165.6     -468.456
-158.4     -429.267
-151.2     -390.077
-144     -350.888
-136.8     -311.698
-129.6     -272.508
-122.4     -233.319
-115.2     -194.129
-108     -154.939
-100.8     -115.75
-93.6     -76.5602
-86.4     -37.3705
-79.2     1.8191
-72     41.0087
-64.8     80.1983
-57.6     119.388
-50.4     158.578
-43.2     197.767
-36     236.957
-28.8     276.146
-21.6     315.336
-14.4     354.526
-7.2     393.715
4.16556e-13     432.905
7.2     472.095
14.4     511.284
21.6     524.545
28.8     525.559
36     526.572
43.2     527.585
50.4     528.598
57.6     529.611
64.8     530.625
72     531.638
79.2     532.651
86.4     533.664
93.6     534.677
100.8     535.69
108     536.704
115.2     537.717
122.4     538.73
129.6     539.743
136.8     540.756
144     541.77
151.2     542.783
158.4     543.796
165.6     544.809
172.8     545.822
180     546.836
172.8     507.646
165.6     468.456
158.4     429.267
151.2     390.077
144     350.888
136.8     311.698
129.6     272.508
122.4     233.319
115.2     194.129
108     154.939
100.8     115.75
93.6     76.5602
86.4     37.3705
79.2     -1.8191
72     -41.0087
64.8     -80.1983
57.6     -119.388
50.4     -158.578
43.2     -197.767
36     -236.957
28.8     -276.146
21.6     -315.336
14.4     -354.526
7.2     -393.715
4.07674e-13     -432.905
-7.2     -472.095
-14.4     -511.284
-21.6     -524.545
-28.8     -525.559
-36     -526.572
-43.2     -527.585
-50.4     -528.598
-57.6     -529.611
-64.8     -530.625
-72     -531.638
-79.2     -532.651
-86.4     -533.664
-93.6     -534.677
-100.8     -535.69
-108     -536.704
-115.2     -537.717
-122.4     -538.73
-129.6     -539.743
-136.8     -540.756
-144     -541.77
-151.2     -542.783
-158.4     -543.796
-165.6     -544.809
-172.8     -545.822
-180     -546.836
-171.6     -501.114
-163.2     -455.393
-154.8     -409.672
-146.4     -363.951
-138     -318.229
-129.6     -272.508
-121.2     -226.787
-112.8     -181.066
-104.4     -135.345
-96     -89.6234
-87.6     -43.9021
-79.2     1.8191
-70.8     47.5403
-62.4     93.2616
-54     138.983
-45.6     184.704
-37.2     230.425
-28.8     276.146
-20.4     321.868
-12     367.589
-3.6     413.31
4.8     459.031
13.2     504.753
21.6     524.545
30     525.727
38.4     526.909
46.8     528.092
55.2     529.274
63.6     530.456
72     531.638
80.4     532.82
88.8     534.002
97.2     535.184
105.6     536.366
114     537.548
122.4     538.73
130.8     539.912
139.2     541.094
147.6     542.276
156     543.458
164.4     544.64
172.8     545.822
181.2     547.005
189.6     548.187
198     549.369
206.4     550.551
214.8     551.733
223.2     552.915
231.6     554.097
240     555.279
230.4     503.026
220.8     450.773
211.2     398.52
201.6     346.268
192     294.015
182.4     241.762
172.8     189.509
163.2     137.256
153.6     85.0034
144     32.7506
134.4     -19.5022
124.8     -71.7551
115.2     -124.008
105.6     -176.261
96     -228.514
86.4     -280.766
76.8     -333.019
67.2     -385.272
57.6     -437.525
48     -489.778
38.4     -516.102
28.8     -517.453
19.2     -518.804
9.6     -520.155
7.21201e-13     -521.506
-9.6     -522.857
-19.2     -524.208
-28.8     -525.559
-38.4     -526.909
-48     -528.26
-57.6     -529.611
-67.2     -530.962
-76.8     -532.313
-86.4     -533.664
-96     -535.015
-105.6     -536.366
-115.2     -537.717
-124.8     -539.068
-134.4     -540.419
-144     -541.77
-153.6     -543.121
-163.2     -544.471
-172.8     -545.822
-182.4     -547.173
-192     -548.524
-201.6     -549.875
-211.2     -551.226
-220.8     -552.577
-230.4     -553.928
-240     -555.279
-230.4     -503.026
-220.8     -450.773
-211.2     -398.52
-201.6     -346.268
-192     -294.015
-182.4     -241.762
-172.8     -189.509
-163.2     -137.256
-153.6     -85.0034
-144     -32.7506
-134.4     19.5022
-124.8     71.7551
-115.2     124.008
-105.6     176.261
-96     228.514
-86.4     280.766
-76.8     333.019
-67.2     385.272
-57.6     437.525
-48     489.778
-38.4     516.102
-28.8     517.453
-19.2     518.804
-9.6     520.155
7.28306e-13     521.506
9.6     522.857
19.2     524.208
28.8     525.559
38.4     526.909
48     528.26
57.6     529.611
67.2     530.962
76.8     532.313
86.4     533.664
96     535.015
105.6     536.366
115.2     537.717
124.8     539.068
134.4     540.419
144     541.77
153.6     543.121
163.2     544.471
172.8     545.822
182.4     547.173
192     548.524
201.6     549.875
211.2     551.226
220.8     552.577
230.4     553.928
240     555.279
230.4     503.026
220.8     450.773
211.2     398.52
201.6     346.268
192     294.015
182.4     241.762
172.8     189.509
163.2     137.256
153.6     85.0034
144     32.7506
134.4     -19.5022
124.8     -71.7551
115.2     -124.008
105.6     -176.261
96     -228.514
86.4     -280.766
76.8     -333.019
67.2     -385.272
57.6     -437.525
48     -489.778
38.4     -516.102
28.8     -517.453
19.2     -518.804
9.6     -520.155
7.21201e-13     -521.506
-9.6     -522.857
-19.2     -524.208
-28.8     -525.559
-38.4     -526.909
-48     -528.26
-57.6     -529.611
-67.2     -530.962
-76.8     -532.313
-86.4     -533.664
-96     -535.015
-105.6     -536.366
-115.2     -537.717
-124.8     -539.068
-134.4     -540.419
-144     -541.77
-153.6     -543.121
-163.2     -544.471
-172.8     -545.822
-182.4     -547.173
-192     -548.524
-201.6     -549.875
-211.2     -551.226
-220.8     -552.577
-230.4     -553.928
-240     -555.279
-229.2     -496.494
-218.4     -437.71
-207.6     -378.926
-196.8     -320.141
-186     -261.357
-175.2     -202.572
-164.4     -143.788
-153.6     -85.0034
-142.8     -26.219
-132     32.5654
-121.2     91.3499
-110.4     150.134
-99.6     208.919
-88.8     267.703
-78     326.488
-67.2     385.272
-56.4     444.056
-45.6     502.841
-34.8     516.609
-24     518.128
-13.2     519.648
-2.4     521.168
8.4     522.688
19.2     524.208
30     525.727
40.8     527.247
51.6     528.767
62.4     530.287
73.2     531.807
84     533.326
94.8     534.846
105.6     536.366
116.4     537.886
127.2     539.406
138     540.925
148.8     542.445
159.6     543.965
170.4     545.485
181.2     547.005
192     548.524
202.8     550.044
213.6     551.564
224.4     553.084
235.2     554.603
246     556.123
256.8     557.643
267.6     559.163
278.4     560.683
289.2     562.202
300     563.722
288     498.406
276     433.09
264     367.774
252     302.458
240     237.142
228     171.826
216     106.51
204     41.1939
192     -24.1222
180     -89.4382
168     -154.754
156     -220.07
144     -285.386
132     -350.702
120     -416.018
108     -481.334
96     -507.997
84     -509.685
72     -511.374
60     -513.062
48     -514.751
36     -516.44
24     -518.128
12     -519.817
1.08002e-12     -521.506
-12     -523.194
-24     -524.883
-36     -526.572
-48     -528.26
-60     -529.949
-72     -531.638
-84     -533.326
-96     -535.015
-108     -536.704
-120     -538.392
-132     -540.081
-144     -541.77
-156     -543.458
-168     -545.147
-180     -546.836
-192     -548.524
-204     -550.213
-216     -551.902
-228     -553.59
-240     -555.279
-252     -556.968
-264     -558.656
-276     -560.345
-288     -562.034
-300     -563.722
-288     -498.406
-276     -433.09
-264     -367.774
-252     -302.458
-240     -237.142
-228     -171.826
-216     -106.51
-204     -41.1939
-192     24.1222
-180     89.4382
-168     154.754
-156     220.07
-144     285.386
-132     350.702
-120     416.018
-108     481.334
-96     507.997
-84     509.685
-72     511.374
-60     513.062
-48     514.751
-36     516.44
-24     518.128
-12     519.817
1.08002e-12     521.506
12     523.194
24     524.883
36     526.572
48     528.26
60     529.949
72     531.638
84     533.326
96     535.015
108     536.704
120     538.392
132     540.081
144     541.77
156     543.458
168     545.147
180     546.836
192     548.524
204     550.213
216     551.902
228     553.59
240     555.279
252     556.968
264     558.656
276     560.345
288     562.034
300     563.722
288     498.406
276     433.09
264     367.774
252     302.458
240     237.142
228     171.826
216     106.51
204     41.1939
192     -24.1222
180     -89.4382
168     -154.754
156     -220.07
144     -285.386
132     -350.702
120     -416.018
108     -481.334
96     -507.997
84     -509.685
72     -511.374
60     -513.062
48     -514.751
36     -516.44
24     -518.128
12     -519.817
1.08002e-12     -521.506
-12     -523.194
-24     -524.883
-36     -526.572
-48     -528.26
-60     -529.949
-72     -531.638
-84     -533.326
-96     -535.015
-108     -536.704
-120     -538.392
-132     -540.081
-144     -541.77
-156     -543.458
-168     -545.147
-180     -546.836
-192     -548.524
-204     -550.213
-216     -551.902
-228     -553.59
-240     -555.279
-252     -556.968
-264     -558.656
-276     -560.345
-288     -562.034
-300     -563.722
-294     -531.064
-288     -498.406
-282     -465.748
-276     -433.09
-270     -400.432
-264     -367.774
-258     -335.116
-252     -302.458
-246     -269.8
-240     -237.142
-234     -204.484
-228     -171.826
-222     -139.168
-216     -106.51
-210     -73.8519
-204     -41.1939
-198     -8.53586
-192     24.1222
-186     56.7802
-180     89.4382
-174     122.096
-168     154.754
-162     187.412
-156     220.07
-150     252.728
-144     285.386
-138     318.044
-132     350.702
-126     383.36
-120     416.018
-114     448.676
-108     481.334
-102     507.152
-96     507.997
-90     508.841
-84     509.685
-78     510.53
-72     511.374
-66     512.218
-60     513.062
-54     513.907
-48     514.751
-42     515.596
-36     516.44
-30     517.284
-24     518.128
-18     518.973
-12     519.817
-6     520.661
1.08002e-12     521.506
