L_Link_disp     L_Link_shear
0     0
-3.2703e-05     -21.3827
-6.5406e-05     -42.7655
-9.8109e-05     -64.1482
-0.000130812     -85.531
-0.000163515     -106.914
-0.000196218     -128.296
-0.000228921     -149.679
-0.000261624     -171.062
-0.000294327     -192.445
-0.00032703     -213.827
-0.000359733     -235.21
-0.000392436     -256.593
-0.000425139     -277.976
-0.000457842     -299.358
-0.000490545     -320.741
-0.000523248     -342.124
-0.000555951     -363.507
-0.000588654     -384.889
-0.000621357     -406.272
-0.00065406     -427.655
-0.000686763     -449.038
-0.000719466     -470.42
-0.000752169     -491.803
-0.000784872     -513.186
-0.000817575     -534.568
-0.000850278     -555.951
-0.000882981     -577.334
-0.000915684     -598.717
-0.000948387     -620.099
-0.00098109     -641.482
-0.00101379     -662.865
-0.0010465     -684.248
-0.0010792     -705.63
-0.0011119     -727.013
-0.00114461     -748.396
-0.00117731     -769.779
-0.00121001     -791.161
-0.00124271     -812.544
-0.00127542     -833.927
-0.00130812     -855.31
-0.00134082     -876.692
-0.00137353     -898.075
-0.00140623     -919.458
-0.00143893     -940.841
-0.00147164     -962.223
-0.00150434     -983.606
-0.00153704     -1004.99
-0.00156974     -1026.37
-0.00160245     -1047.75
-0.00163515     -1069.14
-0.00166785     -1090.52
-0.00170056     -1111.9
-0.00173326     -1133.29
-0.00176596     -1154.67
-0.00179867     -1176.05
-0.00183137     -1197.43
-0.00186407     -1218.82
-0.00189677     -1240.2
-0.00192948     -1261.58
-0.00196218     -1282.96
-0.00199488     -1304.35
-0.00202759     -1325.73
-0.00206029     -1347.11
-0.00209299     -1368.5
-0.0021257     -1389.88
-0.0021584     -1411.26
-0.0021911     -1432.64
-0.0022238     -1454.03
-0.00225651     -1475.41
-0.00228921     -1496.79
-0.00232191     -1518.17
-0.00235462     -1539.56
-0.00238732     -1560.94
-0.00242002     -1582.32
-0.00245273     -1603.71
-0.00248543     -1625.09
-0.00251813     -1646.47
-0.00255084     -1667.85
-0.00258354     -1689.24
-0.00261624     -1710.62
-0.00264894     -1732
-0.00268165     -1753.38
-0.00271435     -1774.76
-0.00274703     -1796.13
-0.00277971     -1817.41
-0.00281265     -1838.43
-0.00284689     -1858.74
-0.00288493     -1877.57
-0.0029306     -1894.1
-0.0029874     -1907.99
-0.00305713     -1919.44
-0.00314012     -1928.94
-0.00323589     -1936.92
-0.00334363     -1943.75
-0.00346243     -1949.68
-0.00359131     -1954.89
-0.00372933     -1959.52
-0.00387561     -1963.68
-0.0040293     -1967.44
-0.00418966     -1970.87
-0.00412426     -1928.11
-0.00405885     -1885.34
-0.00399344     -1842.57
-0.00392804     -1799.81
-0.00386263     -1757.04
-0.00379723     -1714.28
-0.00373182     -1671.51
-0.00366641     -1628.75
-0.00360101     -1585.98
-0.0035356     -1543.22
-0.0034702     -1500.45
-0.00340479     -1457.69
-0.00333938     -1414.92
-0.00327398     -1372.15
-0.00320857     -1329.39
-0.00314317     -1286.62
-0.00307776     -1243.86
-0.00301235     -1201.09
-0.00294695     -1158.33
-0.00288154     -1115.56
-0.00281614     -1072.8
-0.00275073     -1030.03
-0.00268532     -987.265
-0.00261992     -944.5
-0.00255451     -901.734
-0.00248911     -858.969
-0.0024237     -816.203
-0.00235829     -773.438
-0.00229289     -730.672
-0.00222748     -687.907
-0.00216208     -645.141
-0.00209667     -602.376
-0.00203126     -559.611
-0.00196586     -516.845
-0.00190045     -474.08
-0.00183505     -431.314
-0.00176964     -388.549
-0.00170423     -345.783
-0.00163883     -303.018
-0.00157342     -260.252
-0.00150802     -217.487
-0.00144261     -174.721
-0.0013772     -131.956
-0.0013118     -89.1903
-0.00124639     -46.4248
-0.00118099     -3.65933
-0.00111558     39.1062
-0.00105017     81.8716
-0.000984767     124.637
-0.000919361     167.403
-0.000853955     210.168
-0.000788549     252.934
-0.000723143     295.699
-0.000657737     338.465
-0.000592331     381.23
-0.000526925     423.995
-0.000461519     466.761
-0.000396113     509.526
-0.000330707     552.292
-0.000265301     595.057
-0.000199895     637.823
-0.000134489     680.588
-6.90827e-05     723.354
-3.67663e-06     766.119
6.17294e-05     808.885
0.000127135     851.65
0.000192541     894.416
0.000257947     937.181
0.000323353     979.947
0.00038876     1022.71
0.000454166     1065.48
0.000519572     1108.24
0.000584978     1151.01
0.000650384     1193.77
0.00071579     1236.54
0.000781196     1279.31
0.000846602     1322.07
0.000912008     1364.84
0.000977414     1407.6
0.00104282     1450.37
0.00110823     1493.13
0.00117363     1535.9
0.00123898     1578.63
0.00130413     1621.13
0.0013693     1662.57
0.00143795     1700.76
0.0015199     1732.89
0.00162679     1758.15
0.00176517     1777.82
0.00193674     1793.5
0.00214054     1806.36
0.00237426     1817.15
0.00263499     1826.37
0.00291964     1834.37
0.00322521     1841.4
0.00354898     1847.64
0.00388849     1853.24
0.00424163     1858.29
0.00460659     1862.88
0.00498181     1867.09
0.0049164     1824.32
0.004851     1781.56
0.00478559     1738.79
0.00472018     1696.03
0.00465478     1653.26
0.00458937     1610.5
0.00452397     1567.73
0.00445856     1524.97
0.00439315     1482.2
0.00432775     1439.44
0.00426234     1396.67
0.00419693     1353.9
0.00413153     1311.14
0.00406612     1268.37
0.00400072     1225.61
0.00393531     1182.84
0.0038699     1140.08
0.0038045     1097.31
0.00373909     1054.55
0.00367369     1011.78
0.00360828     969.015
0.00354287     926.249
0.00347747     883.484
0.00341206     840.718
0.00334666     797.953
0.00328125     755.188
0.00321584     712.422
0.00315044     669.657
0.00308503     626.891
0.00301963     584.126
0.00295422     541.36
0.00288881     498.595
0.00282341     455.829
0.002758     413.064
0.0026926     370.298
0.00262719     327.533
0.00256178     284.767
0.00249638     242.002
0.00243097     199.236
0.00236557     156.471
0.00230016     113.705
0.00223475     70.9398
0.00216935     28.1744
0.00210394     -14.5911
0.00203854     -57.3566
0.00197313     -100.122
0.00190772     -142.888
0.00184232     -185.653
0.00177691     -228.419
0.00171151     -271.184
0.0016461     -313.949
0.00158069     -356.715
0.00151529     -399.48
0.00144988     -442.246
0.00138448     -485.011
0.00131907     -527.777
0.00125366     -570.542
0.00118826     -613.308
0.00112285     -656.073
0.00105745     -698.839
0.00099204     -741.604
0.000926634     -784.37
0.000861228     -827.135
0.000795822     -869.901
0.000730416     -912.666
0.00066501     -955.432
0.000599604     -998.197
0.000534198     -1040.96
0.000468792     -1083.73
0.000403386     -1126.49
0.000337979     -1169.26
0.000272573     -1212.02
0.000207167     -1254.79
0.000141761     -1297.56
7.63554e-05     -1340.32
1.09494e-05     -1383.09
-5.44566e-05     -1425.85
-0.000119863     -1468.62
-0.000185269     -1511.38
-0.000250675     -1554.15
-0.000316081     -1596.91
-0.000381479     -1639.67
-0.000446759     -1682.35
-0.00051143     -1724.43
-0.000575605     -1763.88
-0.000644943     -1797.07
-0.000731504     -1822.54
-0.000845259     -1841.9
-0.000991167     -1857.13
-0.00117065     -1869.52
-0.00138281     -1879.86
-0.00162531     -1888.65
-0.00189508     -1896.25
-0.00218885     -1902.88
-0.00250344     -1908.74
-0.00283598     -1913.96
-0.00318395     -1918.64
-0.00354517     -1922.89
-0.00391779     -1926.75
-0.00430025     -1930.3
-0.00423485     -1887.53
-0.00416944     -1844.77
-0.00410404     -1802
-0.00403863     -1759.23
-0.00397322     -1716.47
-0.00390782     -1673.7
-0.00384241     -1630.94
-0.00377701     -1588.17
-0.0037116     -1545.41
-0.00364619     -1502.64
-0.00358079     -1459.88
-0.00351538     -1417.11
-0.00344998     -1374.34
-0.00338457     -1331.58
-0.00331916     -1288.81
-0.00325376     -1246.05
-0.00318835     -1203.28
-0.00312295     -1160.52
-0.00305754     -1117.75
-0.00299213     -1074.99
-0.00292673     -1032.22
-0.00286132     -989.455
-0.00279592     -946.69
-0.00273051     -903.924
-0.0026651     -861.159
-0.0025997     -818.393
-0.00253429     -775.628
-0.00246889     -732.863
-0.00240348     -690.097
-0.00233807     -647.332
-0.00227267     -604.566
-0.00220726     -561.801
-0.00214186     -519.035
-0.00207645     -476.27
-0.00201104     -433.504
-0.00194564     -390.739
-0.00188023     -347.973
-0.00181483     -305.208
-0.00174942     -262.442
-0.00168401     -219.677
-0.00161861     -176.911
-0.0015532     -134.146
-0.0014878     -91.3804
-0.00142239     -48.6149
-0.00135698     -5.84942
-0.00129158     36.9161
-0.00122617     79.6815
-0.00116076     122.447
-0.00109536     165.212
-0.00102995     207.978
-0.000964547     250.743
-0.000899141     293.509
-0.000833735     336.274
-0.000768329     379.04
-0.000702923     421.805
-0.000637517     464.571
-0.000572111     507.336
-0.000506705     550.102
-0.000441299     592.867
-0.000375893     635.633
-0.000310487     678.398
-0.000245081     721.164
-0.000179674     763.929
-0.000114268     806.695
-4.88624e-05     849.46
1.65436e-05     892.226
8.19496e-05     934.991
0.000147356     977.757
0.000212762     1020.52
0.000278168     1063.29
0.000343574     1106.05
0.00040898     1148.82
0.000474386     1191.58
0.000539792     1234.35
0.000605198     1277.11
0.000670604     1319.88
0.00073601     1362.65
0.000801416     1405.41
0.000866822     1448.18
0.000932228     1490.94
0.000997634     1533.71
0.00106304     1576.47
0.00112837     1619.19
0.00119337     1661.56
0.00125821     1702.39
0.00132693     1738.84
0.00140999     1768.31
0.00151813     1791.01
0.00165701     1808.73
0.00182833     1822.97
0.00203145     1834.76
0.00226433     1844.73
0.00252423     1853.29
0.00280816     1860.76
0.00311315     1867.34
0.00343645     1873.19
0.00377563     1878.45
0.00412854     1883.2
0.00449336     1887.53
0.0048685     1891.49
0.00477039     1827.34
0.00467228     1763.2
0.00457417     1699.05
0.00447606     1634.9
0.00437795     1570.75
0.00427984     1506.6
0.00418173     1442.45
0.00408362     1378.31
0.00398551     1314.16
0.00388741     1250.01
0.0037893     1185.86
0.00369119     1121.71
0.00359308     1057.57
0.00349497     993.417
0.00339686     929.269
0.00329875     865.121
0.00320064     800.973
0.00310253     736.825
0.00300442     672.676
0.00290632     608.528
0.00280821     544.38
0.0027101     480.232
0.00261199     416.083
0.00251388     351.935
0.00241577     287.787
0.00231766     223.639
0.00221955     159.491
0.00212144     95.3424
0.00202333     31.1942
0.00192522     -32.954
0.00182712     -97.1023
0.00172901     -161.25
0.0016309     -225.399
0.00153279     -289.547
0.00143468     -353.695
0.00133657     -417.843
0.00123846     -481.992
0.00114035     -546.14
0.00104224     -610.288
0.000944134     -674.436
0.000846025     -738.584
0.000747916     -802.733
0.000649807     -866.881
0.000551698     -931.029
0.000453589     -995.177
0.00035548     -1059.33
0.000257371     -1123.47
0.000159262     -1187.62
6.11531e-05     -1251.77
-3.6956e-05     -1315.92
-0.000135065     -1380.07
-0.000233174     -1444.21
-0.000331283     -1508.36
-0.000429392     -1572.51
-0.000527474     -1636.64
-0.000624953     -1700.22
-0.000722721     -1758.66
-0.000844375     -1802.4
-0.00102627     -1831.73
-0.00128263     -1852.47
-0.00161208     -1868.12
-0.00200608     -1880.47
-0.00245384     -1890.52
-0.00294506     -1898.91
-0.00347099     -1906.03
-0.00402465     -1912.2
-0.00460055     -1917.61
-0.00519445     -1922.41
-0.00580305     -1926.71
-0.00642377     -1930.6
-0.00705459     -1934.16
-0.00769391     -1937.42
-0.00834043     -1940.43
-0.00899312     -1943.22
-0.00965111     -1945.83
-0.0103137     -1948.28
-0.0109803     -1950.57
-0.0116505     -1952.74
-0.0123238     -1954.79
-0.0129998     -1956.73
-0.0136784     -1958.58
-0.0143591     -1960.35
-0.0150419     -1962.03
-0.0157265     -1963.65
-0.0164127     -1965.2
-0.0171004     -1966.68
-0.0177894     -1968.11
-0.0184798     -1969.49
-0.0191712     -1970.82
-0.0198637     -1972.11
-0.0205572     -1973.35
-0.0212516     -1974.55
-0.0219469     -1975.72
-0.0226429     -1976.85
-0.0233396     -1977.95
-0.024037     -1979.02
-0.0247351     -1980.05
-0.0254337     -1981.07
-0.0261329     -1982.05
-0.0268326     -1983.01
-0.0267018     -1897.48
-0.026571     -1811.95
-0.0264402     -1726.42
-0.0263094     -1640.89
-0.0261786     -1555.36
-0.0260477     -1469.83
-0.0259169     -1384.3
-0.0257861     -1298.76
-0.0256553     -1213.23
-0.0255245     -1127.7
-0.0253937     -1042.17
-0.0252629     -956.641
-0.0251321     -871.11
-0.0250013     -785.579
-0.0248704     -700.048
-0.0247396     -614.517
-0.0246088     -528.986
-0.024478     -443.455
-0.0243472     -357.924
-0.0242164     -272.393
-0.0240856     -186.862
-0.0239548     -101.331
-0.0238239     -15.8002
-0.0236931     69.7307
-0.0235623     155.262
-0.0234315     240.793
-0.0233007     326.324
-0.0231699     411.855
-0.0230391     497.385
-0.0229083     582.916
-0.0227774     668.447
-0.0226466     753.978
-0.0225158     839.509
-0.022385     925.04
-0.0222542     1010.57
-0.0221234     1096.1
-0.0219926     1181.63
-0.0218618     1267.16
-0.0217309     1352.7
-0.0216001     1438.23
-0.0214693     1523.76
-0.0213389     1608.99
-0.0212074     1688.5
-0.0210336     1745.68
-0.0207561     1781.26
-0.0203613     1805.39
-0.0198604     1823.18
-0.0192725     1836.98
-0.0186166     1848.1
-0.0179084     1857.31
-0.0171599     1865.12
-0.01638     1871.85
-0.0155757     1877.76
-0.0147517     1883
-0.0139119     1887.7
-0.0130591     1891.96
-0.0121957     1895.85
-0.0113233     1899.42
-0.0104433     1902.73
-0.00955681     1905.8
-0.00866478     1908.67
-0.00776793     1911.36
-0.00686687     1913.9
-0.00596211     1916.29
-0.00505408     1918.56
-0.00414314     1920.71
-0.0032296     1922.76
-0.00231373     1924.72
-0.00139577     1926.6
-0.0004759     1928.39
0.000445693     1930.11
0.00136886     1931.77
0.00229346     1933.37
0.00321939     1934.9
0.00414653     1936.39
0.00507479     1937.83
0.00600408     1939.22
0.00693433     1940.56
0.00786548     1941.87
0.00879745     1943.14
0.0097302     1944.37
0.0106637     1945.57
0.0115978     1946.74
0.0125326     1947.88
0.013468     1948.99
0.014404     1950.07
0.0153404     1951.13
0.0162774     1952.16
0.0172149     1953.17
0.0181528     1954.15
0.0190911     1955.12
0.0200298     1956.06
0.0209689     1956.99
0.0219084     1957.9
0.0228482     1958.78
0.0237884     1959.66
0.0247289     1960.51
0.0256696     1961.35
0.0266107     1962.18
0.027552     1962.99
0.0274212     1877.46
0.0272904     1791.93
0.0271596     1706.4
0.0270288     1620.86
0.026898     1535.33
0.0267672     1449.8
0.0266364     1364.27
0.0265055     1278.74
0.0263747     1193.21
0.0262439     1107.68
0.0261131     1022.15
0.0259823     936.617
0.0258515     851.086
0.0257207     765.555
0.0255899     680.024
0.025459     594.493
0.0253282     508.962
0.0251974     423.431
0.0250666     337.9
0.0249358     252.369
0.024805     166.838
0.0246742     81.3073
0.0245434     -4.22365
0.0244126     -89.7546
0.0242817     -175.286
0.0241509     -260.817
0.0240201     -346.347
0.0238893     -431.878
0.0237585     -517.409
0.0236277     -602.94
0.0234969     -688.471
0.0233661     -774.002
0.0232352     -859.533
0.0231044     -945.064
0.0229736     -1030.6
0.0228428     -1116.13
0.022712     -1201.66
0.0225812     -1287.19
0.0224504     -1372.72
0.0223196     -1458.25
0.0221887     -1543.78
0.0220583     -1628.99
0.021926     -1707.99
0.0217436     -1763.83
0.0214468     -1798.25
0.0210269     -1821.48
0.0204994     -1838.52
0.0198865     -1851.72
0.0192082     -1862.33
0.0184803     -1871.11
0.0177146     -1878.55
0.0169199     -1884.98
0.0161025     -1890.61
0.015267     -1895.62
0.0144171     -1900.11
0.0135552     -1904.19
0.0126836     -1907.91
0.0118038     -1911.34
0.0109171     -1914.51
0.0100245     -1917.45
0.00912686     -1920.21
0.00822482     -1922.8
0.00731894     -1925.23
0.0064097     -1927.53
0.00549749     -1929.72
0.00458264     -1931.79
0.00366543     -1933.76
0.00274611     -1935.65
0.00182488     -1937.46
0.000901934     -1939.19
-2.25806e-05     -1940.85
-0.000948522     -1942.45
-0.00187577     -1943.99
-0.00280421     -1945.47
-0.00373375     -1946.91
-0.0046643     -1948.29
-0.0055958     -1949.64
-0.00652816     -1950.94
-0.00746133     -1952.2
-0.00839525     -1953.43
-0.00932988     -1954.62
-0.0102652     -1955.78
-0.0112011     -1956.91
-0.0121375     -1958.01
-0.0130745     -1959.09
-0.0140121     -1960.13
-0.0149501     -1961.16
-0.0158885     -1962.16
-0.0168274     -1963.13
-0.0177667     -1964.09
-0.0187064     -1965.02
-0.0196464     -1965.94
-0.0205868     -1966.84
-0.0215275     -1967.72
-0.0224685     -1968.58
-0.0234099     -1969.42
-0.0243515     -1970.25
-0.0252934     -1971.07
-0.0262355     -1971.87
-0.0271779     -1972.66
-0.0270471     -1887.13
-0.0269163     -1801.59
-0.0267855     -1716.06
-0.0266547     -1630.53
-0.0265239     -1545
-0.026393     -1459.47
-0.0262622     -1373.94
-0.0261314     -1288.41
-0.0260006     -1202.88
-0.0258698     -1117.35
-0.025739     -1031.82
-0.0256082     -946.285
-0.0254774     -860.754
-0.0253465     -775.223
-0.0252157     -689.692
-0.0250849     -604.161
-0.0249541     -518.63
-0.0248233     -433.099
-0.0246925     -347.568
-0.0245617     -262.037
-0.0244309     -176.506
-0.0243     -90.9753
-0.0241692     -5.44435
-0.0240384     80.0866
-0.0239076     165.618
-0.0237768     251.149
-0.023646     336.679
-0.0235152     422.21
-0.0233844     507.741
-0.0232535     593.272
-0.0231227     678.803
-0.0229919     764.334
-0.0228611     849.865
-0.0227303     935.396
-0.0225995     1020.93
-0.0224687     1106.46
-0.0223379     1191.99
-0.0222071     1277.52
-0.0220762     1363.05
-0.0219454     1448.58
-0.0218146     1534.11
-0.0216842     1619.33
-0.0215524     1698.56
-0.0213746     1755.01
-0.0210882     1789.96
-0.0206816     1813.63
-0.0201682     1831.04
-0.0195685     1844.54
-0.0189019     1855.4
-0.0181843     1864.4
-0.0174276     1872.02
-0.0166406     1878.6
-0.01583     1884.37
-0.0150005     1889.49
-0.0141558     1894.09
-0.0132987     1898.25
-0.0124313     1902.06
-0.0115553     1905.56
-0.0106721     1908.79
-0.00978269     1911.8
-0.00888795     1914.62
-0.0079886     1917.25
-0.00708522     1919.74
-0.0061783     1922.09
-0.00526826     1924.31
-0.00435544     1926.42
-0.00344014     1928.44
-0.00252261     1930.36
-0.00160307     1932.2
-0.000681722     1933.96
0.000241277     1935.65
0.00116578     1937.28
0.00209165     1938.84
0.00301879     1940.36
0.00394708     1941.82
0.00487645     1943.23
0.0058068     1944.59
0.00673807     1945.92
0.00767019     1947.2
0.0086031     1948.45
0.00953675     1949.66
0.0104711     1950.84
0.0114061     1951.99
0.0123417     1953.11
0.0132778     1954.2
0.0142146     1955.27
0.0151518     1956.31
0.0160895     1957.32
0.0170276     1958.31
0.0179662     1959.28
0.0189051     1960.23
0.0198445     1961.16
0.0207842     1962.07
0.0217243     1962.97
0.0226647     1963.84
0.0236054     1964.7
0.0245465     1965.54
0.0254878     1966.37
0.0264293     1967.18
0.0273712     1967.98
0.0272077     1861.07
0.0270442     1754.15
0.0268806     1647.24
0.0267171     1540.33
0.0265536     1433.41
0.0263901     1326.5
0.0262266     1219.59
0.0260631     1112.67
0.0258996     1005.76
0.025736     898.845
0.0255725     791.931
0.025409     685.018
0.0252455     578.104
0.025082     471.19
0.0249185     364.276
0.0247549     257.363
0.0245914     150.449
0.0244279     43.5354
0.0242644     -63.3783
0.0241009     -170.292
0.0239374     -277.206
0.0237739     -384.119
0.0236103     -491.033
0.0234468     -597.947
0.0232833     -704.86
0.0231198     -811.774
0.0229563     -918.688
0.0227928     -1025.6
0.0226293     -1132.52
0.0224657     -1239.43
0.0223022     -1346.34
0.0221387     -1453.26
0.0219752     -1560.16
0.0218127     -1665.36
0.0216206     -1747.87
0.021275     -1794.19
0.0207406     -1822.42
0.0200469     -1841.93
0.0192349     -1856.46
0.0183384     -1867.82
0.0173817     -1877.05
0.0163813     -1884.77
0.0153487     -1891.38
0.0142915     -1897.13
0.0132153     -1902.21
0.0121242     -1906.77
0.011021     -1910.88
0.009908     -1914.64
0.0087869     -1918.08
0.00765902     -1921.27
0.00652539     -1924.24
0.00538685     -1927.01
0.00424409     -1929.61
0.00309765     -1932.05
0.001948     -1934.37
0.000795524     -1936.56
-0.000359463     -1938.64
-0.00151668     -1940.63
-0.00267591     -1942.52
-0.00383693     -1944.34
-0.00499957     -1946.08
-0.00616369     -1947.75
-0.00732916     -1949.36
-0.00849585     -1950.92
-0.00966366     -1952.41
-0.0108325     -1953.86
-0.0120023     -1955.26
-0.013173     -1956.62
-0.0143445     -1957.93
-0.0155167     -1959.21
-0.0166897     -1960.45
-0.0178633     -1961.65
-0.0190376     -1962.83
-0.0202124     -1963.97
-0.0213877     -1965.09
-0.0225636     -1966.18
-0.02374     -1967.24
-0.0249168     -1968.28
-0.026094     -1969.29
-0.0272716     -1970.28
-0.0284496     -1971.25
-0.029628     -1972.21
-0.0308067     -1973.14
-0.0319858     -1974.05
-0.0331651     -1974.94
-0.0343448     -1975.82
-0.0355247     -1976.69
-0.036705     -1977.53
-0.0378854     -1978.36
-0.0390662     -1979.18
-0.0402471     -1979.98
-0.0414283     -1980.77
-0.0427461     -1981.64
-0.0442957     -1982.64
-0.0458465     -1983.62
-0.0473983     -1984.58
-0.0489512     -1985.52
-0.050505     -1986.44
-0.0520597     -1987.35
-0.0536152     -1988.24
-0.053419     -1859.95
-0.0532228     -1731.65
-0.0530266     -1603.36
-0.0528303     -1475.06
-0.0526341     -1346.76
-0.0524379     -1218.47
-0.0522417     -1090.17
-0.0520455     -961.873
-0.0518493     -833.577
-0.051653     -705.281
-0.0514568     -576.984
-0.0512606     -448.688
-0.0510644     -320.391
-0.0508682     -192.095
-0.0506719     -63.7984
-0.0504757     64.498
-0.0502795     192.794
-0.0500833     321.091
-0.0498871     449.387
-0.0496909     577.684
-0.0494946     705.98
-0.0492984     834.277
-0.0491022     962.573
-0.048906     1090.87
-0.0487098     1219.17
-0.0485136     1347.46
-0.0483173     1475.76
-0.0481214     1603.8
-0.0479147     1716.29
-0.0475356     1778.28
-0.0468928     1812.28
-0.0460327     1834.47
-0.0450202     1850.42
-0.0439053     1862.63
-0.0427208     1872.41
-0.0414875     1880.51
-0.0402193     1887.4
-0.0389249     1893.37
-0.0376108     1898.63
-0.0362813     1903.33
-0.0349394     1907.57
-0.0335876     1911.44
-0.0322277     1914.99
-0.030861     1918.27
-0.0294885     1921.31
-0.0281112     1924.16
-0.0267297     1926.83
-0.0253445     1929.35
-0.0239562     1931.73
-0.0225652     1933.98
-0.0211716     1936.13
-0.0197759     1938.17
-0.0183782     1940.12
-0.0169787     1941.99
-0.0155776     1943.78
-0.0141751     1945.51
-0.0127713     1947.17
-0.0113662     1948.77
-0.00996011     1950.31
-0.00855297     1951.8
-0.00714489     1953.25
-0.00573594     1954.65
-0.00432619     1956.01
-0.0029157     1957.33
-0.00150451     1958.61
-9.26792e-05     1959.86
0.00131976     1961.07
0.00273277     1962.26
0.00414632     1963.41
0.00556037     1964.54
0.00697489     1965.64
0.00838985     1966.72
0.00980524     1967.77
0.011221     1968.8
0.0126372     1969.81
0.0140537     1970.8
0.0154706     1971.76
0.0168878     1972.71
0.0183053     1973.64
0.0197231     1974.56
0.0211412     1975.46
0.0225596     1976.34
0.0239782     1977.2
0.025397     1978.05
0.0268161     1978.89
0.0282355     1979.72
0.029655     1980.53
0.0312161     1981.4
0.0330825     1982.43
0.03495     1983.44
0.0368186     1984.44
0.0386881     1985.41
0.0405586     1986.37
0.04243     1987.31
0.0443023     1988.23
0.0461754     1989.14
0.0480493     1990.03
0.0499239     1990.91
0.0517993     1991.78
0.0536753     1992.63
0.0534791     1864.34
0.0532829     1736.04
0.0530867     1607.74
0.0528904     1479.45
0.0526942     1351.15
0.052498     1222.85
0.0523018     1094.56
0.0521056     966.262
0.0519093     837.965
0.0517131     709.669
0.0515169     581.372
0.0513207     453.076
0.0511245     324.78
0.0509283     196.483
0.050732     68.1867
0.0505358     -60.1097
0.0503396     -188.406
0.0501434     -316.703
0.0499472     -444.999
0.049751     -573.295
0.0495547     -701.592
0.0493585     -829.888
0.0491623     -958.185
0.0489661     -1086.48
0.0487699     -1214.78
0.0485736     -1343.07
0.0483774     -1471.37
0.0481815     -1599.43
0.0479745     -1712.43
0.0475944     -1775.16
0.0469492     -1809.47
0.0460867     -1831.79
0.0450724     -1847.83
0.043956     -1860.11
0.0427703     -1869.93
0.0415362     -1878.07
0.0402671     -1884.99
0.0389722     -1890.99
0.0376576     -1896.28
0.0363275     -1901
0.0349853     -1905.26
0.0336332     -1909.15
0.0322729     -1912.71
0.0309059     -1916.01
0.0295332     -1919.07
0.0281557     -1921.93
0.026774     -1924.62
0.0253887     -1927.15
0.0240002     -1929.54
0.0226089     -1931.8
0.0212152     -1933.96
0.0198194     -1936.01
0.0184215     -1937.97
0.0170219     -1939.85
0.0156208     -1941.65
0.0142181     -1943.39
0.0128142     -1945.05
0.0114091     -1946.66
0.0100029     -1948.21
0.00859563     -1949.71
0.00718747     -1951.17
0.00577845     -1952.57
0.00436863     -1953.94
0.00295807     -1955.27
0.00154681     -1956.56
0.000134916     -1957.81
-0.00127759     -1959.03
-0.00269066     -1960.22
-0.00410426     -1961.38
-0.00551836     -1962.52
-0.00693293     -1963.62
-0.00834795     -1964.7
-0.00976338     -1965.76
-0.0111792     -1966.8
-0.0125954     -1967.81
-0.014012     -1968.8
-0.0154289     -1969.77
-0.0168462     -1970.73
-0.0182637     -1971.66
-0.0196815     -1972.58
-0.0210997     -1973.48
-0.0225181     -1974.37
-0.0239367     -1975.24
-0.0253556     -1976.1
-0.0267747     -1976.94
-0.0281941     -1977.77
-0.0296137     -1978.58
-0.0311962     -1979.47
-0.0330625     -1980.51
-0.03493     -1981.52
-0.0367984     -1982.52
-0.0386679     -1983.5
-0.0405384     -1984.46
-0.0424097     -1985.4
-0.0442819     -1986.33
-0.046155     -1987.24
-0.0480288     -1988.14
-0.0499034     -1989.02
-0.0517787     -1989.9
-0.0536547     -1990.75
-0.0534584     -1862.46
-0.0532622     -1734.16
-0.053066     -1605.86
-0.0528698     -1477.57
-0.0526736     -1349.27
-0.0524773     -1220.97
-0.0522811     -1092.68
-0.0520849     -964.381
-0.0518887     -836.085
-0.0516925     -707.788
-0.0514963     -579.492
-0.0513     -451.195
-0.0511038     -322.899
-0.0509076     -194.603
-0.0507114     -66.3061
-0.0505152     61.9903
-0.0503189     190.287
-0.0501227     318.583
-0.0499265     446.88
-0.0497303     575.176
-0.0495341     703.472
-0.0493379     831.769
-0.0491416     960.065
-0.0489454     1088.36
-0.0487492     1216.66
-0.048553     1344.95
-0.0483568     1473.25
-0.0481608     1601.3
-0.047954     1714.09
-0.0475741     1776.51
-0.0469297     1810.69
-0.0460681     1832.95
-0.0450544     1848.95
-0.0439385     1861.2
-0.0427532     1871
-0.0415193     1879.12
-0.0402505     1886.03
-0.0389558     1892.01
-0.0376413     1897.29
-0.0363115     1902
-0.0349693     1906.26
-0.0336173     1910.13
-0.0322572     1913.69
-0.0308903     1916.98
-0.0295176     1920.04
-0.0281402     1922.89
-0.0267585     1925.57
-0.0253733     1928.09
-0.0239848     1930.48
-0.0225936     1932.74
-0.0212     1934.89
-0.0198042     1936.94
-0.0184064     1938.9
-0.0170068     1940.77
-0.0156057     1942.57
-0.0142031     1944.3
-0.0127992     1945.96
-0.0113941     1947.57
-0.00998789     1949.11
-0.00858068     1950.61
-0.00717254     1952.06
-0.00576354     1953.47
-0.00435375     1954.83
-0.0029432     1956.15
-0.00153197     1957.44
-0.000120092     1958.69
0.00129239     1959.91
0.00270544     1961.1
0.00411903     1962.25
0.00553311     1963.38
0.00694767     1964.49
0.00836267     1965.57
0.0097781     1966.62
0.0111939     1967.66
0.0126101     1968.67
0.0140267     1969.66
0.0154436     1970.63
0.0168608     1971.58
0.0182783     1972.51
0.0196962     1973.43
0.0211143     1974.33
0.0225327     1975.21
0.0239513     1976.08
0.0253702     1976.94
0.0267893     1977.78
0.0282087     1978.6
0.0296282     1979.42
0.0312024     1980.3
0.0330688     1981.33
0.0349362     1982.35
0.0368048     1983.34
0.0386743     1984.32
0.0405448     1985.28
0.0424161     1986.22
0.0442884     1987.14
0.0461614     1988.06
0.0480353     1988.95
0.0499099     1989.84
0.0517852     1990.7
0.0536612     1991.56
0.0534323     1841.88
0.0532034     1692.2
0.0529745     1542.52
0.0527456     1392.84
0.0525166     1243.16
0.0522877     1093.48
0.0520588     943.806
0.0518299     794.127
0.051601     644.447
0.051372     494.768
0.0511431     345.089
0.0509142     195.41
0.0506853     45.7307
0.0504563     -103.948
0.0502274     -253.628
0.0499985     -403.307
0.0497696     -552.986
0.0495407     -702.665
0.0493117     -852.344
0.0490828     -1002.02
0.0488539     -1151.7
0.048625     -1301.38
0.0483961     -1451.06
0.0481674     -1600.51
0.0479171     -1727.26
0.0473957     -1789.44
0.0465294     -1822.48
0.045413     -1843.78
0.0441369     -1859
0.0427598     -1870.65
0.0413164     -1880
0.0398277     -1887.76
0.0383068     -1894.38
0.0367622     -1900.14
0.0351996     -1905.22
0.0336231     -1909.78
0.0320355     -1913.9
0.0304389     -1917.67
0.028835     -1921.14
0.027225     -1924.34
0.0256098     -1927.33
0.0239902     -1930.13
0.0223669     -1932.75
0.0207403     -1935.23
0.0191108     -1937.58
0.0174787     -1939.81
0.0158445     -1941.93
0.0142083     -1943.95
0.0125702     -1945.89
0.0109306     -1947.74
0.00928953     -1949.52
0.00764713     -1951.24
0.00600353     -1952.89
0.00435882     -1954.48
0.00271311     -1956.02
0.00106646     -1957.52
-0.000581046     -1958.96
-0.00222935     -1960.36
-0.00387839     -1961.72
-0.00552812     -1963.04
-0.00717849     -1964.33
-0.00882946     -1965.58
-0.010481     -1966.8
-0.0121331     -1967.99
-0.0137856     -1969.16
-0.0154386     -1970.29
-0.0170921     -1971.4
-0.018746     -1972.48
-0.0204003     -1973.55
-0.0220549     -1974.59
-0.0237099     -1975.6
-0.0253653     -1976.6
-0.027021     -1977.58
-0.028677     -1978.54
-0.0303332     -1979.48
-0.032445     -1980.66
-0.0346234     -1981.85
-0.0368032     -1983.01
-0.0389844     -1984.15
-0.0411669     -1985.26
-0.0433506     -1986.36
-0.0455354     -1987.43
-0.0477213     -1988.48
-0.0499083     -1989.51
-0.0520962     -1990.52
-0.0542851     -1991.52
-0.0564749     -1992.5
-0.0586655     -1993.46
-0.0608569     -1994.4
-0.0630491     -1995.34
-0.065242     -1996.25
-0.0674356     -1997.16
-0.0696298     -1998.05
-0.0718248     -1998.93
-0.0740203     -1999.79
-0.0762164     -2000.64
-0.0784131     -2001.49
-0.0806103     -2002.32
-0.082808     -2003.14
-0.0850062     -2003.95
-0.0847446     -1832.88
-0.084483     -1661.82
-0.0842213     -1490.76
-0.0839597     -1319.7
-0.0836981     -1148.64
-0.0834365     -977.574
-0.0831748     -806.512
-0.0829132     -635.451
-0.0826516     -464.389
-0.08239     -293.327
-0.0821283     -122.265
-0.0818667     48.7972
-0.0816051     219.859
-0.0813435     390.921
-0.0810818     561.983
-0.0808202     733.045
-0.0805586     904.107
-0.080297     1075.17
-0.0800353     1246.23
-0.0797737     1417.29
-0.0795124     1588.14
-0.0792165     1728.61
-0.0785471     1791.35
-0.0774619     1824.04
-0.0761015     1844.95
-0.0745763     1859.87
-0.0729505     1871.3
-0.0712601     1880.49
-0.069526     1888.14
-0.067761     1894.68
-0.0659734     1900.38
-0.0641687     1905.42
-0.0623507     1909.96
-0.0605222     1914.06
-0.0586852     1917.82
-0.0568412     1921.28
-0.0549913     1924.49
-0.0531366     1927.49
-0.0512776     1930.29
-0.049415     1932.93
-0.0475493     1935.42
-0.0456809     1937.79
-0.04381     1940.03
-0.041937     1942.17
-0.0400621     1944.21
-0.0381854     1946.17
-0.0363072     1948.04
-0.0344276     1949.85
-0.0325467     1951.58
-0.0306646     1953.26
-0.0287815     1954.88
-0.0268974     1956.44
-0.0250124     1957.95
-0.0231265     1959.42
-0.0212399     1960.85
-0.0193526     1962.23
-0.0174645     1963.58
-0.0155759     1964.89
-0.0136866     1966.17
-0.0117968     1967.41
-0.00990652     1968.63
-0.00801572     1969.81
-0.00612445     1970.97
-0.00423274     1972.11
-0.00234062     1973.22
-0.0003131     1974.38
0.00217448     1975.78
0.00466403     1977.13
0.00715544     1978.46
0.00964858     1979.75
0.0121433     1981.02
0.0146396     1982.25
0.0171373     1983.46
0.0196364     1984.65
0.0221367     1985.81
0.0246383     1986.95
0.0271409     1988.07
0.0296447     1989.16
0.0321495     1990.24
0.0346552     1991.29
0.0371618     1992.33
0.0396693     1993.36
0.0421777     1994.36
0.0446868     1995.35
0.0471967     1996.32
0.0497073     1997.28
0.0522186     1998.23
0.0547305     1999.16
0.0572431     2000.08
0.0597562     2000.98
0.0622699     2001.88
0.0647842     2002.76
0.067299     2003.63
0.0698143     2004.49
0.07233     2005.34
0.0748463     2006.18
0.0773629     2007.01
0.0798801     2007.83
0.0823976     2008.64
0.0849155     2009.44
0.0846539     1838.38
0.0843922     1667.32
0.0841306     1496.26
0.083869     1325.19
0.0836074     1154.13
0.0833457     983.07
0.0830841     812.008
0.0828225     640.946
0.0825609     469.884
0.0822992     298.822
0.0820376     127.76
0.081776     -43.3017
0.0815144     -214.364
0.0812527     -385.426
0.0809911     -556.487
0.0807295     -727.549
0.0804679     -898.611
0.0802062     -1069.67
0.0799446     -1240.74
0.079683     -1411.8
0.0794216     -1582.65
0.0791265     -1723.84
0.0784615     -1787.3
0.0773814     -1820.31
0.0760253     -1841.42
0.0745035     -1856.49
0.0728804     -1868.02
0.0711921     -1877.29
0.0694597     -1885.01
0.0676961     -1891.6
0.0659097     -1897.35
0.0641061     -1902.44
0.062289     -1907.01
0.0604613     -1911.15
0.058625     -1914.94
0.0567817     -1918.42
0.0549324     -1921.66
0.0530782     -1924.68
0.0512197     -1927.5
0.0493576     -1930.16
0.0474923     -1932.67
0.0456243     -1935.05
0.0437538     -1937.31
0.0418811     -1939.47
0.0400065     -1941.53
0.0381301     -1943.5
0.0362522     -1945.39
0.0343729     -1947.2
0.0324923     -1948.95
0.0306105     -1950.64
0.0287276     -1952.27
0.0268437     -1953.84
0.0249589     -1955.37
0.0230733     -1956.85
0.0211869     -1958.28
0.0192997     -1959.68
0.0174119     -1961.03
0.0155234     -1962.35
0.0136343     -1963.64
0.0117447     -1964.89
0.00985455     -1966.12
0.0079639     -1967.31
0.00607279     -1968.48
0.00418124     -1969.62
0.00228927     -1970.74
0.00026145     -1971.91
-0.00222573     -1973.31
-0.0047149     -1974.68
-0.00720594     -1976.01
-0.00969872     -1977.31
-0.0121931     -1978.59
-0.0146891     -1979.83
-0.0171865     -1981.05
-0.0196852     -1982.24
-0.0221853     -1983.41
-0.0246865     -1984.55
-0.0271889     -1985.68
-0.0296924     -1986.78
-0.0321969     -1987.86
-0.0347024     -1988.92
-0.0372088     -1989.97
-0.0397161     -1991
-0.0422242     -1992.01
-0.0447331     -1993
-0.0472427     -1993.98
-0.0497531     -1994.95
-0.0522642     -1995.9
-0.0547759     -1996.83
-0.0572882     -1997.76
-0.0598012     -1998.67
-0.0623147     -1999.57
-0.0648288     -2000.45
-0.0673434     -2001.33
-0.0698585     -2002.19
-0.0723741     -2003.05
-0.0748902     -2003.89
-0.0774067     -2004.73
-0.0799237     -2005.55
-0.082441     -2006.37
-0.0849588     -2007.17
-0.0846971     -1836.11
-0.0844355     -1665.05
-0.0841739     -1493.99
-0.0839123     -1322.92
-0.0836506     -1151.86
-0.083389     -980.8
-0.0831274     -809.739
-0.0828658     -638.677
-0.0826041     -467.615
-0.0823425     -296.553
-0.0820809     -125.491
-0.0818193     45.571
-0.0815577     216.633
-0.081296     387.695
-0.0810344     558.757
-0.0807728     729.819
-0.0805112     900.881
-0.0802495     1071.94
-0.0799879     1243
-0.0797263     1414.07
-0.0794649     1584.92
-0.0791694     1725.82
-0.0785024     1788.99
-0.0774198     1821.86
-0.0760617     1842.89
-0.0745383     1857.9
-0.072914     1869.38
-0.0712246     1878.62
-0.0694914     1886.31
-0.0677272     1892.87
-0.0659403     1898.6
-0.0641361     1903.68
-0.0623186     1908.23
-0.0604906     1912.36
-0.0586539     1916.13
-0.0568103     1919.61
-0.0549607     1922.83
-0.0531063     1925.84
-0.0512476     1928.66
-0.0493853     1931.31
-0.0475198     1933.81
-0.0456515     1936.18
-0.0437809     1938.44
-0.041908     1940.59
-0.0400333     1942.64
-0.0381568     1944.6
-0.0362787     1946.49
-0.0343993     1948.3
-0.0325185     1950.04
-0.0306366     1951.72
-0.0287536     1953.35
-0.0268696     1954.92
-0.0249847     1956.44
-0.023099     1957.91
-0.0212125     1959.34
-0.0193252     1960.73
-0.0174373     1962.09
-0.0155487     1963.4
-0.0136596     1964.68
-0.0117699     1965.93
-0.00987966     1967.15
-0.00798894     1968.35
-0.00609776     1969.51
-0.00420614     1970.65
-0.0023141     1971.76
-0.000285474     1972.93
0.00220188     1974.33
0.00469122     1975.69
0.00718242     1977.02
0.00967536     1978.32
0.0121699     1979.59
0.014666     1980.83
0.0171636     1982.05
0.0196624     1983.24
0.0221626     1984.4
0.024664     1985.54
0.0271665     1986.66
0.0296701     1987.76
0.0321747     1988.84
0.0346803     1989.9
0.0371868     1990.95
0.0396942     1991.97
0.0422024     1992.98
0.0447114     1993.97
0.0472212     1994.95
0.0497316     1995.91
0.0522428     1996.86
0.0547546     1997.8
0.0572671     1998.72
0.0597801     1999.63
0.0622937     2000.52
0.0648079     2001.41
0.0673226     2002.28
0.0698377     2003.14
0.0723534     2004
0.0748696     2004.84
0.0773861     2005.67
0.0799032     2006.49
0.0824206     2007.31
0.0849384     2008.11
0.0846441     1815.67
0.0843498     1623.22
0.0840554     1430.78
0.0837611     1238.33
0.0834668     1045.89
0.0831724     853.442
0.0828781     660.998
0.0825838     468.553
0.0822895     276.108
0.0819951     83.6638
0.0817008     -108.781
0.0814065     -301.225
0.0811122     -493.67
0.0808178     -686.115
0.0805235     -878.559
0.0802292     -1071
0.0799349     -1263.45
0.0796405     -1455.89
0.0793474     -1645.8
0.0788773     -1762.98
0.0778475     -1810.88
0.0764032     -1837.83
0.0747193     -1855.76
0.0728987     -1868.91
0.0709953     -1879.18
0.0690385     -1887.58
0.0670453     -1894.65
0.0650262     -1900.76
0.0629879     -1906.13
0.0609349     -1910.91
0.0588705     -1915.23
0.056797     -1919.17
0.054716     -1922.78
0.0526289     -1926.13
0.0505367     -1929.24
0.04844     -1932.15
0.0463397     -1934.88
0.0442361     -1937.46
0.0421296     -1939.9
0.0400207     -1942.21
0.0379096     -1944.42
0.0357966     -1946.53
0.0336818     -1948.54
0.0315654     -1950.47
0.0294476     -1952.33
0.0273285     -1954.12
0.0252082     -1955.84
0.0230869     -1957.5
0.0209645     -1959.11
0.0188413     -1960.67
0.0167172     -1962.18
0.0145923     -1963.64
0.0124667     -1965.06
0.0103404     -1966.45
0.00821345     -1967.79
0.00608593     -1969.11
0.00395786     -1970.39
0.00182926     -1971.64
-0.000658241     -1973.06
-0.00345742     -1974.62
-0.00625905     -1976.13
-0.00906294     -1977.6
-0.0118689     -1979.04
-0.0146769     -1980.44
-0.0174866     -1981.8
-0.0202981     -1983.14
-0.0231112     -1984.44
-0.0259257     -1985.72
-0.0287417     -1986.97
-0.031559     -1988.19
-0.0343775     -1989.39
-0.0371972     -1990.56
-0.040018     -1991.71
-0.0428399     -1992.85
-0.0456627     -1993.96
-0.0484865     -1995.05
-0.0513112     -1996.13
-0.0541367     -1997.18
-0.0569631     -1998.22
-0.0597901     -1999.25
-0.062618     -2000.26
-0.0654465     -2001.25
-0.0682756     -2002.23
-0.0711054     -2003.2
-0.0739358     -2004.15
-0.0767668     -2005.09
-0.0795983     -2006.02
-0.0824303     -2006.93
-0.0852629     -2007.84
-0.0880959     -2008.73
-0.0909294     -2009.62
-0.0937634     -2010.49
-0.0965977     -2011.35
-0.0994325     -2012.21
-0.102268     -2013.05
-0.105103     -2013.89
-0.107939     -2014.71
-0.110775     -2015.53
-0.113612     -2016.34
-0.116449     -2017.15
-0.116122     -1803.32
-0.115795     -1589.49
-0.115468     -1375.66
-0.115141     -1161.84
-0.114814     -948.009
-0.114487     -734.182
-0.11416     -520.354
-0.113833     -306.527
-0.113506     -92.6995
-0.113179     121.128
-0.112852     334.955
-0.112524     548.783
-0.112197     762.61
-0.11187     976.437
-0.111543     1190.26
-0.111216     1404.09
-0.11089     1616.82
-0.1104     1755.93
-0.109236     1808.37
-0.107588     1836.64
-0.105675     1855.08
-0.103617     1868.48
-0.101474     1878.9
-0.0992775     1887.4
-0.0970441     1894.55
-0.0947849     1900.72
-0.0925067     1906.14
-0.090214     1910.98
-0.0879102     1915.34
-0.0855973     1919.32
-0.0832772     1922.97
-0.080951     1926.35
-0.0786198     1929.5
-0.0762844     1932.45
-0.0739452     1935.21
-0.0716029     1937.82
-0.0692579     1940.3
-0.0669104     1942.65
-0.0645607     1944.88
-0.0622092     1947.02
-0.0598559     1949.07
-0.0575011     1951.03
-0.0551449     1952.92
-0.0527874     1954.73
-0.0504287     1956.48
-0.048069     1958.18
-0.0457083     1959.81
-0.0433467     1961.4
-0.0409843     1962.94
-0.0386211     1964.43
-0.0362572     1965.88
-0.0338926     1967.3
-0.0312488     1968.83
-0.0281396     1970.58
-0.0250274     1972.28
-0.0219123     1973.92
-0.0187947     1975.52
-0.0156747     1977.08
-0.0125525     1978.59
-0.00942821     1980.07
-0.00630201     1981.51
-0.00317403     1982.91
-4.43876e-05     1984.29
0.00308682     1985.63
0.00621948     1986.94
0.00935351     1988.23
0.0124888     1989.49
0.0156254     1990.73
0.018763     1991.94
0.0219018     1993.13
0.0250415     1994.3
0.0281823     1995.45
0.0313239     1996.58
0.0344664     1997.69
0.0376097     1998.78
0.0407538     1999.86
0.0438986     2000.92
0.0470441     2001.97
0.0501903     2003
0.0533372     2004.01
0.0564846     2005.02
0.0596326     2006.01
0.0627812     2006.98
0.0659303     2007.95
0.0690799     2008.9
0.07223     2009.84
0.0753805     2010.77
0.0785315     2011.69
0.081683     2012.6
0.0848348     2013.5
0.087987     2014.39
0.0911396     2015.27
0.0942926     2016.14
0.0974459     2017
0.1006     2017.86
0.103754     2018.71
0.106908     2019.55
0.110062     2020.38
0.113217     2021.2
0.116372     2022.02
0.116045     1808.19
0.115718     1594.36
0.115391     1380.54
0.115064     1166.71
0.114737     952.882
0.11441     739.055
0.114083     525.227
0.113756     311.4
0.113429     97.5727
0.113102     -116.255
0.112775     -330.082
0.112448     -543.909
0.112121     -757.737
0.111794     -971.564
0.111467     -1185.39
0.11114     -1399.22
0.110814     -1611.98
0.110326     -1752.08
0.109167     -1805.01
0.107524     -1833.51
0.105614     -1852.1
0.103559     -1865.6
0.101418     -1876.11
0.0992229     -1884.67
0.0969907     -1891.87
0.0947325     -1898.09
0.0924552     -1903.55
0.0901634     -1908.41
0.0878602     -1912.81
0.085548     -1916.81
0.0832284     -1920.49
0.0809027     -1923.9
0.078572     -1927.06
0.0762369     -1930.03
0.0738982     -1932.81
0.0715562     -1935.44
0.0692115     -1937.93
0.0668643     -1940.29
0.0645149     -1942.55
0.0621636     -1944.7
0.0598106     -1946.75
0.0574561     -1948.73
0.0551001     -1950.63
0.0527428     -1952.45
0.0503844     -1954.22
0.0480248     -1955.92
0.0456643     -1957.57
0.0433029     -1959.16
0.0409407     -1960.71
0.0385776     -1962.21
0.0362139     -1963.67
0.0338494     -1965.09
0.0312048     -1966.63
0.0280961     -1968.4
0.0249842     -1970.1
0.0218696     -1971.76
0.0187523     -1973.36
0.0156327     -1974.93
0.0125108     -1976.45
0.00938685     -1977.93
0.00626097     -1979.38
0.00313329     -1980.79
3.92957e-06     -1982.17
-0.003127     -1983.52
-0.00625939     -1984.85
-0.00939317     -1986.14
-0.0125282     -1987.41
-0.0156645     -1988.65
-0.018802     -1989.87
-0.0219405     -1991.06
-0.02508     -1992.24
-0.0282205     -1993.39
-0.031362     -1994.53
-0.0345043     -1995.65
-0.0376474     -1996.74
-0.0407913     -1997.83
-0.0439359     -1998.89
-0.0470813     -1999.94
-0.0502273     -2000.98
-0.053374     -2002
-0.0565212     -2003.01
-0.0596691     -2004
-0.0628175     -2004.98
-0.0659665     -2005.95
-0.0691159     -2006.9
-0.0722659     -2007.85
-0.0754163     -2008.78
-0.0785671     -2009.71
-0.0817184     -2010.62
-0.0848701     -2011.52
-0.0880222     -2012.42
-0.0911747     -2013.3
-0.0943276     -2014.18
-0.0974808     -2015.05
-0.100634     -2015.9
-0.103788     -2016.75
-0.106942     -2017.6
-0.110097     -2018.43
-0.113252     -2019.26
-0.116407     -2020.08
-0.11608     -1806.25
-0.115753     -1592.43
-0.115426     -1378.6
-0.115098     -1164.77
-0.114771     -950.943
-0.114444     -737.116
-0.114117     -523.288
-0.11379     -309.461
-0.113463     -95.6334
-0.113136     118.194
-0.112809     332.021
-0.112482     545.849
-0.112155     759.676
-0.111828     973.503
-0.111501     1187.33
-0.111174     1401.16
-0.110848     1613.91
-0.110359     1753.62
-0.109198     1806.36
-0.107552     1834.76
-0.105641     1853.29
-0.103585     1866.75
-0.101443     1877.23
-0.0992474     1885.76
-0.0970147     1892.94
-0.0947561     1899.14
-0.0924784     1904.58
-0.0901862     1909.44
-0.0878827     1913.82
-0.0855702     1917.81
-0.0832504     1921.48
-0.0809245     1924.88
-0.0785935     1928.04
-0.0762583     1930.99
-0.0739194     1933.77
-0.0715773     1936.39
-0.0692324     1938.87
-0.0668851     1941.23
-0.0645356     1943.48
-0.0621842     1945.62
-0.0598311     1947.68
-0.0574764     1949.65
-0.0551203     1951.54
-0.0527629     1953.36
-0.0504044     1955.12
-0.0480448     1956.82
-0.0456842     1958.46
-0.0433227     1960.05
-0.0409604     1961.6
-0.0385973     1963.1
-0.0362335     1964.55
-0.0338689     1965.97
-0.0312241     1967.51
-0.0281151     1969.27
-0.0250031     1970.97
-0.0218883     1972.62
-0.0187709     1974.22
-0.0156511     1975.79
-0.0125291     1977.3
-0.009405     1978.79
-0.00627899     1980.23
-0.00315118     1981.64
-2.17034e-05     1983.02
0.00310934     1984.36
0.00624185     1985.68
0.00937573     1986.97
0.0125109     1988.24
0.0156473     1989.48
0.0187848     1990.69
0.0219234     1991.89
0.0250631     1993.06
0.0282037     1994.21
0.0313452     1995.35
0.0344876     1996.46
0.0376308     1997.56
0.0407747     1998.64
0.0439195     1999.7
0.0470649     2000.75
0.050211     2001.78
0.0533577     2002.8
0.0565051     2003.81
0.059653     2004.8
0.0628015     2005.78
0.0659505     2006.74
0.0691     2007.7
0.07225     2008.64
0.0754005     2009.58
0.0785514     2010.5
0.0817027     2011.41
0.0848545     2012.31
0.0880067     2013.2
0.0911592     2014.09
0.0943121     2014.96
0.0974653     2015.83
0.100619     2016.68
0.103773     2017.53
0.106927     2018.37
0.110082     2019.21
0.113236     2020.03
0.116391     2020.85
