L_Link_disp     L_Link_shear
0     0
-3.38932e-05     -22.1609
-6.77864e-05     -44.3219
-0.00010168     -66.4828
-0.000135573     -88.6437
-0.000169466     -110.805
-0.000203359     -132.966
-0.000237252     -155.126
-0.000271145     -177.287
-0.000305039     -199.448
-0.000338932     -221.609
-0.000372825     -243.77
-0.000406718     -265.931
-0.000440611     -288.092
-0.000474505     -310.253
-0.000508398     -332.414
-0.000542291     -354.575
-0.000576184     -376.736
-0.000610077     -398.897
-0.000643971     -421.058
-0.000677864     -443.219
-0.000711757     -465.38
-0.00074565     -487.54
-0.000779543     -509.701
-0.000813436     -531.862
-0.00084733     -554.023
-0.000881223     -576.184
-0.000915116     -598.345
-0.000949009     -620.506
-0.000982902     -642.667
-0.0010168     -664.828
-0.00105069     -686.989
-0.00108458     -709.15
-0.00111848     -731.311
-0.00115237     -753.472
-0.00118626     -775.633
-0.00122015     -797.793
-0.00125405     -819.954
-0.00128794     -842.115
-0.00132183     -864.276
-0.00135573     -886.437
-0.00138962     -908.598
-0.00142351     -930.759
-0.00145741     -952.92
-0.0014913     -975.081
-0.00152519     -997.242
-0.00155909     -1019.4
-0.00159298     -1041.56
-0.00162687     -1063.72
-0.00166077     -1085.89
-0.00169466     -1108.05
-0.00172855     -1130.21
-0.00176245     -1152.37
-0.00179634     -1174.53
-0.00183023     -1196.69
-0.00186413     -1218.85
-0.00189802     -1241.01
-0.00193191     -1263.17
-0.0019658     -1285.33
-0.0019997     -1307.49
-0.00203359     -1329.66
-0.00206748     -1351.82
-0.00210138     -1373.98
-0.00213527     -1396.14
-0.00216916     -1418.3
-0.00220306     -1440.46
-0.00223695     -1462.62
-0.00227084     -1484.78
-0.00230474     -1506.94
-0.00233863     -1529.1
-0.00237252     -1551.27
-0.00240642     -1573.43
-0.00244031     -1595.59
-0.0024742     -1617.75
-0.0025081     -1639.91
-0.00254199     -1662.07
-0.00257588     -1684.23
-0.00260978     -1706.39
-0.00264367     -1728.55
-0.00267756     -1750.71
-0.00271145     -1772.87
-0.00274536     -1795.03
-0.00277937     -1817.19
-0.00281409     -1839.32
-0.00285164     -1861.34
-0.00289814     -1883.01
-0.00296747     -1903.79
-0.00308237     -1922.79
-0.00326517     -1939.12
-0.00352334     -1952.47
-0.0038481     -1963.16
-0.00422448     -1971.77
-0.00463875     -1978.83
-0.00508046     -1984.72
-0.0055421     -1989.74
-0.00601826     -1994.09
-0.006505     -1997.91
-0.00699938     -2001.3
-0.00749911     -2004.34
-0.00800242     -2007.1
-0.00850785     -2009.61
-0.00844006     -1965.29
-0.00837228     -1920.97
-0.00830449     -1876.65
-0.0082367     -1832.32
-0.00816892     -1788
-0.00810113     -1743.68
-0.00803334     -1699.36
-0.00796556     -1655.04
-0.00789777     -1610.71
-0.00782998     -1566.39
-0.0077622     -1522.07
-0.00769441     -1477.75
-0.00762663     -1433.43
-0.00755884     -1389.11
-0.00749105     -1344.78
-0.00742327     -1300.46
-0.00735548     -1256.14
-0.00728769     -1211.82
-0.00721991     -1167.5
-0.00715212     -1123.17
-0.00708433     -1078.85
-0.00701655     -1034.53
-0.00694876     -990.208
-0.00688097     -945.886
-0.00681319     -901.565
-0.0067454     -857.243
-0.00667762     -812.921
-0.00660983     -768.599
-0.00654204     -724.277
-0.00647426     -679.955
-0.00640647     -635.633
-0.00633868     -591.312
-0.0062709     -546.99
-0.00620311     -502.668
-0.00613532     -458.346
-0.00606754     -414.024
-0.00599975     -369.702
-0.00593197     -325.38
-0.00586418     -281.059
-0.00579639     -236.737
-0.00572861     -192.415
-0.00566082     -148.093
-0.00559303     -103.771
-0.00552525     -59.4493
-0.00545746     -15.1275
-0.00538968     29.1944
-0.00532189     73.5162
-0.0052541     117.838
-0.00518632     162.16
-0.00511853     206.482
-0.00505074     250.804
-0.00498296     295.126
-0.00491517     339.447
-0.00484738     383.769
-0.0047796     428.091
-0.00471181     472.413
-0.00464402     516.735
-0.00457624     561.057
-0.00450845     605.379
-0.00444067     649.7
-0.00437288     694.022
-0.00430509     738.344
-0.00423731     782.666
-0.00416952     826.988
-0.00410173     871.31
-0.00403395     915.632
-0.00396616     959.953
-0.00389837     1004.28
-0.00383059     1048.6
-0.0037628     1092.92
-0.00369502     1137.24
-0.00362723     1181.56
-0.00355944     1225.88
-0.00349166     1270.21
-0.00342387     1314.53
-0.00335608     1358.85
-0.0032883     1403.17
-0.00322051     1447.49
-0.00315272     1491.82
-0.00308494     1536.14
-0.00301706     1580.46
-0.00294794     1624.73
-0.0028705     1668.67
-0.00275728     1711.23
-0.00254146     1749.79
-0.00214437     1781.28
-0.00155051     1805.07
-0.000803612     1822.83
4.6772e-05     1836.44
0.000965366     1847.25
0.00192943     1856.12
0.00292414     1863.58
0.00393941     1870
0.00496797     1875.6
0.00600433     1880.55
0.00704415     1884.98
0.00808385     1888.98
0.00912043     1892.61
0.0101513     1895.93
0.0111744     1898.98
0.0111066     1854.65
0.0110388     1810.33
0.010971     1766.01
0.0109032     1721.69
0.0108354     1677.37
0.0107676     1633.04
0.0106999     1588.72
0.0106321     1544.4
0.0105643     1500.08
0.0104965     1455.76
0.0104287     1411.44
0.0103609     1367.11
0.0102931     1322.79
0.0102254     1278.47
0.0101576     1234.15
0.0100898     1189.83
0.010022     1145.5
0.00995421     1101.18
0.00988642     1056.86
0.00981864     1012.54
0.00975085     968.217
0.00968306     923.895
0.00961528     879.573
0.00954749     835.251
0.0094797     790.929
0.00941192     746.608
0.00934413     702.286
0.00927634     657.964
0.00920856     613.642
0.00914077     569.32
0.00907299     524.998
0.0090052     480.676
0.00893741     436.355
0.00886963     392.033
0.00880184     347.711
0.00873405     303.389
0.00866627     259.067
0.00859848     214.745
0.00853069     170.423
0.00846291     126.102
0.00839512     81.7797
0.00832734     37.4579
0.00825955     -6.86399
0.00819176     -51.1858
0.00812398     -95.5077
0.00805619     -139.83
0.0079884     -184.151
0.00792062     -228.473
0.00785283     -272.795
0.00778504     -317.117
0.00771726     -361.439
0.00764947     -405.761
0.00758169     -450.083
0.0075139     -494.404
0.00744611     -538.726
0.00737833     -583.048
0.00731054     -627.37
0.00724275     -671.692
0.00717497     -716.014
0.00710718     -760.336
0.00703939     -804.657
0.00697161     -848.979
0.00690382     -893.301
0.00683604     -937.623
0.00676825     -981.945
0.00670046     -1026.27
0.00663268     -1070.59
0.00656489     -1114.91
0.0064971     -1159.23
0.00642932     -1203.55
0.00636153     -1247.88
0.00629374     -1292.2
0.00622596     -1336.52
0.00615817     -1380.84
0.00609039     -1425.16
0.0060226     -1469.49
0.00595481     -1513.81
0.00588703     -1558.13
0.00581924     -1602.45
0.00575145     -1646.77
0.00568346     -1691.09
0.00561237     -1735.28
0.00551951     -1778.63
0.00533808     -1818.53
0.00496089     -1850.81
0.00435562     -1874.21
0.00357938     -1890.92
0.00269434     -1903.36
0.00174063     -1913.06
0.000742088     -1920.92
-0.000286667     -1927.5
-0.00133606     -1933.12
-0.00239937     -1938.02
-0.00347158     -1942.36
-0.00454868     -1946.23
-0.00562728     -1949.73
-0.00670441     -1952.9
-0.00777739     -1955.81
-0.0088438     -1958.48
-0.00990141     -1960.95
-0.00983362     -1916.63
-0.00976584     -1872.31
-0.00969805     -1827.99
-0.00963027     -1783.67
-0.00956248     -1739.34
-0.00949469     -1695.02
-0.00942691     -1650.7
-0.00935912     -1606.38
-0.00929133     -1562.06
-0.00922355     -1517.73
-0.00915576     -1473.41
-0.00908797     -1429.09
-0.00902019     -1384.77
-0.0089524     -1340.45
-0.00888462     -1296.12
-0.00881683     -1251.8
-0.00874904     -1207.48
-0.00868126     -1163.16
-0.00861347     -1118.84
-0.00854568     -1074.52
-0.0084779     -1030.19
-0.00841011     -985.872
-0.00834232     -941.55
-0.00827454     -897.228
-0.00820675     -852.906
-0.00813896     -808.584
-0.00807118     -764.262
-0.00800339     -719.941
-0.00793561     -675.619
-0.00786782     -631.297
-0.00780003     -586.975
-0.00773225     -542.653
-0.00766446     -498.331
-0.00759667     -454.009
-0.00752889     -409.688
-0.0074611     -365.366
-0.00739331     -321.044
-0.00732553     -276.722
-0.00725774     -232.4
-0.00718996     -188.078
-0.00712217     -143.756
-0.00705438     -99.4346
-0.0069866     -55.1127
-0.00691881     -10.7909
-0.00685102     33.531
-0.00678324     77.8528
-0.00671545     122.175
-0.00664767     166.497
-0.00657988     210.818
-0.00651209     255.14
-0.00644431     299.462
-0.00637652     343.784
-0.00630873     388.106
-0.00624095     432.428
-0.00617316     476.75
-0.00610537     521.071
-0.00603759     565.393
-0.0059698     609.715
-0.00590202     654.037
-0.00583423     698.359
-0.00576644     742.681
-0.00569866     787.003
-0.00563087     831.324
-0.00556308     875.646
-0.0054953     919.968
-0.00542751     964.29
-0.00535972     1008.61
-0.00529194     1052.93
-0.00522415     1097.26
-0.00515636     1141.58
-0.00508858     1185.9
-0.00502079     1230.22
-0.00495301     1274.54
-0.00488522     1318.86
-0.00481743     1363.19
-0.00474965     1407.51
-0.00468186     1451.83
-0.00461407     1496.15
-0.00454629     1540.47
-0.0044785     1584.8
-0.00441059     1629.11
-0.00434085     1673.36
-0.00425866     1717.12
-0.00412342     1758.82
-0.00384864     1795.08
-0.00336431     1823.19
-0.00268752     1843.76
-0.00187581     1859.02
-0.000976588     1870.78
-2.02422e-05     1880.2
0.000974272     1887.99
0.00199464     1894.6
0.00303242     1900.31
0.00408141     1905.32
0.00513685     1909.78
0.00619486     1913.78
0.00725217     1917.4
0.00830593     1920.7
0.00935368     1923.73
0.0103932     1926.51
0.0102915     1860.03
0.0101899     1793.55
0.0100882     1727.07
0.00998651     1660.58
0.00988483     1594.1
0.00978315     1527.62
0.00968147     1461.13
0.00957979     1394.65
0.00947811     1328.17
0.00937643     1261.69
0.00927475     1195.2
0.00917307     1128.72
0.00907139     1062.24
0.00896972     995.755
0.00886804     929.272
0.00876636     862.789
0.00866468     796.306
0.008563     729.824
0.00846132     663.341
0.00835964     596.858
0.00825796     530.375
0.00815628     463.893
0.0080546     397.41
0.00795292     330.927
0.00785124     264.444
0.00774956     197.961
0.00764788     131.479
0.0075462     64.9958
0.00744452     -1.48699
0.00734284     -67.9698
0.00724116     -134.453
0.00713948     -200.935
0.0070378     -267.418
0.00693612     -333.901
0.00683444     -400.384
0.00673277     -466.866
0.00663109     -533.349
0.00652941     -599.832
0.00642773     -666.315
0.00632605     -732.798
0.00622437     -799.28
0.00612269     -865.763
0.00602101     -932.246
0.00591933     -998.729
0.00581765     -1065.21
0.00571597     -1131.69
0.00561429     -1198.18
0.00551261     -1264.66
0.00541093     -1331.14
0.00530925     -1397.63
0.00520757     -1464.11
0.00510589     -1530.59
0.00500421     -1597.07
0.00490238     -1663.55
0.00479282     -1729.73
0.00458838     -1792.21
0.00401384     -1840.29
0.00298     -1870.46
0.00166907     -1889.71
0.000215684     -1903.21
-0.00131454     -1913.43
-0.00288745     -1921.57
-0.00448252     -1928.3
-0.00608554     -1934.01
-0.00768556     -1938.94
-0.00927353     -1943.26
-0.0108418     -1947.08
-0.0123842     -1950.5
-0.0138958     -1953.57
-0.0153736     -1956.35
-0.0168158     -1958.88
-0.018222     -1961.2
-0.0195931     -1963.33
-0.0209307     -1965.3
-0.0222368     -1967.14
-0.0235137     -1968.85
-0.024764     -1970.46
-0.0259901     -1971.98
-0.0271943     -1973.41
-0.0283787     -1974.78
-0.0295453     -1976.08
-0.0306958     -1977.32
-0.0318318     -1978.51
-0.0329548     -1979.65
-0.0340659     -1980.75
-0.0351664     -1981.81
-0.0362571     -1982.84
-0.0373391     -1983.83
-0.038413     -1984.79
-0.0394796     -1985.73
-0.0405395     -1986.64
-0.0415933     -1987.52
-0.0426414     -1988.38
-0.0436844     -1989.22
-0.0447225     -1990.04
-0.0457563     -1990.84
-0.046786     -1991.63
-0.0478119     -1992.39
-0.0488342     -1993.15
-0.0498533     -1993.88
-0.0497178     -1905.24
-0.0495822     -1816.59
-0.0494466     -1727.95
-0.049311     -1639.31
-0.0491755     -1550.66
-0.0490399     -1462.02
-0.0489043     -1373.38
-0.0487687     -1284.73
-0.0486332     -1196.09
-0.0484976     -1107.44
-0.048362     -1018.8
-0.0482265     -930.157
-0.0480909     -841.514
-0.0479553     -752.87
-0.0478197     -664.226
-0.0476842     -575.583
-0.0475486     -486.939
-0.047413     -398.295
-0.0472774     -309.651
-0.0471419     -221.008
-0.0470063     -132.364
-0.0468707     -43.7203
-0.0467352     44.9235
-0.0465996     133.567
-0.046464     222.211
-0.0463284     310.855
-0.0461929     399.498
-0.0460573     488.142
-0.0459217     576.786
-0.0457861     665.429
-0.0456506     754.073
-0.045515     842.717
-0.0453794     931.361
-0.0452439     1020
-0.0451083     1108.65
-0.0449727     1197.29
-0.0448371     1285.94
-0.0447016     1374.58
-0.044566     1463.22
-0.0444304     1551.87
-0.0442934     1640.45
-0.0440972     1726.74
-0.043444     1795.24
-0.0420566     1835.1
-0.0402528     1858.52
-0.03826     1874.25
-0.0361743     1885.89
-0.0340419     1895.06
-0.0318897     1902.57
-0.0297365     1908.91
-0.027597     1914.35
-0.0254832     1919.1
-0.023405     1923.3
-0.0213701     1927.03
-0.0193835     1930.38
-0.0174479     1933.4
-0.0155638     1936.15
-0.01373     1938.67
-0.0119438     1940.99
-0.010202     1943.14
-0.00850084     1945.14
-0.00683658     1947.01
-0.00520559     1948.77
-0.00360445     1950.44
-0.00203006     1952.01
-0.000479589     1953.51
0.00104946     1954.95
0.00255931     1956.32
0.00405193     1957.64
0.00552905     1958.9
0.00699221     1960.12
0.00844274     1961.31
0.00988184     1962.45
0.0113106     1963.55
0.0127298     1964.63
0.0141405     1965.67
0.0155433     1966.69
0.0169388     1967.68
0.0183278     1968.65
0.0197106     1969.59
0.0210878     1970.51
0.0224597     1971.41
0.0238269     1972.29
0.0251895     1973.16
0.026548     1974
0.0279027     1974.83
0.0292537     1975.65
0.0306014     1976.44
0.0319459     1977.23
0.0332874     1978
0.0346262     1978.76
0.0359624     1979.5
0.0372961     1980.24
0.0386275     1980.96
0.0399567     1981.67
0.0412839     1982.37
0.0426092     1983.06
0.0439326     1983.74
0.0452543     1984.41
0.0465744     1985.08
0.0464388     1896.43
0.0463032     1807.79
0.0461676     1719.15
0.0460321     1630.5
0.0458965     1541.86
0.0457609     1453.21
0.0456254     1364.57
0.0454898     1275.93
0.0453542     1187.28
0.0452186     1098.64
0.0450831     1010
0.0449475     921.352
0.0448119     832.709
0.0446763     744.065
0.0445408     655.421
0.0444052     566.777
0.0442696     478.134
0.0441341     389.49
0.0439985     300.846
0.0438629     212.203
0.0437273     123.559
0.0435918     34.9151
0.0434562     -53.7286
0.0433206     -142.372
0.043185     -231.016
0.0430495     -319.66
0.0429139     -408.303
0.0427783     -496.947
0.0426428     -585.591
0.0425072     -674.235
0.0423716     -762.878
0.042236     -851.522
0.0421005     -940.166
0.0419649     -1028.81
0.0418293     -1117.45
0.0416937     -1206.1
0.0415582     -1294.74
0.0414226     -1383.38
0.041287     -1472.03
0.0411515     -1560.67
0.0410144     -1649.26
0.0408136     -1735.36
0.0401344     -1802.85
0.0387205     -1841.66
0.0369028     -1864.46
0.0349045     -1879.82
0.0328195     -1891.2
0.0306939     -1900.16
0.0285556     -1907.49
0.0264244     -1913.67
0.0243159     -1918.97
0.0222425     -1923.58
0.0202135     -1927.64
0.0182354     -1931.25
0.0163111     -1934.48
0.0144414     -1937.39
0.0126244     -1940.04
0.0108572     -1942.47
0.00913582     -1944.71
0.00745607     -1946.79
0.00581374     -1948.73
0.00420481     -1950.55
0.00262559     -1952.26
0.00107277     -1953.89
-0.0004566     -1955.43
-0.00196513     -1956.9
-0.0034551     -1958.31
-0.0049285     -1959.65
-0.00638708     -1960.95
-0.00783237     -1962.2
-0.00926569     -1963.41
-0.0106882     -1964.57
-0.012101     -1965.7
-0.0135049     -1966.8
-0.0149008     -1967.86
-0.0162893     -1968.9
-0.0176711     -1969.91
-0.0190468     -1970.89
-0.0204169     -1971.85
-0.0217817     -1972.79
-0.0231418     -1973.7
-0.0244974     -1974.6
-0.025849     -1975.47
-0.0271967     -1976.33
-0.0285409     -1977.18
-0.0298818     -1978
-0.0312197     -1978.81
-0.0325547     -1979.61
-0.033887     -1980.39
-0.0352168     -1981.16
-0.0365443     -1981.91
-0.0378696     -1982.66
-0.0391928     -1983.39
-0.040514     -1984.11
-0.0418334     -1984.82
-0.0431511     -1985.52
-0.0444672     -1986.2
-0.0457816     -1986.88
-0.0470947     -1987.55
-0.0484063     -1988.21
-0.0482707     -1899.57
-0.0481352     -1810.93
-0.0479996     -1722.28
-0.047864     -1633.64
-0.0477284     -1545
-0.0475929     -1456.35
-0.0474573     -1367.71
-0.0473217     -1279.06
-0.0471862     -1190.42
-0.0470506     -1101.78
-0.046915     -1013.13
-0.0467794     -924.489
-0.0466439     -835.846
-0.0465083     -747.202
-0.0463727     -658.558
-0.0462371     -569.914
-0.0461016     -481.271
-0.045966     -392.627
-0.0458304     -303.983
-0.0456949     -215.339
-0.0455593     -126.696
-0.0454237     -38.0521
-0.0452881     50.5917
-0.0451526     139.235
-0.045017     227.879
-0.0448814     316.523
-0.0447458     405.167
-0.0446103     493.81
-0.0444747     582.454
-0.0443391     671.098
-0.0442036     759.741
-0.044068     848.385
-0.0439324     937.029
-0.0437968     1025.67
-0.0436613     1114.32
-0.0435257     1202.96
-0.0433901     1291.6
-0.0432545     1380.25
-0.043119     1468.89
-0.0429834     1557.53
-0.0428463     1646.12
-0.0426472     1732.29
-0.0419774     1800.15
-0.0405728     1839.33
-0.0387596     1862.35
-0.0367623     1877.85
-0.0346753     1889.32
-0.0325444     1898.36
-0.0303969     1905.77
-0.0282518     1912.02
-0.0261243     1917.38
-0.0240267     1922.06
-0.0219688     1926.18
-0.0199576     1929.85
-0.0179975     1933.13
-0.0160904     1936.1
-0.0142358     1938.8
-0.0124314     1941.27
-0.0106742     1943.55
-0.00896035     1945.66
-0.00728586     1947.62
-0.00564681     1949.47
-0.00403951     1951.2
-0.00246055     1952.84
-0.000906875     1954.4
0.000624252     1955.88
0.00213525     1957.3
0.00362824     1958.65
0.00510509     1959.96
0.00656746     1961.21
0.00801678     1962.42
0.00945432     1963.59
0.0108812     1964.73
0.0122984     1965.83
0.0137068     1966.89
0.0151072     1967.93
0.0165003     1968.94
0.0178866     1969.93
0.0192668     1970.89
0.0206412     1971.82
0.0220105     1972.74
0.0233748     1973.64
0.0247348     1974.51
0.0260905     1975.37
0.0274424     1976.22
0.0287906     1977.04
0.0301356     1977.85
0.0314774     1978.65
0.0328162     1979.43
0.0341523     1980.2
0.0354859     1980.95
0.036817     1981.7
0.0381458     1982.43
0.0394726     1983.15
0.0407972     1983.85
0.04212     1984.55
0.043441     1985.24
0.0447603     1985.92
0.046078     1986.59
0.0473942     1987.25
0.0472247     1876.44
0.0470552     1765.64
0.0468858     1654.83
0.0467163     1544.03
0.0465468     1433.23
0.0463774     1322.42
0.0462079     1211.62
0.0460384     1100.81
0.045869     990.007
0.0456995     879.202
0.0455301     768.398
0.0453606     657.593
0.0451911     546.788
0.0450217     435.984
0.0448522     325.179
0.0446827     214.374
0.0445133     103.57
0.0443438     -7.23494
0.0441743     -118.04
0.0440049     -228.844
0.0438354     -339.649
0.0436659     -450.454
0.0434965     -561.258
0.043327     -672.063
0.0431575     -782.867
0.0429881     -893.672
0.0428186     -1004.48
0.0426491     -1115.28
0.0424797     -1226.09
0.0423102     -1336.89
0.0421407     -1447.7
0.0419713     -1558.5
0.0417974     -1669.13
0.0413969     -1770.95
0.0399604     -1832.45
0.0377432     -1863.19
0.0352307     -1881.78
0.0325998     -1894.81
0.0299259     -1904.71
0.0272524     -1912.64
0.0246105     -1919.19
0.0220235     -1924.72
0.0195082     -1929.46
0.017074     -1933.58
0.0147237     -1937.21
0.0124548     -1940.44
0.0102614     -1943.35
0.00813589     -1945.99
0.00607027     -1948.41
0.00405685     -1950.64
0.00208864     -1952.72
0.000159513     -1954.67
-0.00173581     -1956.51
-0.00360185     -1958.24
-0.00544242     -1959.89
-0.00726078     -1961.46
-0.00905968     -1962.97
-0.0108414     -1964.41
-0.0126081     -1965.8
-0.0143613     -1967.13
-0.0161026     -1968.42
-0.0178331     -1969.67
-0.0195541     -1970.88
-0.0212665     -1972.06
-0.022971     -1973.2
-0.0246685     -1974.31
-0.0263595     -1975.39
-0.0280447     -1976.45
-0.0297245     -1977.48
-0.0313995     -1978.49
-0.0330699     -1979.47
-0.0347361     -1980.43
-0.0363986     -1981.38
-0.0380575     -1982.3
-0.0397131     -1983.2
-0.0413656     -1984.09
-0.0430154     -1984.96
-0.0446625     -1985.82
-0.0463071     -1986.66
-0.0479495     -1987.49
-0.0495897     -1988.3
-0.0512279     -1989.1
-0.0528642     -1989.89
-0.0544987     -1990.66
-0.0561316     -1991.43
-0.0577629     -1992.18
-0.0593927     -1992.92
-0.0610211     -1993.65
-0.0626482     -1994.38
-0.064274     -1995.09
-0.0658987     -1995.79
-0.0675222     -1996.48
-0.0691447     -1997.17
-0.0707662     -1997.85
-0.0723867     -1998.52
-0.0740063     -1999.18
-0.075625     -1999.83
-0.077243     -2000.47
-0.0788601     -2001.11
-0.0804765     -2001.74
-0.0802731     -1868.78
-0.0800697     -1735.81
-0.0798664     -1602.85
-0.079663     -1469.88
-0.0794597     -1336.92
-0.0792563     -1203.95
-0.0790529     -1070.99
-0.0788496     -938.02
-0.0786462     -805.054
-0.0784429     -672.088
-0.0782395     -539.123
-0.0780361     -406.157
-0.0778328     -273.192
-0.0776294     -140.226
-0.0774261     -7.26057
-0.0772227     125.705
-0.0770193     258.671
-0.076816     391.636
-0.0766126     524.602
-0.0764093     657.567
-0.0762059     790.533
-0.0760026     923.498
-0.0757992     1056.46
-0.0755958     1189.43
-0.0753925     1322.4
-0.0751891     1455.36
-0.0749857     1588.32
-0.0747261     1719.1
-0.0734919     1812.01
-0.070947     1853.52
-0.0679339     1875.88
-0.0647633     1890.69
-0.0615492     1901.62
-0.0583548     1910.17
-0.0552237     1917.12
-0.0521868     1922.91
-0.0492612     1927.83
-0.0464519     1932.07
-0.0437542     1935.78
-0.0411576     1939.07
-0.0386495     1942.04
-0.0362172     1944.73
-0.0338493     1947.21
-0.0315358     1949.51
-0.0292682     1951.65
-0.0270396     1953.66
-0.0248442     1955.56
-0.0226773     1957.37
-0.0205348     1959.08
-0.0184136     1960.72
-0.0163108     1962.3
-0.0142241     1963.81
-0.0121517     1965.26
-0.0100919     1966.67
-0.00804319     1968.03
-0.00600448     1969.35
-0.00397468     1970.62
-0.0019529     1971.86
6.16448e-05     1973.07
0.00206964     1974.24
0.0040717     1975.39
0.00606834     1976.51
0.00806004     1977.6
0.0100472     1978.67
0.0120302     1979.71
0.0140094     1980.73
0.0159851     1981.73
0.0179575     1982.71
0.0199269     1983.68
0.0218935     1984.62
0.0238575     1985.55
0.0258191     1986.46
0.0277784     1987.36
0.0297356     1988.24
0.0316908     1989.1
0.0336442     1989.96
0.0355959     1990.8
0.0375459     1991.63
0.0394945     1992.44
0.0414415     1993.24
0.0433872     1994.04
0.0453317     1994.82
0.0472749     1995.59
0.049217     1996.35
0.051158     1997.1
0.053098     1997.85
0.055037     1998.58
0.056975     1999.31
0.0589122     2000.02
0.0608486     2000.73
0.0627842     2001.43
0.064719     2002.12
0.0666531     2002.81
0.0685865     2003.48
0.0705193     2004.16
0.0724514     2004.82
0.0743829     2005.48
0.0763139     2006.13
0.0782443     2006.77
0.0801742     2007.41
0.0799709     1874.44
0.0797675     1741.48
0.0795641     1608.51
0.0793608     1475.55
0.0791574     1342.58
0.0789541     1209.62
0.0787507     1076.65
0.0785474     943.685
0.078344     810.72
0.0781406     677.754
0.0779373     544.788
0.0777339     411.823
0.0775306     278.857
0.0773272     145.892
0.0771238     12.9262
0.0769205     -120.039
0.0767171     -253.005
0.0765138     -385.971
0.0763104     -518.936
0.076107     -651.902
0.0759037     -784.867
0.0757003     -917.833
0.075497     -1050.8
0.0752936     -1183.76
0.0750902     -1316.73
0.0748869     -1449.7
0.0746835     -1582.66
0.0744265     -1713.54
0.0732177     -1807.43
0.0706912     -1849.65
0.0676877     -1872.33
0.064524     -1887.32
0.0613165     -1898.37
0.0581291     -1907.01
0.0550059     -1914.02
0.0519771     -1919.86
0.0490597     -1924.82
0.046258     -1929.09
0.0435671     -1932.83
0.0409764     -1936.15
0.0384733     -1939.14
0.0360454     -1941.86
0.0336811     -1944.36
0.0313707     -1946.67
0.0291058     -1948.84
0.0268795     -1950.87
0.0246861     -1952.78
0.022521     -1954.6
0.0203801     -1956.33
0.0182603     -1957.99
0.0161587     -1959.57
0.0140733     -1961.1
0.0120019     -1962.57
0.00994305     -1963.98
0.00789528     -1965.35
0.00585741     -1966.68
0.00382839     -1967.97
0.00180735     -1969.22
-0.000206503     -1970.43
-0.00221385     -1971.62
-0.00421529     -1972.77
-0.00621134     -1973.9
-0.00820248     -1975
-0.0101891     -1976.07
-0.0121716     -1977.12
-0.0141503     -1978.15
-0.0161255     -1979.16
-0.0180975     -1980.15
-0.0200664     -1981.12
-0.0220326     -1982.07
-0.0239962     -1983.01
-0.0259574     -1983.93
-0.0279163     -1984.83
-0.0298732     -1985.72
-0.0318281     -1986.59
-0.0337811     -1987.45
-0.0357325     -1988.29
-0.0376822     -1989.13
-0.0396304     -1989.95
-0.0415771     -1990.76
-0.0435225     -1991.56
-0.0454667     -1992.34
-0.0474096     -1993.12
-0.0493514     -1993.89
-0.0512921     -1994.64
-0.0532318     -1995.39
-0.0551706     -1996.13
-0.0571084     -1996.86
-0.0590453     -1997.58
-0.0609814     -1998.29
-0.0629168     -1999
-0.0648514     -1999.69
-0.0667852     -2000.38
-0.0687184     -2001.06
-0.0706509     -2001.74
-0.0725829     -2002.41
-0.0745142     -2003.07
-0.0764449     -2003.72
-0.0783751     -2004.37
-0.0803048     -2005.01
-0.0801015     -1872.05
-0.0798981     -1739.08
-0.0796947     -1606.12
-0.0794914     -1473.15
-0.079288     -1340.19
-0.0790847     -1207.22
-0.0788813     -1074.25
-0.078678     -941.289
-0.0784746     -808.324
-0.0782712     -675.358
-0.0780679     -542.393
-0.0778645     -409.427
-0.0776612     -276.461
-0.0774578     -143.496
-0.0772544     -10.5302
-0.0770511     122.435
-0.0768477     255.401
-0.0766444     388.367
-0.076441     521.332
-0.0762376     654.298
-0.0760343     787.263
-0.0758309     920.229
-0.0756276     1053.19
-0.0754242     1186.16
-0.0752208     1319.13
-0.0750175     1452.09
-0.0748141     1585.05
-0.074556     1715.89
-0.0733365     1809.37
-0.0708022     1851.29
-0.0677946     1873.83
-0.064628     1888.75
-0.0614177     1899.74
-0.0582273     1908.35
-0.0551007     1915.34
-0.0520684     1921.15
-0.0491474     1926.09
-0.0463425     1930.35
-0.0436486     1934.08
-0.0410553     1937.39
-0.03855     1940.37
-0.0361202     1943.08
-0.0337543     1945.57
-0.0314425     1947.87
-0.0291765     1950.03
-0.0269492     1952.05
-0.0247549     1953.96
-0.022589     1955.77
-0.0204474     1957.5
-0.0183269     1959.15
-0.0162249     1960.73
-0.0141389     1962.25
-0.012067     1963.71
-0.0100077     1965.12
-0.00795957     1966.49
-0.00592132     1967.81
-0.00389196     1969.09
-0.00187059     1970.34
0.000143575     1971.55
0.00215121     1972.73
0.00415292     1973.88
0.00614924     1975
0.00814063     1976.1
0.0101275     1977.17
0.0121102     1978.22
0.0140892     1979.25
0.0160646     1980.25
0.0180367     1981.24
0.0200059     1982.2
0.0219722     1983.15
0.023936     1984.08
0.0258974     1985
0.0278565     1985.9
0.0298135     1986.78
0.0317685     1987.65
0.0337217     1988.51
0.0356732     1989.35
0.0376231     1990.18
0.0395714     1991
0.0415183     1991.81
0.0434639     1992.61
0.0454081     1993.39
0.0473512     1994.17
0.0492931     1994.93
0.051234     1995.68
0.0531738     1996.43
0.0551126     1997.17
0.0570506     1997.89
0.0589876     1998.61
0.0609239     1999.32
0.0628593     2000.03
0.064794     2000.72
0.066728     2001.41
0.0686612     2002.09
0.0705939     2002.76
0.0725259     2003.43
0.0744573     2004.09
0.0763881     2004.74
0.0783184     2005.39
0.0802482     2006.03
0.080011     1850.9
0.0797737     1695.77
0.0795365     1540.65
0.0792992     1385.52
0.079062     1230.4
0.0788247     1075.27
0.0785875     920.142
0.0783502     765.016
0.078113     609.889
0.0778757     454.763
0.0776384     299.636
0.0774012     144.51
0.0771639     -10.6167
0.0769267     -165.743
0.0766894     -320.87
0.0764522     -475.996
0.0762149     -631.123
0.0759777     -786.249
0.0757404     -941.376
0.0755032     -1096.5
0.0752659     -1251.63
0.0750287     -1406.76
0.0747914     -1561.88
0.0745009     -1714.94
0.0729252     -1818.18
0.0697807     -1859.59
0.0661752     -1881.48
0.0624425     -1895.95
0.0587113     -1906.6
0.0550581     -1914.9
0.0515328     -1921.59
0.0481608     -1927.14
0.0449451     -1931.83
0.0418737     -1935.89
0.0389278     -1939.45
0.0360871     -1942.64
0.0333334     -1945.52
0.0306512     -1948.17
0.0280278     -1950.62
0.025453     -1952.9
0.0229187     -1955.04
0.0204184     -1957.06
0.0179468     -1958.98
0.0154996     -1960.81
0.0130734     -1962.55
0.0106653     -1964.23
0.00827287     -1965.83
0.00589422     -1967.38
0.00352766     -1968.88
0.00117177     -1970.32
-0.00117465     -1971.72
-0.00351261     -1973.08
-0.00584301     -1974.4
-0.00816661     -1975.68
-0.0104841     -1976.93
-0.012796     -1978.14
-0.0151029     -1979.33
-0.0174051     -1980.49
-0.0197032     -1981.63
-0.0219975     -1982.74
-0.0242882     -1983.82
-0.0265757     -1984.89
-0.0288602     -1985.93
-0.0311419     -1986.95
-0.0334211     -1987.96
-0.0356979     -1988.94
-0.0379725     -1989.91
-0.0402451     -1990.86
-0.0425157     -1991.8
-0.0447846     -1992.72
-0.0470518     -1993.63
-0.0493174     -1994.52
-0.0515815     -1995.4
-0.0538443     -1996.27
-0.0561058     -1997.13
-0.0583661     -1997.97
-0.0606252     -1998.8
-0.0628832     -1999.62
-0.0651402     -2000.43
-0.0673963     -2001.23
-0.0696514     -2002.02
-0.0719057     -2002.8
-0.0741591     -2003.58
-0.0764118     -2004.34
-0.0786637     -2005.09
-0.0809149     -2005.84
-0.0831655     -2006.58
-0.0854154     -2007.31
-0.0876647     -2008.03
-0.0899134     -2008.75
-0.0921616     -2009.46
-0.0944092     -2010.16
-0.0966564     -2010.85
-0.098903     -2011.54
-0.101149     -2012.22
-0.103395     -2012.9
-0.10564     -2013.57
-0.107885     -2014.23
-0.11013     -2014.89
-0.112374     -2015.54
-0.112103     -1838.25
-0.111832     -1660.97
-0.111561     -1483.68
-0.111289     -1306.39
-0.111018     -1129.11
-0.110747     -951.818
-0.110476     -774.53
-0.110205     -597.243
-0.109934     -419.956
-0.109663     -242.668
-0.109391     -65.3806
-0.10912     111.907
-0.108849     289.194
-0.108578     466.482
-0.108307     643.769
-0.108036     821.057
-0.107764     998.344
-0.107493     1175.63
-0.107222     1352.92
-0.106951     1530.21
-0.106632     1705.62
-0.104717     1819.38
-0.100984     1861.08
-0.0968024     1882.82
-0.0925311     1897.16
-0.088318     1907.66
-0.084251     1915.79
-0.0803763     1922.32
-0.0767025     1927.72
-0.0732128     1932.29
-0.0698793     1936.26
-0.0666735     1939.78
-0.0635703     1942.94
-0.0605494     1945.82
-0.0575947     1948.48
-0.0546939     1950.95
-0.0518371     1953.26
-0.0490167     1955.44
-0.0462268     1957.5
-0.0434626     1959.47
-0.0407202     1961.34
-0.0379965     1963.13
-0.0352889     1964.86
-0.0325953     1966.51
-0.0299139     1968.11
-0.0272433     1969.66
-0.0245822     1971.15
-0.0219296     1972.6
-0.0192845     1974.01
-0.0166461     1975.38
-0.0140137     1976.71
-0.0113868     1978.01
-0.00876492     1979.28
-0.00614749     1980.52
-0.00353415     1981.72
-0.000924541     1982.91
0.00168164     1984.06
0.00428469     1985.2
0.00688484     1986.31
0.00948233     1987.4
0.0120774     1988.47
0.0146701     1989.52
0.0172607     1990.55
0.0198494     1991.56
0.0224362     1992.56
0.0250214     1993.54
0.0276049     1994.51
0.030187     1995.46
0.0327676     1996.4
0.035347     1997.32
0.0379251     1998.23
0.0405021     1999.13
0.0430779     2000.02
0.0456528     2000.89
0.0482267     2001.75
0.0507997     2002.61
0.0533718     2003.45
0.0559431     2004.28
0.0585136     2005.1
0.0610835     2005.92
0.0636526     2006.72
0.066221     2007.52
0.0687888     2008.3
0.0713561     2009.08
0.0739227     2009.85
0.0764888     2010.62
0.0790544     2011.37
0.0816196     2012.12
0.0841842     2012.86
0.0867484     2013.6
0.0893122     2014.33
0.0918755     2015.05
0.0944385     2015.76
0.0970011     2016.47
0.0995633     2017.18
0.102125     2017.88
0.104687     2018.57
0.107248     2019.26
0.109809     2019.94
0.11237     2020.61
0.112098     1843.33
0.111827     1666.04
0.111556     1488.75
0.111285     1311.46
0.111014     1134.18
0.110743     956.889
0.110472     779.602
0.1102     602.314
0.109929     425.027
0.109658     247.739
0.109387     70.4519
0.109116     -106.836
0.108845     -284.123
0.108574     -461.41
0.108302     -638.698
0.108031     -815.985
0.10776     -993.273
0.107489     -1170.56
0.107218     -1347.85
0.106947     -1525.14
0.106629     -1700.62
0.104744     -1815.51
0.101027     -1857.81
0.0968524     -1879.8
0.0925856     -1894.29
0.0883754     -1904.89
0.0843096     -1913.09
0.0804345     -1919.68
0.0767591     -1925.12
0.0732668     -1929.73
0.0699305     -1933.74
0.0667218     -1937.28
0.0636157     -1940.47
0.0605922     -1943.37
0.0576351     -1946.05
0.054732     -1948.54
0.0518731     -1950.87
0.0490509     -1953.06
0.0462593     -1955.14
0.0434936     -1957.12
0.0407497     -1959
0.0380247     -1960.81
0.0353159     -1962.54
0.0326212     -1964.21
0.0299388     -1965.82
0.0272673     -1967.38
0.0246053     -1968.88
0.0219518     -1970.34
0.0193059     -1971.76
0.0166668     -1973.13
0.0140337     -1974.48
0.0114062     -1975.78
0.00878368     -1977.06
0.00616568     -1978.3
0.00355179     -1979.52
0.000941676     -1980.7
-0.00166499     -1981.87
-0.0042685     -1983.01
-0.00686909     -1984.13
-0.009467     -1985.22
-0.0120624     -1986.3
-0.0146555     -1987.35
-0.0172465     -1988.39
-0.0198356     -1989.41
-0.0224227     -1990.41
-0.0250082     -1991.4
-0.027592     -1992.37
-0.0301744     -1993.32
-0.0327553     -1994.27
-0.0353349     -1995.2
-0.0379133     -1996.11
-0.0404905     -1997.01
-0.0430667     -1997.9
-0.0456418     -1998.78
-0.0482159     -1999.65
-0.0507891     -2000.51
-0.0533614     -2001.35
-0.0559329     -2002.19
-0.0585037     -2003.02
-0.0610736     -2003.83
-0.0636429     -2004.64
-0.0662116     -2005.44
-0.0687796     -2006.23
-0.071347     -2007.02
-0.0739138     -2007.79
-0.0764801     -2008.56
-0.0790458     -2009.32
-0.0816111     -2010.07
-0.0841759     -2010.81
-0.0867402     -2011.55
-0.0893041     -2012.28
-0.0918676     -2013.01
-0.0944307     -2013.73
-0.0969934     -2014.44
-0.0995558     -2015.15
-0.102118     -2015.85
-0.104679     -2016.54
-0.107241     -2017.23
-0.109802     -2017.92
-0.112363     -2018.6
-0.112091     -1841.31
-0.11182     -1664.02
-0.111549     -1486.73
-0.111278     -1309.45
-0.111007     -1132.16
-0.110736     -954.871
-0.110465     -777.584
-0.110193     -600.297
-0.109922     -423.009
-0.109651     -245.722
-0.10938     -68.4343
-0.109109     108.853
-0.108838     286.141
-0.108567     463.428
-0.108295     640.715
-0.108024     818.003
-0.107753     995.29
-0.107482     1172.58
-0.107211     1349.87
-0.10694     1527.15
-0.106622     1702.61
-0.104724     1817.05
-0.101001     1859.11
-0.0968239     1881
-0.0925554     1895.43
-0.0883442     1905.99
-0.0842782     1914.17
-0.0804036     1920.73
-0.0767292     1926.15
-0.0732382     1930.75
-0.0699033     1934.74
-0.066696     1938.27
-0.0635913     1941.45
-0.060569     1944.34
-0.057613     1947.01
-0.0547109     1949.49
-0.051853     1951.82
-0.0490317     1954.01
-0.0462409     1956.08
-0.0434758     1958.05
-0.0407327     1959.93
-0.0380082     1961.73
-0.0353     1963.46
-0.0326058     1965.13
-0.0299239     1966.73
-0.0272527     1968.28
-0.0245912     1969.78
-0.0219381     1971.24
-0.0192925     1972.65
-0.0166537     1974.03
-0.014021     1975.36
-0.0113938     1976.67
-0.00877152     1977.94
-0.00615378     1979.18
-0.00354014     1980.39
-0.000930258     1981.58
0.00167619     1982.74
0.00427948     1983.88
0.00687987     1984.99
0.00947758     1986.09
0.0120728     1987.16
0.0146658     1988.21
0.0172566     1989.25
0.0198455     1990.26
0.0224325     1991.26
0.0250178     1992.25
0.0276015     1993.22
0.0301837     1994.17
0.0327645     1995.11
0.035344     1996.04
0.0379223     1996.95
0.0404994     1997.85
0.0430754     1998.74
0.0456504     1999.62
0.0482244     2000.49
0.0507975     2001.34
0.0533697     2002.19
0.0559411     2003.02
0.0585118     2003.85
0.0610817     2004.66
0.0636509     2005.47
0.0662194     2006.27
0.0687873     2007.06
0.0713546     2007.84
0.0739214     2008.61
0.0764876     2009.38
0.0790533     2010.13
0.0816185     2010.88
0.0841832     2011.63
0.0867475     2012.36
0.0893113     2013.1
0.0918747     2013.82
0.0944378     2014.54
0.0970004     2015.25
0.0995627     2015.95
0.102125     2016.65
0.104686     2017.35
0.107248     2018.04
0.109809     2018.72
0.112369     2019.4
0.112064     1819.95
0.111759     1620.5
0.111454     1421.05
0.111149     1221.6
0.110844     1022.16
0.110539     822.707
0.110234     623.259
0.109929     423.811
0.109624     224.362
0.109319     24.914
0.109014     -174.534
0.108709     -373.983
0.108404     -573.431
0.108099     -772.879
0.107794     -972.328
0.107489     -1171.78
0.107184     -1371.22
0.106879     -1570.67
0.106263     -1758.04
0.102977     -1841.99
0.0984231     -1873.69
0.093634     -1891.96
0.088877     -1904.51
0.0842916     -1913.85
0.0799469     -1921.14
0.0758534     -1927.05
0.0719837     -1931.99
0.0682977     -1936.24
0.0647568     -1939.98
0.0613293     -1943.33
0.0579904     -1946.37
0.0547217     -1949.18
0.051509     -1951.78
0.0483415     -1954.22
0.0452111     -1956.51
0.0421113     -1958.69
0.0390373     -1960.75
0.0359848     -1962.72
0.0329508     -1964.61
0.0299327     -1966.42
0.0269282     -1968.16
0.0239356     -1969.84
0.0209534     -1971.46
0.0179805     -1973.03
0.0150156     -1974.56
0.012058     -1976.03
0.00910681     -1977.47
0.00616142     -1978.87
0.00322124     -1980.23
0.000285766     -1981.56
-0.00264545     -1982.86
-0.00557279     -1984.13
-0.00849661     -1985.37
-0.0114172     -1986.59
-0.0143348     -1987.77
-0.0172497     -1988.94
-0.0201621     -1990.08
-0.0230722     -1991.21
-0.0259802     -1992.31
-0.0288862     -1993.39
-0.0317903     -1994.46
-0.0346928     -1995.51
-0.0375937     -1996.54
-0.040493     -1997.55
-0.043391     -1998.55
-0.0462877     -1999.54
-0.0491832     -2000.51
-0.0520776     -2001.46
-0.0549709     -2002.41
-0.0578632     -2003.34
-0.0607545     -2004.26
-0.063645     -2005.17
-0.0665346     -2006.07
-0.0694234     -2006.95
-0.0723115     -2007.83
-0.0751988     -2008.7
-0.0780855     -2009.55
-0.0809716     -2010.4
-0.083857     -2011.24
-0.0867419     -2012.07
-0.0896262     -2012.89
-0.09251     -2013.7
-0.0953934     -2014.51
-0.0982762     -2015.31
-0.101159     -2016.1
-0.104041     -2016.88
-0.106922     -2017.66
-0.109803     -2018.43
-0.112684     -2019.19
-0.115565     -2019.95
-0.118445     -2020.7
-0.121324     -2021.44
-0.124204     -2022.18
-0.127083     -2022.91
-0.129962     -2023.64
-0.13284     -2024.36
-0.135719     -2025.08
-0.138597     -2025.79
-0.141475     -2026.5
-0.144352     -2027.2
-0.144013     -1805.59
-0.143674     -1583.98
-0.143336     -1362.37
-0.142997     -1140.76
-0.142658     -919.151
-0.142319     -697.542
-0.14198     -475.933
-0.141641     -254.323
-0.141302     -32.7142
-0.140963     188.895
-0.140624     410.504
-0.140285     632.114
-0.139946     853.723
-0.139607     1075.33
-0.139268     1296.94
-0.138929     1518.55
-0.138422     1733.61
-0.13501     1836.87
-0.129939     1871.65
-0.124621     1890.86
-0.119383     1903.81
-0.114388     1913.31
-0.109699     1920.66
-0.105301     1926.6
-0.101147     1931.57
-0.0971815     1935.85
-0.0933606     1939.64
-0.08965     1943.04
-0.0860244     1946.15
-0.0824652     1949.02
-0.0789588     1951.69
-0.0754948     1954.19
-0.0720655     1956.55
-0.0686647     1958.79
-0.0652878     1960.92
-0.0619309     1962.95
-0.0585912     1964.9
-0.0552662     1966.77
-0.0519538     1968.58
-0.0486524     1970.31
-0.0453607     1972
-0.0420774     1973.62
-0.0388017     1975.2
-0.0355326     1976.74
-0.0322695     1978.23
-0.0290117     1979.68
-0.0257587     1981.09
-0.02251     1982.47
-0.0192653     1983.82
-0.0160241     1985.14
-0.0127862     1986.43
-0.00955127     1987.7
-0.00631904     1988.93
-0.00308931     1990.15
0.000138127     1991.34
0.00336344     1992.51
0.00658679     1993.66
0.00980833     1994.78
0.0130282     1995.9
0.0162465     1996.99
0.0194633     1998.06
0.0226788     1999.12
0.025893     2000.17
0.029106     2001.19
0.032318     2002.21
0.0355288     2003.21
0.0387387     2004.2
0.0419477     2005.17
0.0451559     2006.13
0.0483632     2007.08
0.0515697     2008.02
0.0547755     2008.95
0.0579806     2009.87
0.0611851     2010.78
0.064389     2011.68
0.0675923     2012.56
0.070795     2013.44
0.0739972     2014.32
0.0771989     2015.18
0.0804002     2016.03
0.083601     2016.88
0.0868013     2017.72
0.0900013     2018.55
0.0932009     2019.37
0.0964001     2020.19
0.0995989     2021
0.102797     2021.8
0.105996     2022.6
0.109193     2023.39
0.112391     2024.17
0.115588     2024.95
0.118785     2025.72
0.121982     2026.49
0.125179     2027.25
0.128375     2028.01
0.131571     2028.76
0.134767     2029.51
0.137962     2030.25
0.141158     2030.99
0.144353     2031.72
0.144014     1810.11
0.143675     1588.5
0.143336     1366.89
0.142997     1145.28
0.142658     923.673
0.142319     702.064
0.14198     480.455
0.141641     258.845
0.141302     37.2361
0.140963     -184.373
0.140625     -405.982
0.140286     -627.592
0.139947     -849.201
0.139608     -1070.81
0.139269     -1292.42
0.13893     -1514.03
0.138428     -1729.31
0.135046     -1833.73
0.129987     -1868.9
0.124674     -1888.29
0.119438     -1901.35
0.114444     -1910.92
0.109753     -1918.33
0.105353     -1924.31
0.101195     -1929.32
0.0972265     -1933.64
0.0934025     -1937.45
0.089689     -1940.88
0.0860609     -1944.01
0.0824994     -1946.89
0.078991     -1949.58
0.0755252     -1952.1
0.0720943     -1954.47
0.068692     -1956.72
0.0653138     -1958.86
0.0619558     -1960.91
0.058615     -1962.87
0.0552889     -1964.75
0.0519756     -1966.56
0.0486734     -1968.31
0.0453809     -1970
0.0420969     -1971.64
0.0388205     -1973.22
0.0355508     -1974.76
0.0322871     -1976.26
0.0290287     -1977.72
0.0257752     -1979.14
0.0225261     -1980.53
0.0192809     -1981.89
0.0160393     -1983.21
0.012801     -1984.51
0.00956562     -1985.78
0.00633302     -1987.02
0.00310294     -1988.24
-0.000124824     -1989.44
-0.00335045     -1990.61
-0.00657411     -1991.76
-0.00979594     -1992.9
-0.0130161     -1994.01
-0.0162346     -1995.11
-0.0194517     -1996.19
-0.0226674     -1997.25
-0.0258819     -1998.3
-0.0290951     -1999.33
-0.0323073     -2000.35
-0.0355184     -2001.36
-0.0387285     -2002.35
-0.0419376     -2003.33
-0.0451459     -2004.29
-0.0483534     -2005.25
-0.0515601     -2006.19
-0.0547661     -2007.12
-0.0579714     -2008.05
-0.061176     -2008.96
-0.06438     -2009.86
-0.0675835     -2010.75
-0.0707864     -2011.63
-0.0739887     -2012.51
-0.0771906     -2013.37
-0.0803919     -2014.23
-0.0835928     -2015.08
-0.0867933     -2015.92
-0.0899934     -2016.75
-0.0931931     -2017.58
-0.0963924     -2018.4
-0.0995913     -2019.21
-0.10279     -2020.02
-0.105988     -2020.82
-0.109186     -2021.61
-0.112384     -2022.4
-0.115581     -2023.18
-0.118778     -2023.96
-0.121975     -2024.73
-0.125172     -2025.49
-0.128368     -2026.25
-0.131564     -2027
-0.13476     -2027.75
-0.137956     -2028.5
-0.141151     -2029.24
-0.144347     -2029.97
-0.144008     -1808.36
-0.143669     -1586.75
-0.14333     -1365.14
-0.142991     -1143.53
-0.142652     -921.925
-0.142313     -700.315
-0.141974     -478.706
-0.141635     -257.097
-0.141296     -35.4876
-0.140957     186.122
-0.140618     407.731
-0.140279     629.34
-0.13994     850.95
-0.139601     1072.56
-0.139263     1294.17
-0.138924     1515.78
-0.13842     1730.97
-0.135026     1834.95
-0.129962     1869.96
-0.124648     1889.29
-0.119411     1902.3
-0.114417     1911.85
-0.109727     1919.23
-0.105328     1925.2
-0.101172     1930.19
-0.0972046     1934.49
-0.0933819     1938.29
-0.0896697     1941.71
-0.0860426     1944.83
-0.0824822     1947.71
-0.0789746     1950.39
-0.0755096     1952.91
-0.0720794     1955.28
-0.0686778     1957.52
-0.0653001     1959.66
-0.0619426     1961.7
-0.0586023     1963.65
-0.0552766     1965.53
-0.0519637     1967.34
-0.0486619     1969.08
-0.0453697     1970.77
-0.042086     1972.4
-0.0388099     1973.99
-0.0355405     1975.52
-0.032277     1977.02
-0.0290189     1978.48
-0.0257656     1979.9
-0.0225167     1981.28
-0.0192717     1982.63
-0.0160303     1983.96
-0.0127921     1985.25
-0.00955698     1986.52
-0.00632454     1987.76
-0.00309461     1988.98
0.000133005     1990.17
0.0033585     1991.34
0.00658202     1992.49
0.00980372     1993.63
0.0130237     1994.74
0.0162422     1995.84
0.0194592     1996.91
0.0226748     1997.98
0.0258891     1999.02
0.0291023     2000.05
0.0323143     2001.07
0.0355253     2002.07
0.0387353     2003.06
0.0419444     2004.04
0.0451526     2005
0.04836     2005.96
0.0515667     2006.9
0.0547726     2007.83
0.0579778     2008.75
0.0611824     2009.66
0.0643863     2010.56
0.0675897     2011.45
0.0707925     2012.33
0.0739948     2013.21
0.0771966     2014.07
0.0803979     2014.93
0.0835987     2015.77
0.0867992     2016.61
0.0899992     2017.45
0.0931988     2018.27
0.0963981     2019.09
0.099597     2019.9
0.102796     2020.71
0.105994     2021.51
0.109192     2022.3
0.112389     2023.08
0.115587     2023.86
0.118784     2024.64
0.121981     2025.41
0.125177     2026.17
0.128373     2026.93
0.131569     2027.68
0.134765     2028.43
0.137961     2029.17
0.141156     2029.91
0.144352     2030.65
