U_Link_disp     U_Link_shear
0     0
-3.22154e-05     -14.8686
-6.44308e-05     -29.7373
-9.66462e-05     -44.6059
-0.000128862     -59.4746
-0.000161077     -74.3432
-0.000193292     -89.2119
-0.000225508     -104.081
-0.000257723     -118.949
-0.000289939     -133.818
-0.000322154     -148.686
-0.000354369     -163.555
-0.000386585     -178.424
-0.0004188     -193.292
-0.000451016     -208.161
-0.000483231     -223.03
-0.000515446     -237.898
-0.000547662     -252.767
-0.000579877     -267.636
-0.000612093     -282.504
-0.000644308     -297.373
-0.000676524     -312.242
-0.000708739     -327.11
-0.000740954     -341.979
-0.00077317     -356.848
-0.000805385     -371.716
-0.000837601     -386.585
-0.000869816     -401.454
-0.000902031     -416.322
-0.000934247     -431.191
-0.000966462     -446.059
-0.000998678     -460.928
-0.00103089     -475.797
-0.00106311     -490.665
-0.00109532     -505.534
-0.00112754     -520.403
-0.00115975     -535.271
-0.00119197     -550.14
-0.00122419     -565.009
-0.0012564     -579.877
-0.00128862     -594.746
-0.00132083     -609.615
-0.00135305     -624.483
-0.00138526     -639.352
-0.00141748     -654.221
-0.00144969     -669.089
-0.00148191     -683.958
-0.00151412     -698.826
-0.00154634     -713.695
-0.00157855     -728.564
-0.00161077     -743.432
-0.00164299     -758.301
-0.0016752     -773.17
-0.00170742     -788.038
-0.00173963     -802.907
-0.00177185     -817.776
-0.00180406     -832.644
-0.00183628     -847.513
-0.00186849     -862.382
-0.00190071     -877.25
-0.00193292     -892.119
-0.00196514     -906.988
-0.00199736     -921.856
-0.00202957     -936.725
-0.00206179     -951.594
-0.002094     -966.462
-0.00212622     -981.331
-0.00215843     -996.199
-0.00219065     -1011.07
-0.00222286     -1025.94
-0.00225508     -1040.81
-0.00228729     -1055.67
-0.00231951     -1070.54
-0.00235172     -1085.41
-0.00238394     -1100.28
-0.00241616     -1115.15
-0.00244837     -1130.02
-0.00248059     -1144.89
-0.0025128     -1159.75
-0.00254502     -1174.62
-0.00257723     -1189.49
-0.00260945     -1204.36
-0.00264166     -1219.23
-0.00267383     -1234.08
-0.00270586     -1248.86
-0.00273745     -1263.44
-0.00276795     -1277.49
-0.00279643     -1290.47
-0.00282222     -1301.87
-0.00284553     -1311.49
-0.00286724     -1319.53
-0.00288841     -1326.32
-0.00290995     -1332.16
-0.0029326     -1337.31
-0.00295697     -1341.92
-0.00298357     -1346.12
-0.00301286     -1349.98
-0.00304528     -1353.57
-0.00308122     -1356.93
-0.00312107     -1360.09
-0.00316521     -1363.09
-0.00310078     -1333.35
-0.00303634     -1303.61
-0.00297191     -1273.88
-0.00290748     -1244.14
-0.00284305     -1214.4
-0.00277862     -1184.66
-0.00271419     -1154.93
-0.00264976     -1125.19
-0.00258533     -1095.45
-0.0025209     -1065.72
-0.00245647     -1035.98
-0.00239204     -1006.24
-0.00232761     -976.504
-0.00226317     -946.766
-0.00219874     -917.029
-0.00213431     -887.292
-0.00206988     -857.555
-0.00200545     -827.817
-0.00194102     -798.08
-0.00187659     -768.343
-0.00181216     -738.605
-0.00174773     -708.868
-0.0016833     -679.131
-0.00161887     -649.393
-0.00155444     -619.656
-0.00149001     -589.919
-0.00142557     -560.182
-0.00136114     -530.444
-0.00129671     -500.707
-0.00123228     -470.97
-0.00116785     -441.232
-0.00110342     -411.495
-0.00103899     -381.758
-0.000974559     -352.02
-0.000910128     -322.283
-0.000845697     -292.546
-0.000781266     -262.809
-0.000716835     -233.071
-0.000652405     -203.334
-0.000587974     -173.597
-0.000523543     -143.859
-0.000459112     -114.122
-0.000394681     -84.3848
-0.000330251     -54.6475
-0.00026582     -24.9102
-0.000201389     4.82713
-0.000136958     34.5644
-7.25273e-05     64.3017
-8.09647e-06     94.039
5.63343e-05     123.776
0.000120765     153.514
0.000185196     183.251
0.000249627     212.988
0.000314058     242.726
0.000378488     272.463
0.000442919     302.2
0.00050735     331.937
0.000571781     361.675
0.000636212     391.412
0.000700642     421.149
0.000765073     450.887
0.000829504     480.624
0.000893935     510.361
0.000958366     540.099
0.0010228     569.836
0.00108723     599.573
0.00115166     629.31
0.00121609     659.048
0.00128052     688.785
0.00134495     718.522
0.00140938     748.26
0.00147381     777.997
0.00153824     807.734
0.00160267     837.471
0.0016671     867.209
0.00173154     896.946
0.00179597     926.683
0.0018604     956.421
0.00192483     986.158
0.00198926     1015.9
0.00205369     1045.63
0.00211805     1075.34
0.002182     1104.85
0.00224415     1133.54
0.00230121     1159.85
0.00234959     1181.97
0.00238938     1199.5
0.0024238     1213.44
0.00245617     1224.89
0.00248907     1234.66
0.0025245     1243.25
0.00256419     1250.98
0.00260972     1258.03
0.00266263     1264.56
0.00272444     1270.66
0.0027967     1276.38
0.00288091     1281.78
0.00297853     1286.88
0.00309096     1291.72
0.00321944     1296.31
0.00315501     1266.57
0.00309057     1236.84
0.00302614     1207.1
0.00296171     1177.36
0.00289728     1147.63
0.00283285     1117.89
0.00276842     1088.15
0.00270399     1058.41
0.00263956     1028.68
0.00257513     998.939
0.0025107     969.201
0.00244627     939.464
0.00238184     909.727
0.0023174     879.989
0.00225297     850.252
0.00218854     820.515
0.00212411     790.778
0.00205968     761.04
0.00199525     731.303
0.00193082     701.566
0.00186639     671.828
0.00180196     642.091
0.00173753     612.354
0.0016731     582.616
0.00160867     552.879
0.00154423     523.142
0.0014798     493.405
0.00141537     463.667
0.00135094     433.93
0.00128651     404.193
0.00122208     374.455
0.00115765     344.718
0.00109322     314.981
0.00102879     285.243
0.000964358     255.506
0.000899927     225.769
0.000835496     196.032
0.000771065     166.294
0.000706634     136.557
0.000642204     106.82
0.000577773     77.0824
0.000513342     47.3451
0.000448911     17.6078
0.00038448     -12.1295
0.000320049     -41.8668
0.000255619     -71.6041
0.000191188     -101.341
0.000126757     -131.079
6.23262e-05     -160.816
-2.10458e-06     -190.553
-6.65354e-05     -220.291
-0.000130966     -250.028
-0.000195397     -279.765
-0.000259828     -309.503
-0.000324259     -339.24
-0.000388689     -368.977
-0.00045312     -398.714
-0.000517551     -428.452
-0.000581982     -458.189
-0.000646413     -487.926
-0.000710844     -517.664
-0.000775274     -547.401
-0.000839705     -577.138
-0.000904136     -606.875
-0.000968567     -636.613
-0.001033     -666.35
-0.00109743     -696.087
-0.00116186     -725.825
-0.00122629     -755.562
-0.00129072     -785.299
-0.00135515     -815.037
-0.00141958     -844.774
-0.00148401     -874.511
-0.00154844     -904.248
-0.00161287     -933.986
-0.00167731     -963.723
-0.00174174     -993.46
-0.00180617     -1023.2
-0.0018706     -1052.93
-0.00193503     -1082.67
-0.00199945     -1112.4
-0.00206371     -1142.07
-0.00212689     -1171.22
-0.00218563     -1198.33
-0.00223461     -1220.92
-0.00227246     -1238.23
-0.00230255     -1251.56
-0.00232849     -1262.35
-0.00235282     -1271.49
-0.00237733     -1279.54
-0.00240346     -1286.8
-0.00243254     -1293.47
-0.00246586     -1299.69
-0.00250481     -1305.54
-0.00255084     -1311.07
-0.00260551     -1316.32
-0.00267047     -1321.33
-0.0027474     -1326.11
-0.00283801     -1330.68
-0.00294396     -1335.04
-0.00287953     -1305.31
-0.0028151     -1275.57
-0.00275067     -1245.83
-0.00268624     -1216.1
-0.00262181     -1186.36
-0.00255738     -1156.62
-0.00249295     -1126.88
-0.00242852     -1097.15
-0.00236408     -1067.41
-0.00229965     -1037.67
-0.00223522     -1007.93
-0.00217079     -978.197
-0.00210636     -948.459
-0.00204193     -918.722
-0.0019775     -888.985
-0.00191307     -859.247
-0.00184864     -829.51
-0.00178421     -799.773
-0.00171978     -770.036
-0.00165535     -740.298
-0.00159091     -710.561
-0.00152648     -680.824
-0.00146205     -651.086
-0.00139762     -621.349
-0.00133319     -591.612
-0.00126876     -561.875
-0.00120433     -532.137
-0.0011399     -502.4
-0.00107547     -472.663
-0.00101104     -442.925
-0.000946607     -413.188
-0.000882176     -383.451
-0.000817745     -353.713
-0.000753314     -323.976
-0.000688884     -294.239
-0.000624453     -264.502
-0.000560022     -234.764
-0.000495591     -205.027
-0.00043116     -175.29
-0.00036673     -145.552
-0.000302299     -115.815
-0.000237868     -86.0778
-0.000173437     -56.3405
-0.000109006     -26.6032
-4.45755e-05     3.13412
1.98554e-05     32.8714
8.42862e-05     62.6087
0.000148717     92.346
0.000213148     122.083
0.000277579     151.821
0.000342009     181.558
0.00040644     211.295
0.000470871     241.033
0.000535302     270.77
0.000599733     300.507
0.000664163     330.244
0.000728594     359.982
0.000793025     389.719
0.000857456     419.456
0.000921887     449.194
0.000986318     478.931
0.00105075     508.668
0.00111518     538.405
0.00117961     568.143
0.00124404     597.88
0.00130847     627.617
0.0013729     657.355
0.00143733     687.092
0.00150176     716.829
0.00156619     746.567
0.00163063     776.304
0.00169506     806.041
0.00175949     835.778
0.00182392     865.516
0.00188835     895.253
0.00195278     924.99
0.00201721     954.728
0.00208164     984.465
0.00214607     1014.2
0.0022105     1043.94
0.00227493     1073.67
0.00233926     1103.37
0.00240297     1132.77
0.00246402     1160.95
0.00251813     1185.9
0.00256211     1206
0.00259753     1221.62
0.00262801     1234.08
0.00265659     1244.44
0.00268551     1253.4
0.00271651     1261.37
0.00275111     1268.6
0.00279077     1275.27
0.00283695     1281.48
0.00289114     1287.32
0.00295488     1292.83
0.00302973     1298.05
0.00311725     1303.02
0.00321896     1307.74
0.00333627     1312.23
0.00323963     1267.62
0.00314298     1223.02
0.00304634     1178.41
0.00294969     1133.8
0.00285304     1089.2
0.0027564     1044.59
0.00265975     999.987
0.0025631     955.381
0.00246646     910.775
0.00236981     866.169
0.00227317     821.563
0.00217652     776.957
0.00207987     732.351
0.00198323     687.745
0.00188658     643.139
0.00178993     598.533
0.00169329     553.927
0.00159664     509.321
0.0015     464.715
0.00140335     420.109
0.0013067     375.503
0.00121006     330.897
0.00111341     286.292
0.00101676     241.686
0.000920119     197.08
0.000823472     152.474
0.000726826     107.868
0.00063018     63.2618
0.000533534     18.6559
0.000436888     -25.9501
0.000340241     -70.556
0.000243595     -115.162
0.000146949     -159.768
5.03027e-05     -204.374
-4.63436e-05     -248.98
-0.00014299     -293.586
-0.000239636     -338.192
-0.000336282     -382.798
-0.000432928     -427.404
-0.000529575     -472.01
-0.000626221     -516.615
-0.000722867     -561.221
-0.000819513     -605.827
-0.00091616     -650.433
-0.00101281     -695.039
-0.00110945     -739.645
-0.0012061     -784.251
-0.00130274     -828.857
-0.00139939     -873.463
-0.00149604     -918.069
-0.00159268     -962.675
-0.00168933     -1007.28
-0.00178598     -1051.89
-0.00188261     -1096.49
-0.00197887     -1140.91
-0.00207037     -1183.14
-0.00214342     -1216.82
-0.0021948     -1239.85
-0.00223591     -1256.37
-0.00227552     -1269.45
-0.00231937     -1280.53
-0.0023723     -1290.31
-0.00243913     -1299.17
-0.00252501     -1307.31
-0.00263538     -1314.86
-0.0027758     -1321.87
-0.00295154     -1328.39
-0.0031672     -1334.46
-0.00342629     -1340.08
-0.00373095     -1345.28
-0.00408191     -1350.08
-0.00447857     -1354.51
-0.00491927     -1358.58
-0.00540157     -1362.34
-0.00592258     -1365.8
-0.00647917     -1369
-0.00706819     -1371.96
-0.00768662     -1374.7
-0.0083316     -1377.26
-0.0090005     -1379.64
-0.00969095     -1381.86
-0.0104008     -1383.95
-0.0111281     -1385.91
-0.0118713     -1387.76
-0.0126286     -1389.5
-0.0133989     -1391.15
-0.014181     -1392.72
-0.0149737     -1394.21
-0.0157761     -1395.62
-0.0165875     -1396.98
-0.017407     -1398.27
-0.0182339     -1399.51
-0.0190677     -1400.69
-0.0199079     -1401.83
-0.0207539     -1402.93
-0.0216053     -1403.99
-0.0224618     -1405.01
-0.0233229     -1405.99
-0.0241883     -1406.94
-0.0250578     -1407.86
-0.0249289     -1348.38
-0.0248     -1288.91
-0.0246712     -1229.43
-0.0245423     -1169.96
-0.0244135     -1110.49
-0.0242846     -1051.01
-0.0241557     -991.536
-0.0240269     -932.061
-0.023898     -872.587
-0.0237692     -813.112
-0.0236403     -753.638
-0.0235114     -694.163
-0.0233826     -634.688
-0.0232537     -575.214
-0.0231248     -515.739
-0.022996     -456.265
-0.0228671     -396.79
-0.0227383     -337.315
-0.0226094     -277.841
-0.0224805     -218.366
-0.0223517     -158.892
-0.0222228     -99.4171
-0.022094     -39.9425
-0.0219651     19.5321
-0.0218362     79.0067
-0.0217074     138.481
-0.0215785     197.956
-0.0214496     257.43
-0.0213208     316.905
-0.0211919     376.38
-0.0210631     435.854
-0.0209342     495.329
-0.0208053     554.803
-0.0206765     614.278
-0.0205476     673.753
-0.0204188     733.227
-0.0202899     792.702
-0.020161     852.176
-0.0200322     911.651
-0.0199033     971.126
-0.0197745     1030.57
-0.0196487     1088.64
-0.0195456     1136.15
-0.0194772     1166.63
-0.0194232     1187.32
-0.0193695     1203.39
-0.0193075     1216.95
-0.0192299     1228.94
-0.0191293     1239.81
-0.0189976     1249.81
-0.0188265     1259.06
-0.018608     1267.64
-0.0183347     1275.58
-0.0180009     1282.92
-0.0176029     1289.69
-0.0171395     1295.9
-0.0166115     1301.61
-0.0160214     1306.83
-0.0153729     1311.62
-0.0146705     1316.02
-0.013919     1320.06
-0.0131231     1323.79
-0.0122871     1327.23
-0.0114154     1330.42
-0.0105117     1333.38
-0.00957926     1336.15
-0.00862124     1338.73
-0.00764025     1341.16
-0.00663864     1343.44
-0.00561846     1345.59
-0.00458155     1347.62
-0.00352949     1349.54
-0.00246371     1351.37
-0.00138545     1353.11
-0.000295827     1354.77
0.000804187     1356.35
0.00191371     1357.87
0.00303197     1359.32
0.00415826     1360.71
0.00529196     1362.06
0.0064325     1363.35
0.00757938     1364.59
0.00873214     1365.79
0.00989037     1366.95
0.0110537     1368.07
0.0122217     1369.16
0.0133942     1370.21
0.0145709     1371.24
0.0157514     1372.23
0.0169356     1373.19
0.0181232     1374.13
0.0193141     1375.05
0.0205079     1375.94
0.0217047     1376.8
0.0229042     1377.65
0.0241062     1378.47
0.0253106     1379.28
0.0265174     1380.07
0.0277263     1380.84
0.0289374     1381.6
0.0288085     1322.12
0.0286796     1262.65
0.0285508     1203.17
0.0284219     1143.7
0.028293     1084.22
0.0281642     1024.75
0.0280353     965.273
0.0279065     905.798
0.0277776     846.324
0.0276487     786.849
0.0275199     727.375
0.027391     667.9
0.0272622     608.425
0.0271333     548.951
0.0270044     489.476
0.0268756     430.002
0.0267467     370.527
0.0266178     311.052
0.026489     251.578
0.0263601     192.103
0.0262313     132.629
0.0261024     73.1541
0.0259735     13.6795
0.0258447     -45.7951
0.0257158     -105.27
0.025587     -164.744
0.0254581     -224.219
0.0253292     -283.694
0.0252004     -343.168
0.0250715     -402.643
0.0249426     -462.117
0.0248138     -521.592
0.0246849     -581.066
0.0245561     -640.541
0.0244272     -700.016
0.0242983     -759.49
0.0241695     -818.965
0.0240406     -878.439
0.0239118     -937.914
0.0237829     -997.389
0.0236541     -1056.83
0.0235285     -1114.8
0.0234268     -1161.71
0.0233591     -1191.56
0.0233037     -1211.87
0.0232459     -1227.69
0.023176     -1241.05
0.0230851     -1252.84
0.0229643     -1263.5
0.0228039     -1273.25
0.0225944     -1282.2
0.0223273     -1290.43
0.0219957     -1297.98
0.0215954     -1304.89
0.0211249     -1311.19
0.0205855     -1316.93
0.0199803     -1322.15
0.0193138     -1326.91
0.0185912     -1331.26
0.017818     -1335.23
0.0169996     -1338.87
0.0161407     -1342.22
0.0152461     -1345.32
0.0143196     -1348.19
0.0133649     -1350.86
0.0123852     -1353.35
0.0113831     -1355.68
0.010361     -1357.87
0.00932101     -1359.93
0.008265     -1361.87
0.00719453     -1363.71
0.00611101     -1365.46
0.00501566     -1367.12
0.00390957     -1368.7
0.00279369     -1370.21
0.00166887     -1371.66
0.000535866     -1373.04
-0.00060465     -1374.37
-0.00175208     -1375.65
-0.00290588     -1376.87
-0.00406557     -1378.06
-0.00523072     -1379.2
-0.00640093     -1380.3
-0.00757584     -1381.37
-0.00875514     -1382.41
-0.00993852     -1383.41
-0.0111257     -1384.38
-0.0123165     -1385.32
-0.0135106     -1386.24
-0.0147079     -1387.13
-0.0159081     -1388
-0.0171111     -1388.85
-0.0183167     -1389.67
-0.0195248     -1390.48
-0.0207353     -1391.26
-0.0219479     -1392.03
-0.0231627     -1392.78
-0.0243794     -1393.51
-0.025598     -1394.23
-0.0268184     -1394.93
-0.0266895     -1335.46
-0.0265607     -1275.99
-0.0264318     -1216.51
-0.026303     -1157.04
-0.0261741     -1097.56
-0.0260452     -1038.09
-0.0259164     -978.612
-0.0257875     -919.138
-0.0256587     -859.663
-0.0255298     -800.189
-0.0254009     -740.714
-0.0252721     -681.239
-0.0251432     -621.765
-0.0250143     -562.29
-0.0248855     -502.816
-0.0247566     -443.341
-0.0246278     -383.866
-0.0244989     -324.392
-0.02437     -264.917
-0.0242412     -205.443
-0.0241123     -145.968
-0.0239834     -86.4935
-0.0238546     -27.0189
-0.0237257     32.4557
-0.0235969     91.9303
-0.023468     151.405
-0.0233391     210.879
-0.0232103     270.354
-0.0230814     329.829
-0.0229526     389.303
-0.0228237     448.778
-0.0226948     508.252
-0.022566     567.727
-0.0224371     627.202
-0.0223082     686.676
-0.0221794     746.151
-0.0220505     805.625
-0.0219217     865.1
-0.0217928     924.575
-0.0216639     984.049
-0.0215352     1043.49
-0.0214095     1101.5
-0.0213073     1148.62
-0.0212394     1178.7
-0.0211851     1199.15
-0.02113     1215.06
-0.021065     1228.51
-0.0209822     1240.4
-0.0208736     1251.17
-0.0207304     1261.05
-0.0205438     1270.17
-0.0203052     1278.59
-0.0200075     1286.36
-0.0196455     1293.51
-0.0192164     1300.07
-0.0187199     1306.07
-0.0181578     1311.55
-0.0175336     1316.57
-0.0168518     1321.15
-0.0161174     1325.35
-0.0153353     1329.21
-0.0145106     1332.76
-0.0136476     1336.04
-0.0127507     1339.08
-0.0118233     1341.91
-0.010869     1344.54
-0.00989048     1347
-0.00889038     1349.32
-0.00787091     1351.49
-0.00683403     1353.54
-0.00578147     1355.48
-0.00471473     1357.32
-0.00363515     1359.07
-0.00254389     1360.74
-0.001442     1362.32
-0.000330395     1363.84
0.000790102     1365.29
0.00191876     1366.69
0.00305493     1368.02
0.00419803     1369.31
0.00534752     1370.55
0.00650294     1371.75
0.00766385     1372.9
0.00882988     1374.02
0.0100007     1375.1
0.0111759     1376.14
0.0123552     1377.16
0.0135385     1378.14
0.0147254     1379.1
0.0159157     1380.03
0.0171092     1380.93
0.0183057     1381.81
0.0195051     1382.67
0.0207071     1383.51
0.0219117     1384.33
0.0231187     1385.12
0.0243279     1385.9
0.0255393     1386.66
0.0267528     1387.41
0.0279682     1388.14
0.0278071     1313.8
0.027646     1239.45
0.027485     1165.11
0.0273239     1090.77
0.0271628     1016.42
0.0270017     942.08
0.0268406     867.737
0.0266796     793.393
0.0265185     719.05
0.0263574     644.707
0.0261963     570.364
0.0260353     496.02
0.0258742     421.677
0.0257131     347.334
0.025552     272.991
0.025391     198.647
0.0252299     124.304
0.0250688     49.9609
0.0249077     -24.3824
0.0247466     -98.7256
0.0245856     -173.069
0.0244245     -247.412
0.0242634     -321.755
0.0241023     -396.099
0.0239413     -470.442
0.0237802     -544.785
0.0236191     -619.128
0.023458     -693.472
0.023297     -767.815
0.0231359     -842.158
0.0229748     -916.501
0.0228137     -990.845
0.0226529     -1065.09
0.0225033     -1134.09
0.0224055     -1179.15
0.022336     -1205.87
0.0222637     -1225.28
0.0221709     -1241.24
0.0220411     -1255.12
0.0218567     -1267.51
0.0215998     -1278.69
0.021254     -1288.77
0.0208073     -1297.83
0.0202538     -1305.94
0.0195937     -1313.19
0.0188323     -1319.64
0.0179783     -1325.4
0.0170416     -1330.55
0.0160325     -1335.18
0.0149604     -1339.35
0.0138339     -1343.14
0.0126604     -1346.6
0.0114463     -1349.76
0.010197     -1352.68
0.0089171     -1355.38
0.00761043     -1357.89
0.00628029     -1360.23
0.00492947     -1362.43
0.00356035     -1364.49
0.00217497     -1366.43
0.000775074     -1368.27
-0.000637831     -1370.01
-0.00206244     -1371.66
-0.0034976     -1373.24
-0.00494233     -1374.74
-0.00639575     -1376.18
-0.00785709     -1377.56
-0.00932567     -1378.89
-0.0108009     -1380.16
-0.0122822     -1381.38
-0.0137691     -1382.57
-0.0152612     -1383.71
-0.0167581     -1384.81
-0.0182595     -1385.88
-0.019765     -1386.91
-0.0212743     -1387.91
-0.0227872     -1388.89
-0.0243035     -1389.83
-0.0258229     -1390.75
-0.0273453     -1391.65
-0.0288704     -1392.52
-0.0303981     -1393.37
-0.0319282     -1394.2
-0.0334606     -1395.01
-0.0349952     -1395.81
-0.0365318     -1396.58
-0.0380704     -1397.34
-0.0396108     -1398.08
-0.041153     -1398.8
-0.0426968     -1399.52
-0.0442422     -1400.21
-0.045789     -1400.9
-0.0473373     -1401.57
-0.0488869     -1402.22
-0.0504378     -1402.87
-0.0519899     -1403.51
-0.0535432     -1404.13
-0.0550976     -1404.74
-0.0566531     -1405.35
-0.0582096     -1405.94
-0.0580163     -1316.73
-0.057823     -1227.52
-0.0576297     -1138.3
-0.0574365     -1049.09
-0.0572432     -959.881
-0.0570499     -870.669
-0.0568566     -781.457
-0.0566633     -692.245
-0.05647     -603.033
-0.0562767     -513.822
-0.0560834     -424.61
-0.0558901     -335.398
-0.0556968     -246.186
-0.0555035     -156.974
-0.0553102     -67.762
-0.0551169     21.4498
-0.0549236     110.662
-0.0547304     199.874
-0.0545371     289.086
-0.0543438     378.297
-0.0541505     467.509
-0.0539572     556.721
-0.0537639     645.933
-0.0535706     735.145
-0.0533773     824.357
-0.053184     913.569
-0.0529907     1002.78
-0.0528002     1090.69
-0.05266     1156.12
-0.0525742     1190.95
-0.0524864     1214.27
-0.0523678     1232.88
-0.0521917     1248.85
-0.0519292     1262.93
-0.0515526     1275.42
-0.0510399     1286.48
-0.0503797     1296.22
-0.049572     1304.76
-0.0486262     1312.23
-0.0475567     1318.78
-0.0463801     1324.55
-0.0451119     1329.67
-0.0437663     1334.24
-0.0423554     1338.35
-0.0408894     1342.07
-0.0393765     1345.45
-0.0378237     1348.55
-0.0362367     1351.41
-0.0346201     1354.06
-0.032978     1356.52
-0.0313135     1358.83
-0.0296293     1360.98
-0.0279279     1363.02
-0.0262112     1364.93
-0.0244808     1366.75
-0.0227382     1368.47
-0.0209846     1370.12
-0.0192211     1371.68
-0.0174486     1373.18
-0.0156681     1374.62
-0.0138801     1375.99
-0.0120853     1377.32
-0.0102844     1378.59
-0.00847778     1379.82
-0.0066659     1381.01
-0.00484918     1382.15
-0.00302799     1383.27
-0.00120264     1384.34
0.000626568     1385.39
0.00245937     1386.4
0.00429551     1387.39
0.00613479     1388.35
0.007977     1389.28
0.00982194     1390.19
0.0116695     1391.08
0.0135194     1391.94
0.0153716     1392.79
0.017226     1393.62
0.0190824     1394.43
0.0209407     1395.22
0.0228008     1395.99
0.0246627     1396.75
0.0265261     1397.5
0.0283911     1398.23
0.0302576     1398.94
0.0321255     1399.65
0.0339947     1400.34
0.0358651     1401.01
0.0377368     1401.68
0.0396096     1402.34
0.0414835     1402.98
0.0433584     1403.62
0.0452344     1404.24
0.0471113     1404.86
0.0489891     1405.46
0.0508678     1406.06
0.0527474     1406.65
0.0546277     1407.23
0.0565089     1407.8
0.0583907     1408.37
0.0581975     1319.15
0.0580042     1229.94
0.0578109     1140.73
0.0576176     1051.52
0.0574243     962.307
0.057231     873.095
0.0570377     783.883
0.0568444     694.671
0.0566511     605.459
0.0564578     516.247
0.0562645     427.035
0.0560712     337.823
0.0558779     248.611
0.0556847     159.399
0.0554914     70.1876
0.0552981     -19.0243
0.0551048     -108.236
0.0549115     -197.448
0.0547182     -286.66
0.0545249     -375.872
0.0543316     -465.084
0.0541383     -554.296
0.053945     -643.508
0.0537517     -732.719
0.0535584     -821.931
0.0533651     -911.143
0.0531719     -1000.35
0.0529812     -1088.33
0.0528396     -1154.34
0.0527526     -1189.59
0.052663     -1213.09
0.0525418     -1231.8
0.0523616     -1247.82
0.0520935     -1261.91
0.05171     -1274.41
0.0511896     -1285.46
0.0505214     -1295.18
0.0497062     -1303.69
0.0487536     -1311.15
0.0476783     -1317.68
0.0464967     -1323.45
0.0452244     -1328.56
0.0438753     -1333.12
0.0424615     -1337.22
0.040993     -1340.94
0.039478     -1344.32
0.0379234     -1347.42
0.0363348     -1350.28
0.0347169     -1352.93
0.0330736     -1355.4
0.031408     -1357.7
0.0297229     -1359.86
0.0280207     -1361.89
0.0263031     -1363.82
0.024572     -1365.63
0.0228288     -1367.36
0.0210746     -1369.01
0.0193105     -1370.58
0.0175376     -1372.08
0.0157566     -1373.52
0.0139681     -1374.9
0.012173     -1376.22
0.0103717     -1377.5
0.00856465     -1378.73
0.00675243     -1379.92
0.00493538     -1381.07
0.00311387     -1382.19
0.00128821     -1383.26
-0.000541281     -1384.31
-0.00237436     -1385.33
-0.00421077     -1386.32
-0.0060503     -1387.28
-0.00789275     -1388.22
-0.00973794     -1389.13
-0.0115857     -1390.02
-0.0134359     -1390.89
-0.0152883     -1391.74
-0.0171429     -1392.57
-0.0189995     -1393.38
-0.020858     -1394.17
-0.0227183     -1394.95
-0.0245803     -1395.71
-0.026444     -1396.46
-0.0283091     -1397.19
-0.0301758     -1397.91
-0.0320438     -1398.61
-0.0339132     -1399.3
-0.0357838     -1399.98
-0.0376556     -1400.65
-0.0395285     -1401.31
-0.0414026     -1401.96
-0.0432777     -1402.59
-0.0451538     -1403.22
-0.0470308     -1403.84
-0.0489088     -1404.45
-0.0507876     -1405.04
-0.0526673     -1405.63
-0.0545478     -1406.22
-0.056429     -1406.79
-0.0583111     -1407.36
-0.0581178     -1318.15
-0.0579245     -1228.93
-0.0577312     -1139.72
-0.0575379     -1050.51
-0.0573446     -961.297
-0.0571513     -872.086
-0.056958     -782.874
-0.0567647     -693.662
-0.0565714     -604.45
-0.0563781     -515.238
-0.0561848     -426.026
-0.0559915     -336.814
-0.0557983     -247.602
-0.055605     -158.39
-0.0554117     -69.1786
-0.0552184     20.0333
-0.0550251     109.245
-0.0548318     198.457
-0.0546385     287.669
-0.0544452     376.881
-0.0542519     466.093
-0.0540586     555.305
-0.0538653     644.517
-0.053672     733.729
-0.0534787     822.94
-0.0532854     912.152
-0.0530922     1001.36
-0.0529016     1089.31
-0.0527606     1155.08
-0.0526741     1190.15
-0.0525852     1213.57
-0.0524652     1232.24
-0.0522867     1248.24
-0.0520211     1262.33
-0.0516405     1274.82
-0.0511234     1285.88
-0.0504587     1295.61
-0.0496468     1304.13
-0.0486971     1311.59
-0.0476244     1318.13
-0.0464449     1323.9
-0.0451744     1329.02
-0.0438269     1333.58
-0.0424144     1337.69
-0.040947     1341.4
-0.0394329     1344.79
-0.0378791     1347.89
-0.0362912     1350.75
-0.0346739     1353.4
-0.0330311     1355.86
-0.031366     1358.17
-0.0296814     1360.33
-0.0279795     1362.36
-0.0262623     1364.28
-0.0245315     1366.1
-0.0227886     1367.82
-0.0210347     1369.47
-0.0192709     1371.04
-0.0174982     1372.54
-0.0157173     1373.97
-0.0139291     1375.35
-0.0121341     1376.68
-0.010333     1377.95
-0.00852616     1379.18
-0.0067141     1380.37
-0.0048972     1381.52
-0.00307583     1382.63
-0.00125032     1383.71
0.000579042     1384.76
0.00241199     1385.77
0.00424828     1386.76
0.0060877     1387.72
0.00793004     1388.66
0.00977511     1389.57
0.0116228     1390.46
0.0134728     1391.33
0.0153252     1392.17
0.0171796     1393
0.0190362     1393.81
0.0208946     1394.61
0.0227548     1395.38
0.0246167     1396.14
0.0264803     1396.89
0.0283454     1397.62
0.030212     1398.34
0.0320799     1399.04
0.0339492     1399.73
0.0358197     1400.41
0.0376915     1401.08
0.0395643     1401.74
0.0414383     1402.38
0.0433133     1403.02
0.0451894     1403.64
0.0470664     1404.26
0.0489443     1404.87
0.050823     1405.47
0.0527027     1406.06
0.0545831     1406.64
0.0564643     1407.21
0.0583463     1407.78
0.0581207     1303.7
0.0578952     1199.61
0.0576697     1095.53
0.0574442     991.454
0.0572187     887.373
0.0569932     783.293
0.0567677     679.212
0.0565422     575.132
0.0563167     471.051
0.0560912     366.971
0.0558657     262.89
0.0556402     158.81
0.0554147     54.729
0.0551891     -49.3515
0.0549636     -153.432
0.0547381     -257.513
0.0545126     -361.593
0.0542871     -465.674
0.0540616     -569.754
0.0538361     -673.835
0.0536106     -777.915
0.0533851     -881.996
0.0531596     -986.076
0.0529367     -1088.93
0.0527833     -1162.22
0.0526869     -1198.66
0.0525704     -1223.26
0.0523931     -1243.08
0.0521098     -1260.03
0.0516759     -1274.75
0.0510563     -1287.51
0.0502353     -1298.48
0.0492176     -1307.88
0.0480222     -1315.93
0.0466743     -1322.87
0.0451992     -1328.89
0.0436195     -1334.16
0.0419538     -1338.83
0.0402174     -1342.99
0.0384226     -1346.74
0.0365789     -1350.14
0.0346943     -1353.25
0.0327751     -1356.11
0.0308261     -1358.75
0.0288517     -1361.2
0.0268553     -1363.5
0.0248396     -1365.64
0.022807     -1367.67
0.0207596     -1369.58
0.0186989     -1371.38
0.0166265     -1373.1
0.0145436     -1374.74
0.0124513     -1376.3
0.0103504     -1377.79
0.00824174     -1379.22
0.00612609     -1380.6
0.00400404     -1381.92
0.00187614     -1383.2
-0.000257119     -1384.43
-0.00239531     -1385.61
-0.00453806     -1386.76
-0.006685     -1387.88
-0.00883583     -1388.96
-0.0109903     -1390
-0.0131481     -1391.02
-0.015309     -1392.01
-0.0174728     -1392.98
-0.0196394     -1393.92
-0.0218085     -1394.84
-0.02398     -1395.73
-0.0261537     -1396.6
-0.0283296     -1397.46
-0.0305074     -1398.3
-0.0326871     -1399.11
-0.0348686     -1399.91
-0.0370518     -1400.7
-0.0392365     -1401.47
-0.0414228     -1402.22
-0.0436105     -1402.96
-0.0457995     -1403.69
-0.0479898     -1404.41
-0.0501813     -1405.11
-0.052374     -1405.8
-0.0545678     -1406.48
-0.0567626     -1407.15
-0.0589585     -1407.81
-0.0611553     -1408.45
-0.0633531     -1409.09
-0.0655517     -1409.72
-0.0677511     -1410.34
-0.0699514     -1410.95
-0.0721524     -1411.55
-0.0743542     -1412.15
-0.0765567     -1412.74
-0.0787599     -1413.32
-0.0809637     -1413.89
-0.0831682     -1414.45
-0.0853733     -1415.01
-0.0875789     -1415.57
-0.0897852     -1416.11
-0.0895274     -1297.16
-0.0892697     -1178.21
-0.089012     -1059.26
-0.0887543     -940.314
-0.0884965     -821.365
-0.0882388     -702.416
-0.0879811     -583.467
-0.0877234     -464.517
-0.0874656     -345.568
-0.0872079     -226.619
-0.0869502     -107.67
-0.0866925     11.2794
-0.0864348     130.229
-0.086177     249.178
-0.0859193     368.127
-0.0856616     487.076
-0.0854039     606.025
-0.0851461     724.975
-0.0848884     843.924
-0.0846307     962.873
-0.0843754     1080.71
-0.0842119     1161.99
-0.0841024     1200.26
-0.0839478     1226.3
-0.083691     1247.33
-0.0832651     1265.15
-0.0826124     1280.31
-0.0817025     1293.12
-0.0805388     1303.88
-0.0791484     1312.91
-0.0775681     1320.56
-0.0758337     1327.1
-0.0739758     1332.77
-0.072019     1337.73
-0.0699824     1342.12
-0.067881     1346.05
-0.0657265     1349.6
-0.0635278     1352.83
-0.0612922     1355.79
-0.0590254     1358.52
-0.0567319     1361.05
-0.0544155     1363.41
-0.0520792     1365.62
-0.0497257     1367.7
-0.0473569     1369.66
-0.0449748     1371.52
-0.0425807     1373.28
-0.0401761     1374.96
-0.0377619     1376.56
-0.0353392     1378.1
-0.0329088     1379.56
-0.0304714     1380.97
-0.0280276     1382.33
-0.0255781     1383.64
-0.0231232     1384.9
-0.0206634     1386.12
-0.0181992     1387.3
-0.0157309     1388.44
-0.0132587     1389.55
-0.010783     1390.63
-0.00830396     1391.67
-0.0058219     1392.69
-0.003337     1393.69
-0.000849431     1394.65
0.00164062     1395.6
0.004133     1396.52
0.00662757     1397.42
0.00912419     1398.3
0.0116227     1399.16
0.0141231     1400.01
0.0166252     1400.83
0.0191289     1401.65
0.0216341     1402.44
0.0241408     1403.22
0.0266489     1403.99
0.0291583     1404.74
0.0316689     1405.48
0.0341807     1406.21
0.0366936     1406.92
0.0392076     1407.63
0.0417226     1408.32
0.0442385     1409
0.0467554     1409.68
0.0492732     1410.34
0.0517918     1410.99
0.0543112     1411.64
0.0568314     1412.27
0.0593523     1412.9
0.061874     1413.52
0.0643963     1414.13
0.0669193     1414.74
0.0694429     1415.34
0.0719672     1415.93
0.074492     1416.51
0.0770173     1417.09
0.0795432     1417.66
0.0820697     1418.22
0.0845966     1418.78
0.087124     1419.33
0.0896519     1419.88
0.0893941     1300.93
0.0891364     1181.98
0.0888787     1063.03
0.088621     944.082
0.0883633     825.133
0.0881055     706.184
0.0878478     587.234
0.0875901     468.285
0.0873324     349.336
0.0870746     230.387
0.0868169     111.438
0.0865592     -7.51145
0.0863015     -126.461
0.0860437     -245.41
0.085786     -364.359
0.0855283     -483.308
0.0852706     -602.257
0.0850128     -721.207
0.0847551     -840.156
0.0844974     -959.105
0.084242     -1076.99
0.0840764     -1158.94
0.0839657     -1197.56
0.08381     -1223.74
0.0835522     -1244.86
0.0831257     -1262.73
0.0824737     -1277.94
0.0815658     -1290.79
0.0804053     -1301.59
0.0790188     -1310.68
0.0774426     -1318.37
0.0757122     -1324.95
0.0738581     -1330.65
0.0719048     -1335.64
0.0698715     -1340.06
0.0677732     -1344.02
0.0656213     -1347.59
0.0634252     -1350.84
0.0611918     -1353.83
0.0589271     -1356.58
0.0566355     -1359.13
0.0543209     -1361.51
0.0519863     -1363.73
0.0496342     -1365.83
0.0472669     -1367.8
0.0448861     -1369.67
0.0424933     -1371.45
0.0400898     -1373.14
0.0376767     -1374.75
0.0352551     -1376.29
0.0328256     -1377.77
0.0303891     -1379.19
0.0279462     -1380.55
0.0254975     -1381.87
0.0230434     -1383.14
0.0205844     -1384.37
0.0181209     -1385.55
0.0156533     -1386.7
0.0131817     -1387.82
0.0107066     -1388.91
0.00822823     -1389.96
0.00574675     -1390.98
0.0032624     -1391.98
0.000775367     -1392.96
-0.00171417     -1393.91
-0.00420606     -1394.84
-0.00670015     -1395.74
-0.00919631     -1396.63
-0.0116944     -1397.5
-0.0141944     -1398.35
-0.016696     -1399.18
-0.0191993     -1399.99
-0.0217042     -1400.79
-0.0242105     -1401.58
-0.0267182     -1402.35
-0.0292272     -1403.11
-0.0317375     -1403.85
-0.0342489     -1404.58
-0.0367615     -1405.3
-0.0392752     -1406.01
-0.0417899     -1406.71
-0.0443055     -1407.39
-0.0468221     -1408.07
-0.0493396     -1408.74
-0.0518579     -1409.4
-0.0543771     -1410.04
-0.056897     -1410.68
-0.0594177     -1411.31
-0.0619391     -1411.94
-0.0644612     -1412.55
-0.066984     -1413.16
-0.0695073     -1413.76
-0.0720313     -1414.35
-0.0745559     -1414.94
-0.0770811     -1415.52
-0.0796068     -1416.09
-0.082133     -1416.66
-0.0846597     -1417.22
-0.0871869     -1417.78
-0.0897146     -1418.33
-0.0894568     -1299.38
-0.0891991     -1180.43
-0.0889414     -1061.48
-0.0886837     -942.531
-0.0884259     -823.582
-0.0881682     -704.632
-0.0879105     -585.683
-0.0876528     -466.734
-0.0873951     -347.785
-0.0871373     -228.836
-0.0868796     -109.886
-0.0866219     9.0628
-0.0863642     128.012
-0.0861064     246.961
-0.0858487     365.91
-0.085591     484.86
-0.0853333     603.809
-0.0850755     722.758
-0.0848178     841.707
-0.0845601     960.656
-0.0843047     1078.52
-0.08414     1160.21
-0.0840297     1198.69
-0.0838744     1224.81
-0.0836169     1245.89
-0.0831904     1263.74
-0.0825378     1278.93
-0.0816288     1291.76
-0.0804666     1302.54
-0.0790782     1311.61
-0.0775     1319.28
-0.0757678     1325.84
-0.0739119     1331.53
-0.071957     1336.5
-0.0699222     1340.91
-0.0678225     1344.86
-0.0656695     1348.42
-0.0634722     1351.67
-0.0612378     1354.64
-0.0589721     1357.38
-0.0566797     1359.92
-0.0543643     1362.29
-0.0520289     1364.52
-0.0496762     1366.6
-0.0473083     1368.57
-0.0449269     1370.44
-0.0425335     1372.21
-0.0401295     1373.89
-0.0377159     1375.5
-0.0352938     1377.04
-0.032864     1378.51
-0.0304271     1379.93
-0.0279838     1381.29
-0.0255347     1382.6
-0.0230803     1383.87
-0.0206209     1385.09
-0.0181571     1386.27
-0.0156891     1387.42
-0.0132173     1388.53
-0.0107419     1389.62
-0.00826328     1390.67
-0.00578154     1391.69
-0.00329694     1392.69
-0.000809671     1393.66
0.0016801     1394.6
0.0041722     1395.53
0.00666651     1396.43
0.00916287     1397.32
0.0116612     1398.18
0.0141613     1399.03
0.0166632     1399.86
0.0191666     1400.67
0.0216717     1401.47
0.0241782     1402.26
0.026686     1403.02
0.0291952     1403.78
0.0317056     1404.52
0.0342172     1405.25
0.0367299     1405.97
0.0392437     1406.68
0.0417586     1407.37
0.0442744     1408.06
0.0467911     1408.73
0.0493087     1409.4
0.0518271     1410.05
0.0543464     1410.7
0.0568665     1411.34
0.0593873     1411.97
0.0619088     1412.59
0.064431     1413.21
0.0669538     1413.81
0.0694773     1414.41
0.0720014     1415
0.0745261     1415.59
0.0770514     1416.17
0.0795771     1416.74
0.0821034     1417.3
0.0846303     1417.86
0.0871576     1418.42
0.0896853     1418.97
0.0893954     1285.15
0.0891054     1151.33
0.0888155     1017.51
0.0885256     883.696
0.0882356     749.878
0.0879457     616.06
0.0876557     482.242
0.0873658     348.425
0.0870759     214.607
0.0867859     80.7889
0.086496     -53.0289
0.086206     -186.847
0.0859161     -320.665
0.0856262     -454.482
0.0853362     -588.3
0.0850463     -722.118
0.0847564     -855.936
0.0844664     -989.753
0.084192     -1116.4
0.0840642     -1181.68
0.0839207     -1215.49
0.0836722     -1240.65
0.0832322     -1261.35
0.0825144     -1278.61
0.0814734     -1292.9
0.080116     -1304.64
0.0784838     -1314.32
0.0766288     -1322.37
0.0745988     -1329.18
0.0724325     -1335.01
0.0701594     -1340.09
0.067802     -1344.56
0.0653769     -1348.55
0.062897     -1352.14
0.0603721     -1355.4
0.0578098     -1358.38
0.0552161     -1361.13
0.0525957     -1363.68
0.0499527     -1366.06
0.04729     -1368.28
0.0446102     -1370.38
0.0419155     -1372.35
0.0392078     -1374.22
0.0364884     -1375.99
0.0337586     -1377.68
0.0310197     -1379.3
0.0282725     -1380.84
0.0255178     -1382.32
0.0227563     -1383.74
0.0199887     -1385.11
0.0172155     -1386.43
0.0144373     -1387.71
0.0116543     -1388.94
0.00886706     -1390.13
0.00607584     -1391.29
0.00328097     -1392.42
0.000482711     -1393.51
-0.00231869     -1394.57
-0.005123     -1395.6
-0.00793003     -1396.61
-0.0107396     -1397.6
-0.0135515     -1398.56
-0.0163657     -1399.49
-0.0191819     -1400.41
-0.0220001     -1401.31
-0.0248201     -1402.19
-0.0276418     -1403.05
-0.0304652     -1403.89
-0.0332901     -1404.72
-0.0361165     -1405.53
-0.0389442     -1406.33
-0.0417733     -1407.11
-0.0446035     -1407.88
-0.047435     -1408.64
-0.0502675     -1409.39
-0.0531012     -1410.12
-0.0559358     -1410.84
-0.0587714     -1411.56
-0.0616079     -1412.26
-0.0644452     -1412.95
-0.0672835     -1413.63
-0.0701225     -1414.3
-0.0729622     -1414.97
-0.0758027     -1415.62
-0.0786439     -1416.27
-0.0814858     -1416.91
-0.0843283     -1417.54
-0.0871714     -1418.17
-0.0900152     -1418.78
-0.0928595     -1419.39
-0.0957043     -1420
-0.0985496     -1420.6
-0.101396     -1421.19
-0.104242     -1421.77
-0.107089     -1422.35
-0.109936     -1422.92
-0.112784     -1423.49
-0.115632     -1424.05
-0.11848     -1424.61
-0.121329     -1425.16
-0.121007     -1276.48
-0.120685     -1127.79
-0.120363     -979.104
-0.120041     -830.417
-0.119719     -681.731
-0.119396     -533.044
-0.119074     -384.358
-0.118752     -235.671
-0.11843     -86.9849
-0.118108     61.7016
-0.117786     210.388
-0.117463     359.075
-0.117141     507.761
-0.116819     656.448
-0.116497     805.134
-0.116175     953.821
-0.115861     1098.62
-0.115726     1177.2
-0.115566     1214.49
-0.115257     1241.62
-0.114688     1263.58
-0.113756     1281.51
-0.112426     1295.99
-0.110733     1307.66
-0.108744     1317.15
-0.106526     1325
-0.104135     1331.6
-0.101611     1337.26
-0.0989841     1342.19
-0.0962771     1346.53
-0.0935062     1350.42
-0.0906837     1353.92
-0.0878188     1357.11
-0.0849189     1360.03
-0.0819895     1362.73
-0.0790352     1365.24
-0.0760596     1367.58
-0.0730656     1369.78
-0.0700557     1371.85
-0.0670318     1373.8
-0.0639957     1375.66
-0.0609487     1377.42
-0.057892     1379.1
-0.0548267     1380.71
-0.0517536     1382.25
-0.0486735     1383.73
-0.0455871     1385.16
-0.042495     1386.53
-0.0393976     1387.85
-0.0362955     1389.13
-0.033189     1390.37
-0.0300784     1391.57
-0.0269641     1392.74
-0.0238464     1393.87
-0.0207256     1394.97
-0.0176017     1396.04
-0.0144752     1397.09
-0.0113461     1398.11
-0.00821461     1399.11
-0.00508091     1400.08
-0.00194513     1401.03
0.00119261     1401.96
0.00433217     1402.87
0.00747345     1403.77
0.0106164     1404.64
0.0137608     1405.5
0.0169067     1406.35
0.0200539     1407.18
0.0232025     1407.99
0.0263522     1408.79
0.0295031     1409.58
0.0326551     1410.36
0.0358082     1411.12
0.0389623     1411.87
0.0421173     1412.62
0.0452732     1413.35
0.04843     1414.07
0.0515875     1414.78
0.0547459     1415.48
0.057905     1416.17
0.0610649     1416.86
0.0642254     1417.53
0.0673866     1418.2
0.0705484     1418.86
0.0737108     1419.51
0.0768738     1420.16
0.0800374     1420.8
0.0832014     1421.43
0.086366     1422.05
0.0895311     1422.67
0.0926967     1423.28
0.0958627     1423.89
0.0990292     1424.49
0.102196     1425.08
0.105363     1425.67
0.108531     1426.26
0.111699     1426.84
0.114868     1427.41
0.118036     1427.98
0.121206     1428.55
0.120883     1279.86
0.120561     1131.18
0.120239     982.49
0.119917     833.803
0.119595     685.117
0.119273     536.43
0.118951     387.744
0.118628     239.057
0.118306     90.371
0.117984     -58.3155
0.117662     -207.002
0.11734     -355.688
0.117018     -504.375
0.116695     -653.061
0.116373     -801.748
0.116051     -950.434
0.115737     -1095.36
0.115601     -1174.63
0.115439     -1212.15
0.115129     -1239.38
0.11456     -1261.41
0.113629     -1279.38
0.112302     -1293.92
0.110613     -1305.64
0.108629     -1315.18
0.106416     -1323.07
0.104029     -1329.71
0.101508     -1335.41
0.0988851     -1340.36
0.0961812     -1344.74
0.093413     -1348.64
0.0905928     -1352.17
0.0877301     -1355.38
0.0848322     -1358.32
0.0819046     -1361.04
0.0789519     -1363.56
0.0759778     -1365.92
0.0729853     -1368.13
0.0699766     -1370.21
0.0669539     -1372.18
0.0639189     -1374.04
0.0608729     -1375.82
0.0578172     -1377.51
0.0547528     -1379.13
0.0516806     -1380.68
0.0486013     -1382.17
0.0455157     -1383.6
0.0424243     -1384.98
0.0393276     -1386.31
0.0362261     -1387.59
0.0331202     -1388.84
0.0300102     -1390.05
0.0268965     -1391.22
0.0237793     -1392.36
0.020659     -1393.47
0.0175356     -1394.55
0.0144096     -1395.6
0.0112809     -1396.62
0.00814988     -1397.62
0.0050166     -1398.6
0.00188122     -1399.56
-0.00125612     -1400.5
-0.0043953     -1401.41
-0.00753623     -1402.31
-0.0106788     -1403.19
-0.0138229     -1404.06
-0.0169684     -1404.9
-0.0201154     -1405.74
-0.0232636     -1406.56
-0.026413     -1407.36
-0.0295637     -1408.15
-0.0327154     -1408.93
-0.0358682     -1409.7
-0.039022     -1410.46
-0.0421767     -1411.2
-0.0453324     -1411.94
-0.0484889     -1412.66
-0.0516463     -1413.37
-0.0548044     -1414.08
-0.0579633     -1414.78
-0.0611229     -1415.46
-0.0642832     -1416.14
-0.0674442     -1416.81
-0.0706058     -1417.47
-0.073768     -1418.13
-0.0769308     -1418.78
-0.0800942     -1419.42
-0.0832581     -1420.05
-0.0864225     -1420.68
-0.0895874     -1421.3
-0.0927528     -1421.92
-0.0959186     -1422.52
-0.0990849     -1423.13
-0.102252     -1423.73
-0.105419     -1424.32
-0.108586     -1424.9
-0.111754     -1425.49
-0.114923     -1426.06
-0.118091     -1426.64
-0.12126     -1427.2
-0.120938     -1278.52
-0.120616     -1129.83
-0.120294     -981.144
-0.119972     -832.457
-0.119649     -683.771
-0.119327     -535.084
-0.119005     -386.398
-0.118683     -237.711
-0.118361     -89.0248
-0.118039     59.6617
-0.117717     208.348
-0.117394     357.035
-0.117072     505.721
-0.11675     654.408
-0.116428     803.094
-0.116106     951.781
-0.115792     1096.66
-0.115656     1175.66
-0.115495     1213.09
-0.115185     1240.28
-0.114616     1262.28
-0.113684     1280.24
-0.112355     1294.75
-0.110665     1306.45
-0.108679     1315.97
-0.106464     1323.84
-0.104075     1330.47
-0.101553     1336.15
-0.0989279     1341.09
-0.0962227     1345.45
-0.0934533     1349.35
-0.0906322     1352.87
-0.0877686     1356.07
-0.0848697     1359
-0.0819414     1361.71
-0.0789881     1364.23
-0.0760133     1366.58
-0.0730202     1368.79
-0.070011     1370.86
-0.0669878     1372.83
-0.0639523     1374.69
-0.0609059     1376.46
-0.0578497     1378.15
-0.0547849     1379.76
-0.0517124     1381.31
-0.0486328     1382.79
-0.0455468     1384.22
-0.0424551     1385.59
-0.0393581     1386.92
-0.0362564     1388.21
-0.0331502     1389.45
-0.03004     1390.65
-0.026926     1391.82
-0.0238086     1392.96
-0.0206881     1394.07
-0.0175645     1395.14
-0.0144383     1396.19
-0.0113094     1397.21
-0.00817819     1398.21
-0.00504473     1399.19
-0.00190918     1400.15
0.00122833     1401.08
0.00436767     1401.99
0.00750875     1402.89
0.0106514     1403.77
0.0137957     1404.63
0.0169414     1405.48
0.0200884     1406.31
0.0232368     1407.13
0.0263864     1407.93
0.0295371     1408.72
0.032689     1409.5
0.0358419     1410.27
0.0389958     1411.02
0.0421507     1411.77
0.0453064     1412.5
0.048463     1413.22
0.0516205     1413.93
0.0547787     1414.64
0.0579377     1415.33
0.0610974     1416.02
0.0642578     1416.69
0.0674189     1417.36
0.0705806     1418.03
0.0737429     1418.68
0.0769058     1419.33
0.0800692     1419.97
0.0832332     1420.6
0.0863977     1421.23
0.0895627     1421.85
0.0927281     1422.46
0.0958941     1423.07
0.0990604     1423.67
0.102227     1424.27
0.105394     1424.86
0.108562     1425.44
0.11173     1426.03
0.114898     1426.6
0.118067     1427.17
0.121236     1427.74
