[NODE]-[N18]-[1]-[1]     [FORCE_GROUP]-[1F]
0     0
0.35     54.24
0.7     108.5
1.05     162.7
1.4     217
1.75     271.2
2.1     325.5
2.45     379.7
2.8     434
3.15     488.2
3.5     542.4
3.85     596.7
4.2     650.9
4.55     705.2
4.9     759.4
5.25     813.7
5.6     867.9
5.95     922.1
6.3     976.4
6.65     1031
7     1085
7.35     1139
7.7     1193
8.05     1248
8.4     1302
8.75     1356
9.1     1410
9.45     1465
9.8     1519
10.15     1573
10.5     1627
10.85     1682
11.2     1736
11.55     1790
11.9     1844
12.25     1899
12.6     1953
12.95     2007
13.3     2061
13.65     2116
14     2170
14.35     2224
14.7     2278
15.05     2332
15.4     2387
15.75     2441
16.1     2495
16.45     2549
16.8     2604
17.15     2658
17.5     2712
17.85     2766
18.2     2821
18.55     2875
18.9     2929
19.25     2983
19.6     3038
19.95     3092
20.3     3146
20.65     3200
21     3255
21.35     3309
21.7     3363
22.05     3417
22.4     3472
22.75     3526
23.1     3580
23.45     3634
23.8     3689
24.15     3743
24.5     3797
24.85     3851
25.2     3906
25.55     3960
25.9     4014
26.25     4068
26.6     4123
26.95     4177
27.3     4231
27.65     4285
28     4340
28.35     4394
28.7     4448
29.05     4502
29.4     4556
29.75     4610
30.1     4664
30.45     4715
30.8     4762
31.15     4804
31.5     4838
31.85     4866
32.2     4889
32.55     4909
32.9     4925
33.25     4939
33.6     4952
33.95     4963
34.3     4974
34.65     4983
35     4991
34.3     4883
33.6     4774
32.9     4666
32.2     4558
31.5     4449
30.8     4341
30.1     4232
29.4     4124
28.7     4015
28     3907
27.3     3798
26.6     3690
25.9     3581
25.2     3473
24.5     3364
23.8     3256
23.1     3147
22.4     3039
21.7     2930
21     2822
20.3     2713
19.6     2605
18.9     2496
18.2     2388
17.5     2279
16.8     2171
16.1     2062
15.4     1954
14.7     1845
14     1737
13.3     1628
12.6     1520
11.9     1411
11.2     1303
10.5     1194
9.8     1086
9.1     977.4
8.4     868.9
7.7     760.4
7     651.9
6.3     543.4
5.6     435
4.9     326.5
4.2     218
3.5     109.5
2.8     1.002
2.1     -107.5
1.4     -216
0.7     -324.5
7.52731e-14     -433
-0.7     -541.4
-1.4     -649.9
-2.1     -758.4
-2.8     -866.9
-3.5     -975.4
-4.2     -1084
-4.9     -1192
-5.6     -1301
-6.3     -1409
-7     -1518
-7.7     -1626
-8.4     -1735
-9.1     -1843
-9.8     -1952
-10.5     -2060
-11.2     -2169
-11.9     -2277
-12.6     -2386
-13.3     -2494
-14     -2603
-14.7     -2711
-15.4     -2820
-16.1     -2928
-16.8     -3037
-17.5     -3145
-18.2     -3254
-18.9     -3362
-19.6     -3471
-20.3     -3579
-21     -3688
-21.7     -3796
-22.4     -3905
-23.1     -4013
-23.8     -4121
-24.5     -4226
-25.2     -4322
-25.9     -4402
-26.6     -4463
-27.3     -4511
-28     -4548
-28.7     -4578
-29.4     -4604
-30.1     -4626
-30.8     -4645
-31.5     -4663
-32.2     -4678
-32.9     -4692
-33.6     -4705
-34.3     -4718
-35     -4729
-34.3     -4620
-33.6     -4512
-32.9     -4403
-32.2     -4295
-31.5     -4187
-30.8     -4078
-30.1     -3970
-29.4     -3861
-28.7     -3753
-28     -3644
-27.3     -3536
-26.6     -3427
-25.9     -3319
-25.2     -3210
-24.5     -3102
-23.8     -2993
-23.1     -2885
-22.4     -2776
-21.7     -2668
-21     -2559
-20.3     -2451
-19.6     -2342
-18.9     -2234
-18.2     -2125
-17.5     -2017
-16.8     -1908
-16.1     -1800
-15.4     -1691
-14.7     -1583
-14     -1474
-13.3     -1366
-12.6     -1257
-11.9     -1149
-11.2     -1040
-10.5     -931.9
-9.8     -823.4
-9.1     -714.9
-8.4     -606.4
-7.7     -497.9
-7     -389.4
-6.3     -280.9
-5.6     -172.5
-4.9     -63.97
-4.2     44.52
-3.5     153
-2.8     261.5
-2.1     370
-1.4     478.5
-0.7     587
7.39409e-14     695.4
0.7     803.9
1.4     912.4
2.1     1021
2.8     1129
3.5     1238
4.2     1346
4.9     1455
5.6     1563
6.3     1672
7     1780
7.7     1889
8.4     1997
9.1     2106
9.8     2214
10.5     2323
11.2     2431
11.9     2540
12.6     2648
13.3     2757
14     2865
14.7     2974
15.4     3082
16.1     3191
16.8     3299
17.5     3408
18.2     3516
18.9     3625
19.6     3733
20.3     3842
21     3950
21.7     4059
22.4     4167
23.1     4275
23.8     4382
24.5     4481
25.2     4564
25.9     4626
26.6     4671
27.3     4707
28     4735
28.7     4759
29.4     4779
30.1     4797
30.8     4813
31.5     4827
32.2     4840
32.9     4852
33.6     4863
34.3     4874
35     4884
34.3     4775
33.6     4667
32.9     4558
32.2     4450
31.5     4341
30.8     4233
30.1     4124
29.4     4016
28.7     3907
28     3799
27.3     3690
26.6     3582
25.9     3473
25.2     3365
24.5     3256
23.8     3148
23.1     3039
22.4     2931
21.7     2822
21     2714
20.3     2605
19.6     2497
18.9     2388
18.2     2280
17.5     2171
16.8     2063
16.1     1954
15.4     1846
14.7     1737
14     1629
13.3     1520
12.6     1412
11.9     1303
11.2     1195
10.5     1086
9.8     978
9.1     869.5
8.4     761
7.7     652.5
7     544
6.3     435.5
5.6     327
4.9     218.5
4.2     110.1
3.5     1.564
2.8     -106.9
2.1     -215.4
1.4     -323.9
0.7     -432.4
7.52731e-14     -540.9
-0.7     -649.4
-1.4     -757.9
-2.1     -866.3
-2.8     -974.8
-3.5     -1083
-4.2     -1192
-4.9     -1300
-5.6     -1409
-6.3     -1517
-7     -1626
-7.7     -1734
-8.4     -1843
-9.1     -1951
-9.8     -2060
-10.5     -2168
-11.2     -2277
-11.9     -2385
-12.6     -2494
-13.3     -2602
-14     -2711
-14.7     -2819
-15.4     -2928
-16.1     -3036
-16.8     -3145
-17.5     -3253
-18.2     -3362
-18.9     -3470
-19.6     -3579
-20.3     -3687
-21     -3796
-21.7     -3904
-22.4     -4012
-23.1     -4121
-23.8     -4228
-24.5     -4331
-25.2     -4423
-25.9     -4495
-26.6     -4550
-27.3     -4592
-28     -4626
-28.7     -4653
-29.4     -4676
-30.1     -4697
-30.8     -4714
-31.5     -4730
-32.2     -4745
-32.9     -4758
-33.6     -4770
-34.3     -4782
-35     -4793
-33.95     -4630
-32.9     -4467
-31.85     -4304
-30.8     -4142
-29.75     -3979
-28.7     -3816
-27.65     -3653
-26.6     -3491
-25.55     -3328
-24.5     -3165
-23.45     -3003
-22.4     -2840
-21.35     -2677
-20.3     -2514
-19.25     -2352
-18.2     -2189
-17.15     -2026
-16.1     -1863
-15.05     -1701
-14     -1538
-12.95     -1375
-11.9     -1213
-10.85     -1050
-9.8     -887
-8.75     -724.3
-7.7     -561.6
-6.65     -398.9
-5.6     -236.1
-4.55     -73.39
-3.5     89.34
-2.45     252.1
-1.4     414.8
-0.35     577.5
0.7     740.3
1.75     903
2.8     1066
3.85     1228
4.9     1391
5.95     1554
7     1717
8.05     1879
9.1     2042
10.15     2205
11.2     2368
12.25     2530
13.3     2693
14.35     2856
15.4     3019
16.45     3181
17.5     3344
18.55     3507
19.6     3669
20.65     3832
21.7     3995
22.75     4158
23.8     4319
24.85     4466
25.9     4573
26.95     4643
28     4692
29.05     4728
30.1     4757
31.15     4781
32.2     4802
33.25     4820
34.3     4837
35.35     4852
36.4     4866
37.45     4878
38.5     4890
39.55     4902
40.6     4912
41.65     4923
42.7     4933
43.75     4942
44.8     4951
45.85     4960
46.9     4969
47.95     4977
49     4985
50.05     4993
51.1     5001
52.15     5008
53.2     5016
54.25     5023
55.3     5030
56.35     5038
57.4     5045
58.45     5051
59.5     5058
60.55     5065
61.6     5071
62.65     5078
63.7     5084
64.75     5091
65.8     5097
66.85     5103
67.9     5110
68.95     5116
70     5122
68.6     4905
67.2     4688
65.8     4471
64.4     4254
63     4037
61.6     3820
60.2     3603
58.8     3386
57.4     3169
56     2952
54.6     2735
53.2     2518
51.8     2301
50.4     2084
49     1867
47.6     1650
46.2     1433
44.8     1216
43.4     999.3
42     782.3
40.6     565.3
39.2     348.4
37.8     131.4
36.4     -85.59
35     -302.6
33.6     -519.5
32.2     -736.5
30.8     -953.5
29.4     -1170
28     -1387
26.6     -1604
25.2     -1821
23.8     -2038
22.4     -2255
21     -2472
19.6     -2689
18.2     -2906
16.8     -3123
15.4     -3340
14     -3557
12.6     -3774
11.2     -3990
9.8     -4191
8.4     -4332
7     -4416
5.6     -4472
4.2     -4514
2.8     -4547
1.4     -4575
3.68594e-14     -4598
-1.4     -4619
-2.8     -4638
-4.2     -4656
-5.6     -4672
-7     -4687
-8.4     -4701
-9.8     -4714
-11.2     -4727
-12.6     -4739
-14     -4751
-15.4     -4762
-16.8     -4773
-18.2     -4784
-19.6     -4795
-21     -4805
-22.4     -4815
-23.8     -4824
-25.2     -4834
-26.6     -4843
-28     -4852
-29.4     -4861
-30.8     -4870
-32.2     -4879
-33.6     -4888
-35     -4896
-36.4     -4905
-37.8     -4913
-39.2     -4921
-40.6     -4929
-42     -4937
-43.4     -4945
-44.8     -4953
-46.2     -4961
-47.6     -4969
-49     -4976
-50.4     -4984
-51.8     -4992
-53.2     -4999
-54.6     -5007
-56     -5014
-57.4     -5022
-58.8     -5029
-60.2     -5036
-61.6     -5043
-63     -5051
-64.4     -5058
-65.8     -5065
-67.2     -5072
-68.6     -5079
-70     -5086
-68.6     -4869
-67.2     -4652
-65.8     -4435
-64.4     -4218
-63     -4001
-61.6     -3784
-60.2     -3567
-58.8     -3350
-57.4     -3133
-56     -2917
-54.6     -2700
-53.2     -2483
-51.8     -2266
-50.4     -2049
-49     -1832
-47.6     -1615
-46.2     -1398
-44.8     -1181
-43.4     -963.7
-42     -746.7
-40.6     -529.8
-39.2     -312.8
-37.8     -95.82
-36.4     121.2
-35     338.1
-33.6     555.1
-32.2     772.1
-30.8     989.1
-29.4     1206
-28     1423
-26.6     1640
-25.2     1857
-23.8     2074
-22.4     2291
-21     2508
-19.6     2725
-18.2     2942
-16.8     3159
-15.4     3376
-14     3593
-12.6     3810
-11.2     4026
-9.8     4225
-8.4     4362
-7     4444
-5.6     4498
-4.2     4539
-2.8     4571
-1.4     4598
3.41949e-14     4621
1.4     4641
2.8     4660
4.2     4677
5.6     4693
7     4707
8.4     4721
9.8     4734
11.2     4747
12.6     4759
14     4770
15.4     4782
16.8     4793
18.2     4803
19.6     4813
21     4823
22.4     4833
23.8     4843
25.2     4852
26.6     4861
28     4870
29.4     4879
30.8     4888
32.2     4897
33.6     4905
35     4914
36.4     4922
37.8     4930
39.2     4939
40.6     4947
42     4955
43.4     4963
44.8     4970
46.2     4978
47.6     4986
49     4994
50.4     5001
51.8     5009
53.2     5016
54.6     5024
56     5031
57.4     5038
58.8     5046
60.2     5053
61.6     5060
63     5067
64.4     5074
65.8     5082
67.2     5089
68.6     5096
70     5103
68.6     4886
67.2     4669
65.8     4452
64.4     4235
63     4018
61.6     3801
60.2     3584
58.8     3367
57.4     3150
56     2933
54.6     2716
53.2     2499
51.8     2282
50.4     2065
49     1848
47.6     1631
46.2     1414
44.8     1197
43.4     980.2
42     763.2
40.6     546.2
39.2     329.3
37.8     112.3
36.4     -104.7
35     -321.7
33.6     -538.6
32.2     -755.6
30.8     -972.6
29.4     -1190
28     -1407
26.6     -1624
25.2     -1841
23.8     -2057
22.4     -2274
21     -2491
19.6     -2708
18.2     -2925
16.8     -3142
15.4     -3359
14     -3576
12.6     -3793
11.2     -4009
9.8     -4209
8.4     -4348
7     -4431
5.6     -4486
4.2     -4527
2.8     -4560
1.4     -4587
3.68594e-14     -4610
-1.4     -4631
-2.8     -4650
-4.2     -4667
-5.6     -4683
-7     -4698
-8.4     -4712
-9.8     -4725
-11.2     -4738
-12.6     -4750
-14     -4761
-15.4     -4773
-16.8     -4784
-18.2     -4794
-19.6     -4805
-21     -4815
-22.4     -4825
-23.8     -4834
-25.2     -4844
-26.6     -4853
-28     -4862
-29.4     -4871
-30.8     -4880
-32.2     -4889
-33.6     -4897
-35     -4906
-36.4     -4914
-37.8     -4922
-39.2     -4930
-40.6     -4939
-42     -4947
-43.4     -4955
-44.8     -4962
-46.2     -4970
-47.6     -4978
-49     -4986
-50.4     -4993
-51.8     -5001
-53.2     -5008
-54.6     -5016
-56     -5023
-57.4     -5031
-58.8     -5038
-60.2     -5045
-61.6     -5052
-63     -5060
-64.4     -5067
-65.8     -5074
-67.2     -5081
-68.6     -5088
-70     -5095
-68.25     -4824
-66.5     -4553
-64.75     -4281
-63     -4010
-61.25     -3739
-59.5     -3468
-57.75     -3197
-56     -2925
-54.25     -2654
-52.5     -2383
-50.75     -2112
-49     -1840
-47.25     -1569
-45.5     -1298
-43.75     -1027
-42     -755.6
-40.25     -484.4
-38.5     -213.1
-36.75     58.08
-35     329.3
-33.25     600.5
-31.5     871.7
-29.75     1143
-28     1414
-26.25     1685
-24.5     1957
-22.75     2228
-21     2499
-19.25     2770
-17.5     3042
-15.75     3313
-14     3584
-12.25     3855
-10.5     4122
-8.75     4327
-7     4437
-5.25     4504
-3.5     4550
-1.75     4586
5.68434e-14     4616
1.75     4641
3.5     4664
5.25     4684
7     4702
8.75     4720
10.5     4736
12.25     4751
14     4766
15.75     4780
17.5     4793
19.25     4806
21     4819
22.75     4831
24.5     4843
26.25     4855
28     4866
29.75     4877
31.5     4888
33.25     4899
35     4910
36.75     4920
38.5     4930
40.25     4940
42     4950
43.75     4960
45.5     4970
47.25     4980
49     4989
50.75     4999
52.5     5008
54.25     5018
56     5027
57.75     5036
59.5     5045
61.25     5054
63     5063
64.75     5072
66.5     5081
68.25     5090
70     5099
71.75     5107
73.5     5116
75.25     5125
77     5133
78.75     5142
80.5     5151
82.25     5159
84     5167
85.75     5176
87.5     5184
89.25     5193
91     5201
92.75     5207
94.5     5209
96.25     5211
98     5214
99.75     5216
101.5     5218
103.25     5220
105     5222
102.9     4897
100.8     4571
98.7     4246
96.6     3920
94.5     3595
92.4     3269
90.3     2944
88.2     2618
86.1     2293
84     1967
81.9     1642
79.8     1316
77.7     991
75.6     665.5
73.5     340.1
71.4     14.6
69.3     -310.9
67.2     -636.3
65.1     -961.8
63     -1287
60.9     -1613
58.8     -1938
56.7     -2264
54.6     -2589
52.5     -2915
50.4     -3240
48.3     -3566
46.2     -3890
44.1     -4173
42     -4322
39.9     -4402
37.8     -4455
35.7     -4495
33.6     -4528
31.5     -4556
29.4     -4580
27.3     -4603
25.2     -4623
23.1     -4642
21     -4660
18.9     -4677
16.8     -4693
14.7     -4709
12.6     -4724
10.5     -4738
8.4     -4752
6.3     -4766
4.2     -4780
2.1     -4793
1.34115e-13     -4806
-2.1     -4818
-4.2     -4831
-6.3     -4843
-8.4     -4855
-10.5     -4867
-12.6     -4878
-14.7     -4890
-16.8     -4901
-18.9     -4913
-21     -4924
-23.1     -4935
-25.2     -4946
-27.3     -4957
-29.4     -4968
-31.5     -4978
-33.6     -4989
-35.7     -5000
-37.8     -5010
-39.9     -5021
-42     -5031
-44.1     -5041
-46.2     -5052
-48.3     -5062
-50.4     -5072
-52.5     -5082
-54.6     -5092
-56.7     -5102
-58.8     -5112
-60.9     -5122
-63     -5132
-65.1     -5142
-67.2     -5152
-69.3     -5162
-71.4     -5171
-73.5     -5181
-75.6     -5191
-77.7     -5200
-79.8     -5208
-81.9     -5210
-84     -5212
-86.1     -5215
-88.2     -5217
-90.3     -5219
-92.4     -5221
-94.5     -5224
-96.6     -5226
-98.7     -5228
-100.8     -5230
-102.9     -5232
-105     -5234
-102.9     -4909
-100.8     -4583
-98.7     -4258
-96.6     -3932
-94.5     -3607
-92.4     -3281
-90.3     -2956
-88.2     -2630
-86.1     -2305
-84     -1979
-81.9     -1654
-79.8     -1328
-77.7     -1003
-75.6     -677.6
-73.5     -352.1
-71.4     -26.64
-69.3     298.8
-67.2     624.3
-65.1     949.8
-63     1275
-60.9     1601
-58.8     1926
-56.7     2252
-54.6     2577
-52.5     2903
-50.4     3228
-48.3     3553
-46.2     3878
-44.1     4162
-42     4313
-39.9     4394
-37.8     4448
-35.7     4488
-33.6     4521
-31.5     4549
-29.4     4574
-27.3     4596
-25.2     4617
-23.1     4636
-21     4654
-18.9     4671
-16.8     4687
-14.7     4703
-12.6     4718
-10.5     4732
-8.4     4747
-6.3     4760
-4.2     4774
-2.1     4787
1.35891e-13     4800
2.1     4813
4.2     4825
6.3     4837
8.4     4849
10.5     4861
12.6     4873
14.7     4885
16.8     4896
18.9     4907
21     4919
23.1     4930
25.2     4941
27.3     4952
29.4     4962
31.5     4973
33.6     4984
35.7     4995
37.8     5005
39.9     5016
42     5026
44.1     5036
46.2     5047
48.3     5057
50.4     5067
52.5     5077
54.6     5087
56.7     5097
58.8     5107
60.9     5117
63     5127
65.1     5137
67.2     5147
69.3     5157
71.4     5166
73.5     5176
75.6     5186
77.7     5196
79.8     5203
81.9     5205
84     5207
86.1     5210
88.2     5212
90.3     5214
92.4     5216
94.5     5218
96.6     5221
98.7     5223
100.8     5225
102.9     5227
105     5229
102.9     4904
100.8     4578
98.7     4253
96.6     3927
94.5     3602
92.4     3276
90.3     2951
88.2     2625
86.1     2300
84     1974
81.9     1649
79.8     1323
77.7     997.9
75.6     672.5
73.5     347
71.4     21.55
69.3     -303.9
67.2     -629.4
65.1     -954.8
63     -1280
60.9     -1606
58.8     -1931
56.7     -2257
54.6     -2582
52.5     -2908
50.4     -3233
48.3     -3559
46.2     -3883
44.1     -4167
42     -4317
39.9     -4397
37.8     -4451
35.7     -4491
33.6     -4524
31.5     -4552
29.4     -4577
27.3     -4599
25.2     -4619
23.1     -4639
21     -4656
18.9     -4674
16.8     -4690
14.7     -4705
12.6     -4720
10.5     -4735
8.4     -4749
6.3     -4763
4.2     -4776
2.1     -4789
1.34115e-13     -4802
-2.1     -4815
-4.2     -4827
-6.3     -4840
-8.4     -4852
-10.5     -4864
-12.6     -4875
-14.7     -4887
-16.8     -4898
-18.9     -4910
-21     -4921
-23.1     -4932
-25.2     -4943
-27.3     -4954
-29.4     -4965
-31.5     -4975
-33.6     -4986
-35.7     -4997
-37.8     -5007
-39.9     -5018
-42     -5028
-44.1     -5038
-46.2     -5049
-48.3     -5059
-50.4     -5069
-52.5     -5079
-54.6     -5089
-56.7     -5099
-58.8     -5109
-60.9     -5119
-63     -5129
-65.1     -5139
-67.2     -5149
-69.3     -5159
-71.4     -5169
-73.5     -5178
-75.6     -5188
-77.7     -5198
-79.8     -5205
-81.9     -5207
-84     -5209
-86.1     -5212
-88.2     -5214
-90.3     -5216
-92.4     -5218
-94.5     -5221
-96.6     -5223
-98.7     -5225
-100.8     -5227
-102.9     -5229
-105     -5231
-102.55     -4851
-100.1     -4472
-97.65     -4092
-95.2     -3712
-92.75     -3333
-90.3     -2953
-87.85     -2573
-85.4     -2193
-82.95     -1814
-80.5     -1434
-78.05     -1054
-75.6     -674.6
-73.15     -294.9
-70.7     84.78
-68.25     464.5
-65.8     844.2
-63.35     1224
-60.9     1604
-58.45     1983
-56     2363
-53.55     2743
-51.1     3122
-48.65     3502
-46.2     3881
-43.75     4199
-41.3     4347
-38.85     4425
-36.4     4478
-33.95     4518
-31.5     4551
-29.05     4580
-26.6     4605
-24.15     4628
-21.7     4650
-19.25     4670
-16.8     4689
-14.35     4707
-11.9     4724
-9.45     4741
-7     4757
-4.55     4773
-2.1     4789
0.35     4804
2.8     4818
5.25     4833
7.7     4847
10.15     4861
12.6     4874
15.05     4888
17.5     4901
19.95     4914
22.4     4927
24.85     4940
27.3     4953
29.75     4966
32.2     4978
34.65     4991
37.1     5003
39.55     5015
42     5027
44.45     5039
46.9     5051
49.35     5063
51.8     5075
54.25     5087
56.7     5099
59.15     5110
61.6     5122
64.05     5133
66.5     5145
68.95     5156
71.4     5168
73.85     5179
76.3     5190
78.75     5202
81.2     5206
83.65     5208
86.1     5211
88.55     5214
91     5216
93.45     5219
95.9     5221
98.35     5224
100.8     5226
103.25     5229
105.7     5231
108.15     5233
110.6     5236
113.05     5238
115.5     5240
117.95     5242
120.4     5245
122.85     5247
125.3     5249
127.75     5251
130.2     5253
132.65     5255
135.1     5257
137.55     5259
140     5261
137.2     4828
134.4     4394
131.6     3960
128.8     3526
126     3092
123.2     2658
120.4     2224
117.6     1790
114.8     1356
112     921.9
109.2     488
106.4     54.04
103.6     -379.9
100.8     -813.9
98     -1248
95.2     -1682
92.4     -2116
89.6     -2550
86.8     -2984
84     -3418
81.2     -3851
78.4     -4202
75.6     -4351
72.8     -4429
70     -4482
67.2     -4523
64.4     -4557
61.6     -4586
58.8     -4613
56     -4637
53.2     -4660
50.4     -4682
47.6     -4702
44.8     -4721
42     -4740
39.2     -4758
36.4     -4776
33.6     -4793
30.8     -4810
28     -4826
25.2     -4842
22.4     -4858
19.6     -4873
16.8     -4888
14     -4903
11.2     -4918
8.4     -4933
5.6     -4948
2.8     -4962
3.86358e-13     -4976
-2.8     -4990
-5.6     -5004
-8.4     -5018
-11.2     -5032
-14     -5046
-16.8     -5059
-19.6     -5073
-22.4     -5086
-25.2     -5099
-28     -5113
-30.8     -5126
-33.6     -5139
-36.4     -5152
-39.2     -5165
-42     -5178
-44.8     -5189
-47.6     -5192
-50.4     -5195
-53.2     -5198
-56     -5201
-58.8     -5204
-61.6     -5207
-64.4     -5210
-67.2     -5213
-70     -5215
-72.8     -5218
-75.6     -5221
-78.4     -5223
-81.2     -5226
-84     -5229
-86.8     -5231
-89.6     -5234
-92.4     -5236
-95.2     -5239
-98     -5241
-100.8     -5243
-103.6     -5246
-106.4     -5248
-109.2     -5250
-112     -5253
-114.8     -5255
-117.6     -5257
-120.4     -5259
-123.2     -5262
-126     -5264
-128.8     -5266
-131.6     -5268
-134.4     -5270
-137.2     -5272
-140     -5274
-137.2     -4840
-134.4     -4406
-131.6     -3972
-128.8     -3538
-126     -3105
-123.2     -2671
-120.4     -2237
-117.6     -1803
-114.8     -1369
-112     -934.8
-109.2     -500.8
-106.4     -66.86
-103.6     367.1
-100.8     801
-98     1235
-95.2     1669
-92.4     2103
-89.6     2537
-86.8     2971
-84     3405
-81.2     3838
-78.4     4191
-75.6     4342
-72.8     4421
-70     4474
-67.2     4515
-64.4     4549
-61.6     4579
-58.8     4606
-56     4631
-53.2     4653
-50.4     4675
-47.6     4695
-44.8     4715
-42     4734
-39.2     4752
-36.4     4769
-33.6     4786
-30.8     4803
-28     4820
-25.2     4836
-22.4     4851
-19.6     4867
-16.8     4882
-14     4897
-11.2     4912
-8.4     4927
-5.6     4942
-2.8     4956
3.81029e-13     4970
2.8     4984
5.6     4998
8.4     5012
11.2     5026
14     5040
16.8     5053
19.6     5067
22.4     5080
25.2     5094
28     5107
30.8     5120
33.6     5133
36.4     5146
39.2     5159
42     5172
44.8     5183
47.6     5186
50.4     5189
53.2     5192
56     5195
58.8     5198
61.6     5201
64.4     5204
67.2     5207
70     5210
72.8     5213
75.6     5215
78.4     5218
81.2     5221
84     5223
86.8     5226
89.6     5228
92.4     5231
95.2     5233
98     5236
100.8     5238
103.6     5240
106.4     5243
109.2     5245
112     5247
114.8     5250
117.6     5252
120.4     5254
123.2     5256
126     5258
128.8     5261
131.6     5263
134.4     5265
137.2     5267
140     5269
137.2     4835
134.4     4401
131.6     3967
128.8     3533
126     3099
123.2     2665
120.4     2231
117.6     1797
114.8     1364
112     929.6
109.2     495.6
106.4     61.65
103.6     -372.3
100.8     -806.3
98     -1240
95.2     -1674
92.4     -2108
89.6     -2542
86.8     -2976
84     -3410
81.2     -3843
78.4     -4196
75.6     -4346
72.8     -4424
70     -4477
67.2     -4518
64.4     -4552
61.6     -4582
58.8     -4609
56     -4633
53.2     -4656
50.4     -4678
47.6     -4698
44.8     -4717
42     -4736
39.2     -4754
36.4     -4772
33.6     -4789
30.8     -4806
28     -4822
25.2     -4838
22.4     -4854
19.6     -4870
16.8     -4885
14     -4900
11.2     -4915
8.4     -4929
5.6     -4944
2.8     -4958
3.86356e-13     -4973
-2.8     -4987
-5.6     -5001
-8.4     -5015
-11.2     -5028
-14     -5042
-16.8     -5056
-19.6     -5069
-22.4     -5083
-25.2     -5096
-28     -5109
-30.8     -5122
-33.6     -5136
-36.4     -5149
-39.2     -5162
-42     -5175
-44.8     -5185
-47.6     -5189
-50.4     -5192
-53.2     -5195
-56     -5198
-58.8     -5201
-61.6     -5204
-64.4     -5206
-67.2     -5209
-70     -5212
-72.8     -5215
-75.6     -5217
-78.4     -5220
-81.2     -5223
-84     -5225
-86.8     -5228
-89.6     -5230
-92.4     -5233
-95.2     -5235
-98     -5238
-100.8     -5240
-103.6     -5243
-106.4     -5245
-109.2     -5247
-112     -5249
-114.8     -5252
-117.6     -5254
-120.4     -5256
-123.2     -5258
-126     -5261
-128.8     -5263
-131.6     -5265
-134.4     -5267
-137.2     -5269
-140     -5271
-136.85     -4783
-133.7     -4295
-130.55     -3807
-127.4     -3318
-124.25     -2830
-121.1     -2342
-117.95     -1854
-114.8     -1366
-111.65     -877.4
-108.5     -389.2
-105.35     98.96
-102.2     587.2
-99.05     1075
-95.9     1564
-92.75     2052
-89.6     2540
-86.45     3028
-83.3     3516
-80.15     3998
-77     4285
-73.85     4398
-70.7     4464
-67.55     4513
-64.4     4551
-61.25     4585
-58.1     4614
-54.95     4641
-51.8     4666
-48.65     4689
-45.5     4712
-42.35     4733
-39.2     4753
-36.05     4773
-32.9     4792
-29.75     4811
-26.6     4829
-23.45     4847
-20.3     4865
-17.15     4882
-14     4899
-10.85     4916
-7.7     4932
-4.55     4948
-1.4     4965
1.75     4981
4.9     4996
8.05     5012
11.2     5027
14.35     5043
17.5     5058
20.65     5073
23.8     5088
26.95     5103
30.1     5118
33.25     5133
36.4     5148
39.55     5162
42.7     5177
45.85     5186
49     5189
52.15     5193
55.3     5196
58.45     5199
61.6     5203
64.75     5206
67.9     5209
71.05     5212
74.2     5215
77.35     5218
80.5     5221
83.65     5224
86.8     5227
89.95     5230
93.1     5233
96.25     5235
99.4     5238
102.55     5241
105.7     5243
108.85     5246
112     5249
115.15     5251
118.3     5254
121.45     5256
124.6     5259
127.75     5261
130.9     5264
134.05     5266
137.2     5268
140.35     5271
143.5     5273
146.65     5275
149.8     5278
152.95     5280
156.1     5282
159.25     5284
162.4     5287
165.55     5289
168.7     5291
171.85     5293
175     5295
171.5     4753
168     4210
164.5     3668
161     3125
157.5     2583
154     2041
150.5     1498
147     955.7
143.5     413.3
140     -129.2
136.5     -671.6
133     -1214
129.5     -1757
126     -2299
122.5     -2841
119     -3384
115.5     -3923
112     -4266
108.5     -4390
105     -4460
101.5     -4511
98     -4552
94.5     -4587
91     -4618
87.5     -4646
84     -4673
80.5     -4698
77     -4721
73.5     -4744
70     -4766
66.5     -4787
63     -4808
59.5     -4828
56     -4847
52.5     -4867
49     -4886
45.5     -4904
42     -4923
38.5     -4941
35     -4959
31.5     -4976
28     -4994
24.5     -5011
21     -5028
17.5     -5045
14     -5062
10.5     -5079
7     -5096
3.5     -5112
7.10543e-13     -5129
-3.5     -5145
-7     -5161
-10.5     -5173
-14     -5177
-17.5     -5181
-21     -5185
-24.5     -5188
-28     -5192
-31.5     -5195
-35     -5199
-38.5     -5202
-42     -5206
-45.5     -5209
-49     -5212
-52.5     -5216
-56     -5219
-59.5     -5222
-63     -5225
-66.5     -5228
-70     -5231
-73.5     -5234
-77     -5237
-80.5     -5240
-84     -5242
-87.5     -5245
-91     -5248
-94.5     -5251
-98     -5253
-101.5     -5256
-105     -5259
-108.5     -5261
-112     -5264
-115.5     -5266
-119     -5269
-122.5     -5271
-126     -5274
-129.5     -5276
-133     -5279
-136.5     -5281
-140     -5284
-143.5     -5286
-147     -5288
-150.5     -5291
-154     -5293
-157.5     -5295
-161     -5298
-164.5     -5300
-168     -5302
-171.5     -5304
-175     -5307
-171.5     -4764
-168     -4222
-164.5     -3679
-161     -3137
-157.5     -2594
-154     -2052
-150.5     -1510
-147     -967.1
-143.5     -424.7
-140     117.8
-136.5     660.2
-133     1203
-129.5     1745
-126     2288
-122.5     2830
-119     3372
-115.5     3912
-112     4257
-108.5     4382
-105     4453
-101.5     4504
-98     4545
-94.5     4580
-91     4612
-87.5     4640
-84     4667
-80.5     4692
-77     4716
-73.5     4738
-70     4760
-66.5     4782
-63     4802
-59.5     4822
-56     4842
-52.5     4861
-49     4880
-45.5     4899
-42     4917
-38.5     4935
-35     4953
-31.5     4971
-28     4989
-24.5     5006
-21     5023
-17.5     5040
-14     5057
-10.5     5074
-7     5091
-3.5     5107
7.10543e-13     5124
3.5     5140
7     5156
10.5     5168
14     5172
17.5     5176
21     5180
24.5     5183
28     5187
31.5     5191
35     5194
38.5     5198
42     5201
45.5     5204
49     5208
52.5     5211
56     5214
59.5     5217
63     5220
66.5     5223
70     5226
73.5     5229
77     5232
80.5     5235
84     5238
87.5     5240
91     5243
94.5     5246
98     5249
101.5     5251
105     5254
108.5     5257
112     5259
115.5     5262
119     5264
122.5     5267
126     5269
129.5     5272
133     5274
136.5     5277
140     5279
143.5     5281
147     5284
150.5     5286
154     5288
157.5     5291
161     5293
164.5     5295
168     5298
171.5     5300
175     5302
171.5     4760
168     4217
164.5     3675
161     3132
157.5     2590
154     2048
150.5     1505
147     962.6
143.5     420.2
140     -122.3
136.5     -664.7
133     -1207
129.5     -1750
126     -2292
122.5     -2834
119     -3377
115.5     -3916
112     -4261
108.5     -4385
105     -4456
101.5     -4507
98     -4548
94.5     -4583
91     -4614
87.5     -4643
84     -4669
80.5     -4694
77     -4718
73.5     -4741
70     -4763
66.5     -4784
63     -4804
59.5     -4824
56     -4844
52.5     -4863
49     -4882
45.5     -4901
42     -4919
38.5     -4938
35     -4955
31.5     -4973
28     -4991
24.5     -5008
21     -5025
17.5     -5042
14     -5059
10.5     -5076
7     -5093
3.5     -5109
7.10543e-13     -5126
-3.5     -5142
-7     -5158
-10.5     -5170
-14     -5174
-17.5     -5178
-21     -5182
-24.5     -5185
-28     -5189
-31.5     -5193
-35     -5196
-38.5     -5199
-42     -5203
-45.5     -5206
-49     -5209
-52.5     -5213
-56     -5216
-59.5     -5219
-63     -5222
-66.5     -5225
-70     -5228
-73.5     -5231
-77     -5234
-80.5     -5237
-84     -5239
-87.5     -5242
-91     -5245
-94.5     -5248
-98     -5250
-101.5     -5253
-105     -5256
-108.5     -5258
-112     -5261
-115.5     -5264
-119     -5266
-122.5     -5269
-126     -5271
-129.5     -5274
-133     -5276
-136.5     -5278
-140     -5281
-143.5     -5283
-147     -5286
-150.5     -5288
-154     -5290
-157.5     -5293
-161     -5295
-164.5     -5297
-168     -5299
-171.5     -5302
-175     -5304
