[NODE]-[N12]-[6]-[1]     [FORCE_GROUP]-[1F]
0     0
-5.34534e-05     52.69
-0.000106907     105.4
-0.00016036     158.1
-0.000213813     210.8
-0.000267267     263.4
-0.00032072     316.1
-0.000374174     368.8
-0.000427627     421.5
-0.00048108     474.2
-0.000534534     526.9
-0.000587987     579.6
-0.00064144     632.3
-0.000694894     684.9
-0.000748347     737.6
-0.0008018     790.3
-0.000855254     843
-0.000908707     895.7
-0.00096216     948.4
-0.00101561     1001
-0.00106907     1054
-0.00112252     1106
-0.00117597     1159
-0.00122943     1212
-0.00128288     1265
-0.00133633     1317
-0.00138979     1370
-0.00144324     1423
-0.00149669     1475
-0.00155015     1528
-0.0016036     1581
-0.00165705     1633
-0.00171051     1686
-0.00176396     1739
-0.00181741     1791
-0.00187087     1844
-0.00192432     1897
-0.00197777     1949
-0.00203123     2002
-0.00208468     2055
-0.00213813     2108
-0.00219159     2160
-0.00224504     2213
-0.00229849     2266
-0.00235195     2318
-0.0024054     2371
-0.00245885     2424
-0.00251231     2476
-0.00256576     2529
-0.00261921     2582
-0.00267267     2634
-0.00272612     2687
-0.00277957     2740
-0.00283303     2792
-0.00288648     2845
-0.00293993     2898
-0.00299339     2951
-0.00304684     3003
-0.00310029     3056
-0.00315375     3109
-0.0032072     3161
-0.00326066     3214
-0.00331411     3267
-0.00336756     3319
-0.00342102     3372
-0.00347447     3425
-0.00352792     3477
-0.00358138     3530
-0.00363483     3583
-0.00368828     3635
-0.00374174     3688
-0.00379519     3741
-0.00384864     3794
-0.0039021     3846
-0.00395555     3899
-0.004009     3952
-0.00406246     4004
-0.00411591     4057
-0.00416936     4110
-0.00422282     4162
-0.00427627     4215
-0.00432972     4268
-0.00438319     4320
-0.00443673     4373
-0.00449056     4425
-0.00454531     4477
-0.00460241     4526
-0.00466419     4572
-0.00473289     4611
-0.00480922     4644
-0.00489223     4671
-0.00498034     4693
-0.00507211     4711
-0.00516644     4727
-0.00526253     4740
-0.0053598     4753
-0.0054578     4764
-0.00555621     4773
-0.00565476     4783
-0.00575323     4791
-0.00585144     4799
-0.00574454     4693
-0.00563763     4588
-0.00553072     4483
-0.00542381     4377
-0.00531691     4272
-0.00521     4167
-0.00510309     4061
-0.00499619     3956
-0.00488928     3850
-0.00478237     3745
-0.00467547     3640
-0.00456856     3534
-0.00446165     3429
-0.00435475     3324
-0.00424784     3218
-0.00414093     3113
-0.00403403     3007
-0.00392712     2902
-0.00382021     2797
-0.00371331     2691
-0.0036064     2586
-0.00349949     2481
-0.00339259     2375
-0.00328568     2270
-0.00317877     2164
-0.00307187     2059
-0.00296496     1954
-0.00285805     1848
-0.00275115     1743
-0.00264424     1638
-0.00253733     1532
-0.00243043     1427
-0.00232352     1321
-0.00221661     1216
-0.00210971     1111
-0.0020028     1005
-0.00189589     900
-0.00178899     794.6
-0.00168208     689.2
-0.00157517     583.8
-0.00146827     478.5
-0.00136136     373.1
-0.00125445     267.7
-0.00114755     162.3
-0.00104064     56.97
-0.000933732     -48.41
-0.000826826     -153.8
-0.000719919     -259.2
-0.000613012     -364.5
-0.000506106     -469.9
-0.000399199     -575.3
-0.000292292     -680.7
-0.000185385     -786
-7.84787e-05     -891.4
2.84281e-05     -996.8
0.000135335     -1102
0.000242241     -1208
0.000349148     -1313
0.000456055     -1418
0.000562962     -1524
0.000669868     -1629
0.000776775     -1734
0.000883682     -1840
0.000990589     -1945
0.0010975     -2051
0.0012044     -2156
0.00131131     -2261
0.00141822     -2367
0.00152512     -2472
0.00163203     -2577
0.00173894     -2683
0.00184584     -2788
0.00195275     -2894
0.00205966     -2999
0.00216656     -3104
0.00227347     -3210
0.00238038     -3315
0.00248728     -3420
0.00259419     -3526
0.0027011     -3631
0.00280801     -3737
0.00291506     -3842
0.00302296     -3946
0.00313455     -4048
0.00325672     -4140
0.00339755     -4216
0.00355853     -4275
0.00373504     -4320
0.00392189     -4356
0.00411534     -4385
0.00431296     -4410
0.0045131     -4432
0.00471462     -4451
0.00491663     -4468
0.00511843     -4484
0.00531942     -4498
0.0055191     -4512
0.00571701     -4524
0.00591276     -4536
0.00610598     -4546
0.00599907     -4441
0.00589216     -4336
0.00578526     -4230
0.00567835     -4125
0.00557144     -4020
0.00546454     -3914
0.00535763     -3809
0.00525072     -3703
0.00514382     -3598
0.00503691     -3493
0.00493     -3387
0.0048231     -3282
0.00471619     -3177
0.00460928     -3071
0.00450238     -2966
0.00439547     -2860
0.00428856     -2755
0.00418166     -2650
0.00407475     -2544
0.00396784     -2439
0.00386094     -2334
0.00375403     -2228
0.00364712     -2123
0.00354022     -2017
0.00343331     -1912
0.0033264     -1807
0.0032195     -1701
0.00311259     -1596
0.00300568     -1491
0.00289878     -1385
0.00279187     -1280
0.00268496     -1174
0.00257806     -1069
0.00247115     -963.7
0.00236424     -858.3
0.00225734     -752.9
0.00215043     -647.5
0.00204352     -542.2
0.00193662     -436.8
0.00182971     -331.4
0.0017228     -226
0.0016159     -120.7
0.00150899     -15.29
0.00140208     90.09
0.00129518     195.5
0.00118827     300.8
0.00108136     406.2
0.000974455     511.6
0.000867548     617
0.000760642     722.3
0.000653735     827.7
0.000546828     933.1
0.000439921     1038
0.000333015     1144
0.000226108     1249
0.000119201     1355
1.22945e-05     1460
-9.46122e-05     1565
-0.000201519     1671
-0.000308426     1776
-0.000415332     1881
-0.000522239     1987
-0.000629146     2092
-0.000736053     2198
-0.000842959     2303
-0.000949866     2408
-0.00105677     2514
-0.00116368     2619
-0.00127059     2724
-0.00137749     2830
-0.0014844     2935
-0.00159131     3041
-0.00169821     3146
-0.00180512     3251
-0.00191203     3357
-0.00201893     3462
-0.00212584     3567
-0.00223275     3673
-0.00233965     3778
-0.00244656     3884
-0.00255349     3989
-0.00266074     4094
-0.00277023     4197
-0.00288886     4293
-0.00302767     4371
-0.00318998     4429
-0.00336983     4471
-0.00356076     4504
-0.00375858     4531
-0.00396076     4554
-0.00416571     4573
-0.00437235     4591
-0.00457989     4607
-0.00478769     4621
-0.00499519     4635
-0.00520189     4647
-0.00540733     4659
-0.00561106     4670
-0.00581265     4680
-0.00601171     4690
-0.0059048     4584
-0.00579789     4479
-0.00569098     4374
-0.00558408     4268
-0.00547717     4163
-0.00537026     4057
-0.00526336     3952
-0.00515645     3847
-0.00504954     3741
-0.00494264     3636
-0.00483573     3531
-0.00472882     3425
-0.00462192     3320
-0.00451501     3214
-0.0044081     3109
-0.0043012     3004
-0.00419429     2898
-0.00408738     2793
-0.00398048     2688
-0.00387357     2582
-0.00376666     2477
-0.00365976     2371
-0.00355285     2266
-0.00344594     2161
-0.00333904     2055
-0.00323213     1950
-0.00312522     1845
-0.00301832     1739
-0.00291141     1634
-0.0028045     1528
-0.0026976     1423
-0.00259069     1318
-0.00248378     1212
-0.00237688     1107
-0.00226997     1002
-0.00216306     896.2
-0.00205616     790.8
-0.00194925     685.5
-0.00184234     580.1
-0.00173544     474.7
-0.00162853     369.3
-0.00152162     264
-0.00141472     158.6
-0.00130781     53.21
-0.0012009     -52.17
-0.001094     -157.5
-0.000987089     -262.9
-0.000880183     -368.3
-0.000773276     -473.7
-0.000666369     -579
-0.000559462     -684.4
-0.000452556     -789.8
-0.000345649     -895.2
-0.000238742     -1001
-0.000131836     -1106
-2.49288e-05     -1211
8.19779e-05     -1317
0.000188885     -1422
0.000295791     -1527
0.000402698     -1633
0.000509605     -1738
0.000616512     -1844
0.000723418     -1949
0.000830325     -2054
0.000937232     -2160
0.00104414     -2265
0.00115105     -2370
0.00125795     -2476
0.00136486     -2581
0.00147177     -2687
0.00157867     -2792
0.00168558     -2897
0.00179249     -3003
0.00189939     -3108
0.0020063     -3213
0.00211321     -3319
0.00222011     -3424
0.00232702     -3530
0.00243393     -3635
0.00254083     -3740
0.00264775     -3846
0.00275486     -3951
0.00286325     -4055
0.00297712     -4154
0.00310537     -4242
0.00325519     -4310
0.00342475     -4362
0.00360803     -4401
0.00380006     -4433
0.00399763     -4459
0.00419871     -4481
0.00440191     -4501
0.00460627     -4518
0.00481101     -4534
0.0050155     -4549
0.0052192     -4563
0.00542163     -4575
0.00562232     -4587
0.00582088     -4598
0.00601693     -4608
0.00585657     -4450
0.00569621     -4292
0.00553585     -4134
0.00537549     -3976
0.00521513     -3818
0.00505477     -3660
0.00489441     -3502
0.00473405     -3344
0.00457369     -3186
0.00441333     -3028
0.00425297     -2870
0.00409261     -2712
0.00393225     -2553
0.00377189     -2395
0.00361153     -2237
0.00345117     -2079
0.00329081     -1921
0.00313045     -1763
0.00297009     -1605
0.00280973     -1447
0.00264937     -1289
0.00248901     -1131
0.00232865     -972.8
0.00216829     -814.7
0.00200793     -656.7
0.00184757     -498.6
0.00168721     -340.6
0.00152685     -182.5
0.00136649     -24.43
0.00120613     133.6
0.00104577     291.7
0.000885406     449.8
0.000725046     607.8
0.000564685     765.9
0.000404325     924
0.000243965     1082
8.36052e-05     1240
-7.67548e-05     1398
-0.000237115     1556
-0.000397475     1714
-0.000557835     1872
-0.000718195     2030
-0.000878555     2188
-0.00103892     2347
-0.00119928     2505
-0.00135964     2663
-0.00152     2821
-0.00168036     2979
-0.00184072     3137
-0.00200108     3295
-0.00216144     3453
-0.0023218     3611
-0.00248216     3769
-0.00264253     3927
-0.00280371     4085
-0.00297466     4234
-0.00318379     4350
-0.00344014     4426
-0.00372467     4476
-0.00402329     4514
-0.00432894     4545
-0.00463778     4570
-0.00494726     4592
-0.00525544     4612
-0.00556065     4630
-0.00586141     4646
-0.00615639     4661
-0.00644448     4674
-0.00672484     4686
-0.0069969     4698
-0.00726044     4708
-0.00751549     4718
-0.00776229     4727
-0.00800128     4735
-0.00823296     4742
-0.00845792     4749
-0.00867674     4756
-0.00888998     4762
-0.00909819     4768
-0.00930185     4773
-0.00950142     4778
-0.0096973     4783
-0.00988986     4787
-0.0100794     4791
-0.0102663     4795
-0.0104507     4799
-0.0106328     4803
-0.010813     4806
-0.0109913     4810
-0.0111679     4813
-0.0113429     4816
-0.0115166     4819
-0.011689     4822
-0.0118601     4825
-0.0120302     4828
-0.0121992     4830
-0.0123673     4833
-0.0125345     4835
-0.0127009     4838
-0.0128665     4840
-0.0126527     4629
-0.0124389     4419
-0.012225     4208
-0.0120112     3997
-0.0117974     3786
-0.0115836     3576
-0.0113698     3365
-0.011156     3154
-0.0109422     2943
-0.0107283     2733
-0.0105145     2522
-0.0103007     2311
-0.0100869     2100
-0.0098731     1890
-0.00965928     1679
-0.00944547     1468
-0.00923165     1257
-0.00901784     1047
-0.00880403     835.9
-0.00859021     625.2
-0.0083764     414.4
-0.00816259     203.7
-0.00794877     -7.087
-0.00773496     -217.8
-0.00752115     -428.6
-0.00730733     -639.3
-0.00709352     -850.1
-0.00687971     -1061
-0.00666589     -1272
-0.00645208     -1482
-0.00623827     -1693
-0.00602445     -1904
-0.00581064     -2115
-0.00559683     -2325
-0.00538301     -2536
-0.0051692     -2747
-0.00495539     -2958
-0.00474157     -3168
-0.00452776     -3379
-0.00431395     -3590
-0.00409999     -3800
-0.00387992     -4006
-0.00361273     -4171
-0.00327005     -4271
-0.00288511     -4334
-0.00248169     -4379
-0.0020701     -4415
-0.00165565     -4445
-0.00124178     -4471
-0.000831206     -4494
-0.000426253     -4515
-2.89993e-05     -4534
0.000358794     -4552
0.00073576     -4567
0.00110101     -4582
0.00145412     -4595
0.00179516     -4607
0.00212451     -4618
0.00244284     -4628
0.00275096     -4637
0.00304973     -4646
0.00334006     -4654
0.00362277     -4661
0.00389866     -4668
0.00416844     -4675
0.00443276     -4681
0.00469219     -4686
0.00494724     -4692
0.00519836     -4697
0.00544593     -4702
0.00569032     -4706
0.00593182     -4711
0.0061707     -4715
0.00640721     -4719
0.00664156     -4723
0.00687393     -4727
0.00710449     -4730
0.00733339     -4734
0.00756077     -4737
0.00778675     -4740
0.00801142     -4744
0.0082349     -4747
0.00845726     -4750
0.00867859     -4752
0.00889896     -4755
0.00911843     -4758
0.00933707     -4761
0.00955492     -4763
0.00977204     -4766
0.00998847     -4768
0.0102043     -4771
0.0104194     -4773
0.0106341     -4775
0.0108481     -4778
0.0110617     -4780
0.0112748     -4782
0.0114874     -4784
0.0116996     -4786
0.0119114     -4788
0.0121228     -4790
0.011909     -4580
0.0116952     -4369
0.0114814     -4158
0.0112675     -3947
0.0110537     -3737
0.0108399     -3526
0.0106261     -3315
0.0104123     -3104
0.0101985     -2894
0.00998467     -2683
0.00977085     -2472
0.00955704     -2261
0.00934323     -2051
0.00912941     -1840
0.0089156     -1629
0.00870179     -1418
0.00848797     -1208
0.00827416     -996.8
0.00806035     -786
0.00784653     -575.3
0.00763272     -364.5
0.00741891     -153.8
0.00720509     56.98
0.00699128     267.7
0.00677747     478.5
0.00656365     689.2
0.00634984     900
0.00613603     1111
0.00592221     1321
0.0057084     1532
0.00549459     1743
0.00528077     1954
0.00506696     2164
0.00485314     2375
0.00463933     2586
0.00442552     2797
0.0042117     3008
0.00399789     3218
0.00378408     3429
0.00357026     3640
0.00335629     3850
0.00313575     4055
0.00286589     4218
0.00252054     4316
0.0021344     4377
0.00173088     4422
0.00132022     4457
0.000907885     4486
0.00049758     4512
9.22864e-05     4535
-0.000305439     4555
-0.000693443     4573
-0.00107007     4590
-0.00143423     4605
-0.00178548     4618
-0.00212388     4630
-0.00244993     4642
-0.00276444     4652
-0.00306835     4661
-0.00336268     4670
-0.0036484     4678
-0.00392646     4685
-0.00419771     4692
-0.0044629     4698
-0.00472273     4704
-0.00497778     4710
-0.00522858     4715
-0.00547559     4720
-0.00571919     4725
-0.00595975     4730
-0.00619756     4734
-0.00643289     4738
-0.00666597     4742
-0.00689702     4746
-0.00712621     4750
-0.00735372     4753
-0.00757967     4757
-0.0078042     4760
-0.00802743     4763
-0.00824946     4766
-0.00847037     4769
-0.00869026     4772
-0.00890919     4775
-0.00912724     4778
-0.00934447     4780
-0.00956093     4783
-0.00977667     4785
-0.00999175     4788
-0.0102062     4790
-0.0104201     4793
-0.0106334     4795
-0.0108462     4797
-0.0110585     4799
-0.0112703     4802
-0.0114817     4804
-0.0116927     4806
-0.0119033     4808
-0.0121135     4810
-0.0123234     4812
-0.012533     4814
-0.0123192     4603
-0.0121054     4392
-0.0118916     4181
-0.0116777     3971
-0.0114639     3760
-0.0112501     3549
-0.0110363     3338
-0.0108225     3128
-0.0106087     2917
-0.0103949     2706
-0.010181     2495
-0.00996723     2285
-0.00975342     2074
-0.00953961     1863
-0.00932579     1652
-0.00911198     1442
-0.00889817     1231
-0.00868435     1020
-0.00847054     809.5
-0.00825673     598.7
-0.00804291     388
-0.0078291     177.2
-0.00761529     -33.54
-0.00740147     -244.3
-0.00718766     -455
-0.00697385     -665.8
-0.00676003     -876.5
-0.00654622     -1087
-0.0063324     -1298
-0.00611859     -1509
-0.00590478     -1720
-0.00569096     -1930
-0.00547715     -2141
-0.00526334     -2352
-0.00504952     -2563
-0.00483571     -2773
-0.0046219     -2984
-0.00440808     -3195
-0.00419427     -3406
-0.00398046     -3616
-0.00376649     -3827
-0.00354612     -4032
-0.00327722     -4196
-0.00293279     -4294
-0.00254698     -4356
-0.00214327     -4401
-0.00173188     -4436
-0.00131814     -4466
-0.000905599     -4492
-0.000497072     -4515
-9.50022e-05     -4535
0.000298485     -4554
0.000681647     -4571
0.00105322     -4586
0.00141247     -4600
0.00175919     -4613
0.00209364     -4625
0.00241639     -4635
0.00272825     -4645
0.00303014     -4654
0.00332298     -4662
0.0036077     -4670
0.00388515     -4677
0.00415612     -4684
0.00442131     -4690
0.00468134     -4696
0.00493677     -4702
0.00518809     -4707
0.00543571     -4712
0.00568003     -4716
0.00592135     -4721
0.00615998     -4725
0.00639616     -4729
0.00663013     -4733
0.00686207     -4737
0.00709218     -4741
0.00732059     -4744
0.00754746     -4748
0.0077729     -4751
0.00799704     -4754
0.00821996     -4757
0.00844176     -4760
0.00866253     -4763
0.00888233     -4766
0.00910124     -4768
0.00931931     -4771
0.0095366     -4774
0.00975315     -4776
0.00996903     -4779
0.0101843     -4781
0.0103989     -4783
0.010613     -4786
0.0108265     -4788
0.0110395     -4790
0.0112521     -4792
0.0114642     -4795
0.0116759     -4797
0.0118872     -4799
0.0120981     -4801
0.0123086     -4803
0.0120414     -4539
0.0117741     -4276
0.0115068     -4012
0.0112396     -3749
0.0109723     -3485
0.010705     -3222
0.0104378     -2959
0.0101705     -2695
0.00990325     -2432
0.00963598     -2168
0.00936871     -1905
0.00910145     -1641
0.00883418     -1378
0.00856691     -1115
0.00829965     -851.1
0.00803238     -587.7
0.00776511     -324.2
0.00749785     -60.79
0.00723058     202.6
0.00696331     466.1
0.00669605     729.5
0.00642878     993
0.00616151     1256
0.00589425     1520
0.00562698     1783
0.00535971     2047
0.00509245     2310
0.00482518     2574
0.00455791     2837
0.00429065     3100
0.00402338     3364
0.00375611     3627
0.00348839     3890
0.0031973     4133
0.00279937     4285
0.0023221     4367
0.00181628     4421
0.00130114     4462
0.000785831     4496
0.000276532     4525
-0.000221775     4550
-0.000705014     4572
-0.00117024     4592
-0.00161589     4609
-0.00204171     4625
-0.00244853     4639
-0.00283786     4651
-0.00321154     4662
-0.00357146     4672
-0.00391941     4681
-0.00425701     4690
-0.00458566     4697
-0.00490658     4704
-0.0052208     4711
-0.00552918     4717
-0.00583248     4723
-0.00613131     4728
-0.00642622     4734
-0.00671765     4739
-0.00700599     4743
-0.00729159     4748
-0.00757472     4752
-0.00785563     4756
-0.00813455     4760
-0.00841166     4764
-0.00868714     4767
-0.00896112     4771
-0.00923374     4774
-0.00950511     4777
-0.00977534     4781
-0.0100445     4784
-0.0103127     4787
-0.01058     4790
-0.0108465     4792
-0.0111122     4795
-0.0113772     4798
-0.0116415     4801
-0.0119052     4803
-0.0121683     4806
-0.0124309     4808
-0.0126929     4810
-0.0129545     4813
-0.0132156     4815
-0.0134763     4817
-0.0137366     4820
-0.0139966     4822
-0.0142561     4824
-0.0145154     4826
-0.0147743     4828
-0.0150329     4830
-0.0152912     4832
-0.0155493     4834
-0.0158071     4836
-0.0160646     4838
-0.016322     4840
-0.0165791     4842
-0.0168359     4843
-0.0170926     4845
-0.0173491     4847
-0.0176054     4849
-0.0172847     4533
-0.016964     4216
-0.0166432     3900
-0.0163225     3584
-0.0160018     3268
-0.0156811     2952
-0.0153604     2636
-0.0150396     2320
-0.0147189     2004
-0.0143982     1687
-0.0140775     1371
-0.0137568     1055
-0.013436     739
-0.0131153     422.9
-0.0127946     106.7
-0.0124739     -209.4
-0.0121532     -525.5
-0.0118324     -841.6
-0.0115117     -1158
-0.011191     -1474
-0.0108703     -1790
-0.0105496     -2106
-0.0102288     -2422
-0.00990812     -2738
-0.0095874     -3055
-0.00926668     -3371
-0.00894595     -3687
-0.00861944     -3998
-0.00819223     -4223
-0.00763106     -4332
-0.0070244     -4397
-0.00640569     -4444
-0.00578903     -4483
-0.0051837     -4515
-0.00459702     -4543
-0.00403438     -4567
-0.00349873     -4587
-0.00299053     -4606
-0.0025083     -4621
-0.00204943     -4635
-0.00161091     -4648
-0.00118979     -4659
-0.000783406     -4669
-0.000389455     -4678
-6.01746e-06     -4686
0.000368503     -4694
0.000735423     -4701
0.00109583     -4708
0.00145063     -4714
0.00180055     -4720
0.00214624     -4725
0.00248821     -4731
0.0028269     -4736
0.00316268     -4740
0.00349589     -4745
0.00382679     -4749
0.00415563     -4753
0.0044826     -4757
0.00480788     -4761
0.00513164     -4765
0.00545401     -4769
0.00577512     -4772
0.00609506     -4775
0.00641394     -4779
0.00673184     -4782
0.00704884     -4785
0.00736501     -4788
0.00768041     -4791
0.00799509     -4794
0.0083091     -4796
0.0086225     -4799
0.00893532     -4802
0.0092476     -4804
0.00955937     -4807
0.00987067     -4810
0.0101815     -4812
0.010492     -4814
0.010802     -4817
0.0111117     -4819
0.011421     -4821
0.01173     -4824
0.0120387     -4826
0.0123471     -4828
0.0126552     -4830
0.012963     -4832
0.0132706     -4834
0.0135779     -4836
0.0138851     -4838
0.014192     -4840
0.0144987     -4842
0.0148052     -4844
0.0151115     -4846
0.0154176     -4848
0.0157236     -4850
0.0160294     -4851
0.016335     -4853
0.0166405     -4855
0.0169458     -4857
0.017251     -4858
0.0175561     -4860
0.0172354     -4544
0.0169147     -4228
0.016594     -3912
0.0162732     -3596
0.0159525     -3280
0.0156318     -2963
0.0153111     -2647
0.0149904     -2331
0.0146696     -2015
0.0143489     -1699
0.0140282     -1383
0.0137075     -1067
0.0133868     -750.5
0.013066     -434.4
0.0127453     -118.3
0.0124246     197.9
0.0121039     514
0.0117832     830.1
0.0114624     1146
0.0111417     1462
0.010821     1779
0.0105003     2095
0.0101796     2411
0.00985883     2727
0.00953811     3043
0.00921739     3359
0.00889667     3675
0.00857041     3987
0.00814585     4214
0.00758662     4324
0.00698107     4390
0.00636333     4438
0.00574775     4477
0.00514373     4509
0.00455857     4537
0.00399757     4561
0.00346358     4582
0.00295694     4600
0.00247611     4616
0.00201846     4630
0.00158098     4642
0.00116073     4653
0.000755081     4663
0.000361753     4673
-2.11536e-05     4681
-0.000395218     4689
-0.000761745     4696
-0.00112181     4702
-0.0014763     4709
-0.00182596     4714
-0.0021714     4720
-0.00251315     4725
-0.00285165     4730
-0.00318726     4735
-0.0035203     4740
-0.00385105     4744
-0.00417974     4748
-0.00450658     4752
-0.00483174     4756
-0.00515539     4760
-0.00547765     4763
-0.00579865     4767
-0.0061185     4770
-0.00643728     4773
-0.0067551     4777
-0.00707201     4780
-0.0073881     4783
-0.00770342     4786
-0.00801803     4789
-0.00833197     4791
-0.0086453     4794
-0.00895805     4797
-0.00927027     4799
-0.00958198     4802
-0.00989322     4804
-0.010204     4807
-0.0105144     4809
-0.0108244     4812
-0.011134     4814
-0.0114433     4816
-0.0117522     4819
-0.0120609     4821
-0.0123692     4823
-0.0126772     4825
-0.012985     4827
-0.0132926     4829
-0.0135999     4831
-0.013907     4833
-0.0142138     4835
-0.0145205     4837
-0.0148269     4839
-0.0151332     4841
-0.0154393     4843
-0.0157452     4845
-0.016051     4847
-0.0163566     4848
-0.0166621     4850
-0.0169674     4852
-0.0172725     4854
-0.0175776     4855
-0.0172569     4539
-0.0169361     4223
-0.0166154     3907
-0.0162947     3591
-0.015974     3275
-0.0156533     2959
-0.0153325     2642
-0.0150118     2326
-0.0146911     2010
-0.0143704     1694
-0.0140496     1378
-0.0137289     1062
-0.0134082     745.7
-0.0130875     429.5
-0.0127668     113.4
-0.012446     -202.7
-0.0121253     -518.8
-0.0118046     -835
-0.0114839     -1151
-0.0111632     -1467
-0.0108424     -1783
-0.0105217     -2099
-0.010201     -2416
-0.00988029     -2732
-0.00955957     -3048
-0.00923885     -3364
-0.00891812     -3680
-0.00859176     -3991
-0.00816608     -4218
-0.00760603     -4328
-0.007     -4393
-0.00638185     -4441
-0.00576581     -4479
-0.00516122     -4511
-0.00457541     -4539
-0.0040137     -4563
-0.00347899     -4584
-0.00297167     -4602
-0.00249023     -4618
-0.00203205     -4632
-0.00159412     -4645
-0.00117349     -4656
-0.000767518     -4666
-0.000373916     -4675
9.22483e-06     -4683
0.000383491     -4691
0.000750192     -4698
0.00111041     -4705
0.00146504     -4711
0.00181481     -4717
0.00216037     -4722
0.00250221     -4728
0.0028408     -4733
0.00317648     -4737
0.0035096     -4742
0.00384042     -4746
0.00416917     -4750
0.00449607     -4754
0.00482129     -4758
0.00514499     -4762
0.0054673     -4765
0.00578834     -4769
0.00610823     -4772
0.00642706     -4776
0.00674492     -4779
0.00706187     -4782
0.007378     -4785
0.00769335     -4788
0.00800799     -4791
0.00832197     -4793
0.00863533     -4796
0.00894811     -4799
0.00926035     -4802
0.00957209     -4804
0.00988336     -4807
0.0101942     -4809
0.0105046     -4811
0.0108146     -4814
0.0111242     -4816
0.0114335     -4818
0.0117425     -4821
0.0120512     -4823
0.0123595     -4825
0.0126676     -4827
0.0129754     -4829
0.013283     -4831
0.0135903     -4833
0.0138974     -4835
0.0142043     -4837
0.014511     -4839
0.0148174     -4841
0.0151237     -4843
0.0154298     -4845
0.0157358     -4847
0.0160415     -4849
0.0163472     -4850
0.0166526     -4852
0.016958     -4854
0.0172631     -4856
0.0175682     -4857
0.017194     -4489
0.0168199     -4120
0.0164457     -3751
0.0160715     -3382
0.0156973     -3013
0.0153232     -2644
0.014949     -2276
0.0145748     -1907
0.0142006     -1538
0.0138265     -1169
0.0134523     -800.4
0.0130781     -431.6
0.0127039     -62.77
0.0123298     306
0.0119556     674.9
0.0115814     1044
0.0112073     1412
0.0108331     1781
0.0104589     2150
0.0100847     2519
0.00971056     2888
0.00933638     3257
0.00896221     3625
0.00858254     3989
0.00806977     4241
0.00739754     4351
0.00668246     4418
0.00596162     4466
0.00525247     4506
0.00456738     4538
0.00391506     4566
0.00329969     4590
0.00272105     4610
0.0021759     4627
0.00165965     4642
0.00116755     4655
0.000695381     4667
0.000239568     4677
-0.000202784     4686
-0.000634002     4695
-0.00105594     4703
-0.0014701     4710
-0.00187766     4717
-0.0022796     4723
-0.00267672     4729
-0.00306966     4735
-0.00345896     4740
-0.00384508     4745
-0.00422839     4750
-0.00460923     4755
-0.00498785     4759
-0.0053645     4763
-0.00573938     4768
-0.00611267     4772
-0.00648451     4775
-0.00685504     4779
-0.00722439     4783
-0.00759264     4786
-0.00795991     4789
-0.00832625     4793
-0.00869176     4796
-0.00905649     4799
-0.00942051     4802
-0.00978386     4805
-0.0101466     4808
-0.0105088     4811
-0.0108704     4813
-0.0112315     4816
-0.0115922     4819
-0.0119524     4821
-0.0123123     4824
-0.0126717     4826
-0.0130308     4829
-0.0133895     4831
-0.0137479     4834
-0.0141061     4836
-0.0144639     4838
-0.0148215     4840
-0.0151788     4843
-0.0155358     4845
-0.0158927     4847
-0.0162493     4849
-0.0166057     4851
-0.0169619     4853
-0.017318     4855
-0.0176738     4857
-0.0180295     4859
-0.018385     4861
-0.0187404     4863
-0.0190956     4865
-0.0194507     4867
-0.0198056     4869
-0.0201604     4870
-0.0205151     4872
-0.0208697     4874
-0.0212241     4876
-0.0215784     4878
-0.0219327     4879
-0.0222868     4881
-0.0226408     4883
-0.0222132     4461
-0.0217856     4040
-0.021358     3618
-0.0209303     3197
-0.0205027     2775
-0.0200751     2354
-0.0196474     1932
-0.0192198     1511
-0.0187922     1089
-0.0183646     667.7
-0.0179369     246.2
-0.0175093     -175.3
-0.0170817     -596.8
-0.0166541     -1018
-0.0162264     -1440
-0.0157988     -1861
-0.0153712     -2283
-0.0149436     -2704
-0.0145159     -3126
-0.0140883     -3547
-0.0136557     -3965
-0.0130572     -4242
-0.0122753     -4356
-0.0114545     -4424
-0.010636     -4474
-0.00984172     -4514
-0.00908644     -4548
-0.008378     -4575
-0.0077169     -4598
-0.00709851     -4617
-0.00651611     -4634
-0.00596299     -4648
-0.00543338     -4661
-0.0049226     -4672
-0.004427     -4682
-0.00394372     -4691
-0.00347055     -4699
-0.00300575     -4707
-0.00254797     -4714
-0.0020961     -4721
-0.00164927     -4727
-0.00120676     -4733
-0.000767995     -4739
-0.000332487     -4744
0.000100169     -4749
0.00053031     -4754
0.000958226     -4759
0.00138416     -4763
0.00180832     -4767
0.00223089     -4772
0.00265203     -4776
0.00307187     -4779
0.00349054     -4783
0.00390813     -4787
0.00432474     -4790
0.00474046     -4794
0.00515535     -4797
0.00556949     -4800
0.00598292     -4803
0.00639571     -4806
0.0068079     -4809
0.00721954     -4812
0.00763065     -4815
0.00804129     -4818
0.00845147     -4821
0.00886124     -4824
0.00927061     -4826
0.00967961     -4829
0.0100883     -4831
0.0104966     -4834
0.0109046     -4836
0.0113123     -4839
0.0117198     -4841
0.012127     -4844
0.0125339     -4846
0.0129407     -4848
0.0133472     -4850
0.0137535     -4853
0.0141596     -4855
0.0145655     -4857
0.0149712     -4859
0.0153768     -4861
0.0157822     -4863
0.0161874     -4865
0.0165925     -4867
0.0169975     -4869
0.0174023     -4871
0.017807     -4873
0.0182115     -4875
0.018616     -4877
0.0190203     -4879
0.0194246     -4881
0.0198287     -4883
0.0202327     -4885
0.0206366     -4886
0.0210405     -4888
0.0214442     -4890
0.0218479     -4892
0.0222515     -4894
0.022655     -4895
0.0222273     -4474
0.0217997     -4052
0.0213721     -3631
0.0209444     -3209
0.0205168     -2788
0.0200892     -2366
0.0196616     -1945
0.0192339     -1523
0.0188063     -1102
0.0183787     -680.3
0.0179511     -258.8
0.0175234     162.7
0.0170958     584.2
0.0166682     1006
0.0162406     1427
0.0158129     1849
0.0153853     2270
0.0149577     2692
0.01453     3113
0.0141024     3535
0.01367     3952
0.0130746     4232
0.0122944     4347
0.0114744     4416
0.0106565     4467
0.00986253     4507
0.0091073     4540
0.0083986     4568
0.00773699     4591
0.00711793     4611
0.00653481     4627
0.00598096     4642
0.00545066     4654
0.00493924     4666
0.00444304     4676
0.00395921     4685
0.00348555     4693
0.0030203     4701
0.0025621     4708
0.00210985     4715
0.00166267     4721
0.00121984     4727
0.00078078     4733
0.000344996     4738
-8.79148e-05     4743
-0.000518295     4748
-0.000946433     4753
-0.00137258     4757
-0.00179693     4762
-0.00221969     4766
-0.002641     4770
-0.003061     4774
-0.00347982     4777
-0.00389756     4781
-0.00431431     4785
-0.00473016     4788
-0.00514518     4791
-0.00555944     4795
-0.00597299     4798
-0.00638588     4801
-0.00679818     4804
-0.00720991     4807
-0.00762113     4810
-0.00803185     4813
-0.00844213     4815
-0.00885198     4818
-0.00926143     4821
-0.00967051     4823
-0.0100792     4826
-0.0104876     4829
-0.0108957     4831
-0.0113035     4833
-0.011711     4836
-0.0121183     4838
-0.0125253     4841
-0.0129321     4843
-0.0133387     4845
-0.013745     4847
-0.0141512     4850
-0.0145571     4852
-0.0149629     4854
-0.0153685     4856
-0.015774     4858
-0.0161793     4860
-0.0165844     4862
-0.0169894     4864
-0.0173943     4866
-0.017799     4868
-0.0182036     4870
-0.0186081     4872
-0.0190125     4874
-0.0194168     4876
-0.0198209     4878
-0.020225     4880
-0.0206289     4881
-0.0210328     4883
-0.0214366     4885
-0.0218403     4887
-0.0222439     4889
-0.0226474     4890
-0.0222198     4469
-0.0217922     4047
-0.0213646     3626
-0.0209369     3204
-0.0205093     2783
-0.0200817     2361
-0.019654     1940
-0.0192264     1518
-0.0187988     1097
-0.0183712     675.2
-0.0179435     253.7
-0.0175159     -167.8
-0.0170883     -589.3
-0.0166607     -1011
-0.016233     -1432
-0.0158054     -1854
-0.0153778     -2275
-0.0149501     -2697
-0.0145225     -3118
-0.0140949     -3540
-0.0136624     -3957
-0.0130658     -4236
-0.0122849     -4351
-0.0114646     -4419
-0.0106465     -4470
-0.00985243     -4510
-0.00909724     -4543
-0.00838872     -4571
-0.00772738     -4594
-0.00710866     -4613
-0.00652588     -4630
-0.00597238     -4644
-0.0054424     -4657
-0.00493128     -4668
-0.00443535     -4678
-0.00395178     -4687
-0.00347833     -4696
-0.00301329     -4703
-0.00255528     -4711
-0.0021032     -4717
-0.00165618     -4724
-0.00121349     -4730
-0.000774565     -4735
-0.000338905     -4741
9.38911e-05     -4746
0.000524164     -4751
0.000952203     -4755
0.00137825     -4760
0.00180252     -4764
0.00222519     -4768
0.00264643     -4772
0.00306636     -4776
0.00348511     -4780
0.00390278     -4783
0.00431947     -4787
0.00473526     -4790
0.00515022     -4794
0.00556442     -4797
0.00597792     -4800
0.00639077     -4803
0.00680302     -4806
0.00721471     -4809
0.00762588     -4812
0.00803656     -4815
0.0084468     -4818
0.00885661     -4820
0.00926602     -4823
0.00967507     -4826
0.0100838     -4828
0.0104921     -4831
0.0109002     -4833
0.011308     -4836
0.0117155     -4838
0.0121227     -4840
0.0125297     -4843
0.0129364     -4845
0.013343     -4847
0.0137493     -4849
0.0141554     -4852
0.0145614     -4854
0.0149671     -4856
0.0153727     -4858
0.0157781     -4860
0.0161834     -4862
0.0165885     -4864
0.0169935     -4866
0.0173983     -4868
0.0178031     -4870
0.0182077     -4872
0.0186121     -4874
0.0190165     -4876
0.0194207     -4878
0.0198249     -4880
0.0202289     -4882
0.0206329     -4883
0.0210367     -4885
0.0214405     -4887
0.0218442     -4889
0.0222478     -4891
0.0226513     -4892
0.0221702     -4418
0.0216891     -3944
0.021208     -3470
0.020727     -2996
0.0202459     -2521
0.0197648     -2047
0.0192837     -1573
0.0188026     -1099
0.0183216     -624.6
0.0178405     -150.4
0.0173594     323.8
0.0168783     798
0.0163972     1272
0.0159162     1746
0.0154351     2221
0.014954     2695
0.0144729     3169
0.0139918     3643
0.0134787     4090
0.0126888     4302
0.0117767     4395
0.0108531     4457
0.00995358     4505
0.00910109     4542
0.0083074     4573
0.00757278     4598
0.00689002     4619
0.0062495     4637
0.00564226     4652
0.00506096     4665
0.00449999     4676
0.00395507     4687
0.003423     4696
0.00290134     4704
0.0023882     4712
0.00188215     4720
0.00138202     4727
0.000886917     4733
0.000396097     4739
-9.10348e-05     4745
-0.000574969     4750
-0.00105611     4755
-0.00153481     4760
-0.00201134     4765
-0.00248595     4770
-0.00295884     4774
-0.0034302     4778
-0.00390019     4782
-0.00436892     4786
-0.00483653     4790
-0.00530311     4794
-0.00576876     4798
-0.00623355     4801
-0.00669756     4805
-0.00716084     4808
-0.00762346     4811
-0.00808547     4814
-0.00854691     4817
-0.00900782     4821
-0.00946825     4823
-0.00992821     4826
-0.0103878     4829
-0.0108469     4832
-0.0113057     4835
-0.0117641     4838
-0.0122222     4840
-0.01268     4843
-0.0131375     4845
-0.0135947     4848
-0.0140517     4850
-0.0145084     4853
-0.0149649     4855
-0.0154212     4858
-0.0158773     4860
-0.0163332     4862
-0.0167889     4864
-0.0172444     4867
-0.0176998     4869
-0.018155     4871
-0.01861     4873
-0.0190649     4875
-0.0195197     4878
-0.0199743     4880
-0.0204288     4882
-0.0208832     4884
-0.0213375     4886
-0.0217917     4888
-0.0222457     4890
-0.0226997     4892
-0.0231535     4894
-0.0236073     4896
-0.024061     4898
-0.0245146     4899
-0.0249681     4901
-0.0254215     4903
-0.0258749     4905
-0.0263282     4907
-0.0267814     4909
-0.0272345     4910
-0.0276876     4912
-0.0271531     4385
-0.0266185     3858
-0.026084     3332
-0.0255495     2805
-0.0250149     2278
-0.0244804     1751
-0.0239459     1224
-0.0234113     697.2
-0.0228768     170.3
-0.0223423     -356.6
-0.0218077     -883.4
-0.0212732     -1410
-0.0207387     -1937
-0.0202041     -2464
-0.0196696     -2991
-0.0191351     -3518
-0.0185832     -4030
-0.0177279     -4289
-0.0167136     -4391
-0.0156914     -4457
-0.0147051     -4507
-0.0137824     -4546
-0.012933     -4577
-0.0121517     -4602
-0.0114263     -4622
-0.0107444     -4640
-0.0100956     -4655
-0.00947207     -4667
-0.00886801     -4679
-0.00827921     -4689
-0.00770254     -4698
-0.00713565     -4707
-0.00657676     -4715
-0.00602449     -4722
-0.00547776     -4729
-0.00493572     -4736
-0.00439767     -4742
-0.00386306     -4747
-0.00333142     -4753
-0.00280239     -4758
-0.00227564     -4763
-0.0017509     -4768
-0.00122795     -4773
-0.000706587     -4777
-0.000186657     -4781
0.000331989     -4786
0.000849476     -4790
0.00136591     -4794
0.0018814     -4797
0.00239601     -4801
0.00290982     -4805
0.00342291     -4808
0.00393533     -4812
0.00444712     -4815
0.00495835     -4818
0.00546905     -4821
0.00597926     -4825
0.00648901     -4828
0.00699834     -4831
0.00750728     -4834
0.00801584     -4836
0.00852406     -4839
0.00903196     -4842
0.00953955     -4845
0.0100469     -4847
0.0105539     -4850
0.0110607     -4853
0.0115672     -4855
0.0120736     -4858
0.0125797     -4860
0.0130856     -4863
0.0135913     -4865
0.0140968     -4868
0.0146022     -4870
0.0151074     -4872
0.0156124     -4875
0.0161173     -4877
0.0166221     -4879
0.0171267     -4881
0.0176312     -4884
0.0181356     -4886
0.0186398     -4888
0.019144     -4890
0.019648     -4892
0.0201519     -4894
0.0206558     -4896
0.0211595     -4898
0.0216632     -4900
0.0221667     -4902
0.0226702     -4904
0.0231736     -4906
0.023677     -4908
0.0241802     -4910
0.0246834     -4912
0.0251865     -4914
0.0256896     -4916
0.0261925     -4918
0.0266955     -4920
0.0271983     -4922
0.0277011     -4923
0.0271666     -4397
0.0266321     -3870
0.0260975     -3343
0.025563     -2816
0.0250285     -2289
0.0244939     -1762
0.0239594     -1235
0.0234249     -708.4
0.0228903     -181.6
0.0223558     345.3
0.0218213     872.2
0.0212867     1399
0.0207522     1926
0.0202177     2453
0.0196831     2980
0.0191486     3507
0.0185973     4019
0.0177453     4280
0.0167321     4384
0.0157105     4450
0.0147246     4500
0.0138018     4539
0.0129518     4571
0.0121697     4596
0.0114436     4616
0.0107609     4634
0.0101113     4649
0.00948705     4662
0.00888238     4673
0.00829303     4684
0.00771587     4693
0.00714854     4701
0.00658925     4709
0.00603663     4717
0.00548957     4724
0.00494723     4730
0.00440891     4736
0.00387405     4742
0.00334219     4748
0.00281294     4753
0.00228599     4758
0.00176107     4763
0.00123795     4768
0.000716427     4772
0.000196346     4776
-0.000322442     4781
-0.000840062     4785
-0.00135663     4789
-0.00187223     4792
-0.00238695     4796
-0.00290088     4800
-0.00341407     4803
-0.00392658     4807
-0.00443847     4810
-0.00494978     4813
-0.00546057     4817
-0.00597086     4820
-0.00648069     4823
-0.00699009     4826
-0.0074991     4829
-0.00800773     4832
-0.00851602     4835
-0.00902398     4837
-0.00953163     4840
-0.010039     4843
-0.0105461     4845
-0.0110529     4848
-0.0115595     4851
-0.0120659     4853
-0.0125721     4856
-0.013078     4858
-0.0135838     4861
-0.0140894     4863
-0.0145948     4865
-0.0151     4868
-0.0156051     4870
-0.01611     4872
-0.0166148     4875
-0.0171195     4877
-0.017624     4879
-0.0181284     4881
-0.0186327     4883
-0.0191369     4885
-0.019641     4888
-0.0201449     4890
-0.0206488     4892
-0.0211526     4894
-0.0216563     4896
-0.0221599     4898
-0.0226634     4900
-0.0231668     4902
-0.0236702     4904
-0.0241735     4906
-0.0246767     4908
-0.0251798     4910
-0.0256829     4912
-0.0261859     4913
-0.0266888     4915
-0.0271917     4917
-0.0276946     4919
-0.02716     4392
-0.0266255     3865
-0.026091     3338
-0.0255564     2812
-0.0250219     2285
-0.0244874     1758
-0.0239528     1231
-0.0234183     704
-0.0228838     177.2
-0.0223492     -349.7
-0.0218147     -876.6
-0.0212802     -1403
-0.0207456     -1930
-0.0202111     -2457
-0.0196766     -2984
-0.019142     -3511
-0.0185905     -4023
-0.0177372     -4284
-0.0167236     -4387
-0.0157018     -4453
-0.0147158     -4503
-0.0137931     -4542
-0.0129434     -4573
-0.0121617     -4598
-0.0114359     -4619
-0.0107535     -4636
-0.0101043     -4651
-0.00948034     -4664
-0.00887593     -4675
-0.00828682     -4686
-0.00770986     -4695
-0.00714272     -4704
-0.00658361     -4712
-0.00603113     -4719
-0.00548422     -4726
-0.004942     -4732
-0.0044038     -4738
-0.00386904     -4744
-0.00333728     -4750
-0.00280812     -4755
-0.00228125     -4760
-0.00175641     -4765
-0.00123336     -4770
-0.00071191     -4774
-0.000191893     -4778
0.000326835     -4783
0.000844398     -4787
0.00136091     -4791
0.00187646     -4794
0.00239114     -4798
0.00290501     -4802
0.00341816     -4805
0.00393063     -4809
0.00444248     -4812
0.00495376     -4815
0.00546451     -4818
0.00597476     -4822
0.00648456     -4825
0.00699393     -4828
0.00750291     -4831
0.00801151     -4834
0.00851977     -4836
0.0090277     -4839
0.00953533     -4842
0.0100427     -4845
0.0105497     -4847
0.0110566     -4850
0.0115631     -4852
0.0120695     -4855
0.0125756     -4857
0.0130816     -4860
0.0135873     -4862
0.0140929     -4865
0.0145983     -4867
0.0151035     -4869
0.0156085     -4872
0.0161135     -4874
0.0166182     -4876
0.0171229     -4879
0.0176274     -4881
0.0181318     -4883
0.0186361     -4885
0.0191402     -4887
0.0196443     -4889
0.0201482     -4891
0.0206521     -4894
0.0211559     -4896
0.0216595     -4898
0.0221631     -4900
0.0226666     -4902
0.02317     -4904
0.0236734     -4906
0.0241766     -4908
0.0246798     -4909
0.025183     -4911
0.025686     -4913
0.026189     -4915
0.026692     -4917
0.0271949     -4919
0.0276977     -4921
