  3    2    2    2    6    2    1
  1         0.0000         0.0000         0.0000
  2         0.0000         0.0000        10.0000
  3         8.0000         0.0000         4.0000
 -1   -1   -1
 -1   -1   -1
  0    0    0
  0    0    0
  0    0    0
  0    0    0
       0.0000         0.0000         0.0000
       0.0000         0.0000         0.0000
       0.0000         0.0000         0.0000
       0.0000         0.0000         0.0000
       0.0000        60.0000         0.0000
       0.0000         0.0000         0.0000
  1    2    1    1    0
  2    3    2    2    0
200000000.00000          0.30000      0.00      0.00      0.00
210000000.00000          0.30000      0.00      0.00      0.00
        0.01500          0.05000          0.03000      0.10      0.00
        0.01000          0.03000          0.04000      0.15      0.00
       0.0000         0.0000         0.0000
       0.0000         0.0000         0.0000
       0.0000         0.0002         0.0000
       0.0001         0.0000         0.0006
       0.0000         0.0079         0.0000
       0.0003         0.0000         0.0009
      -0.0000       -60.0000         0.0000
    -480.0000         0.0000      -240.0000
      -0.0000         0.0000        60.0000
       0.0000      -600.0000         0.0000
 kN
 m
