0.000 	-21.114985 
0.010 	-24.452700 
0.020 	-16.287739 
0.030 	-1.597996 
0.040 	-3.556617 
0.050 	-3.579049 
0.060 	-3.611669 
0.070 	-3.650334 
0.080 	-3.678837 
0.090 	-3.667009 
0.100 	-3.603736 
0.110 	-3.516637 
0.120 	-3.437716 
0.130 	-3.380096 
0.140 	-3.364454 
0.150 	-3.412838 
0.160 	-3.506061 
0.170 	-3.594494 
0.180 	-3.625499 
0.190 	-3.567153 
0.200 	-3.458489 
0.210 	-3.380766 
0.220 	-3.372312 
0.230 	-3.412578 
0.240 	-3.451908 
0.250 	-3.432866 
0.260 	-3.326124 
0.270 	-3.170889 
0.280 	-3.087739 
0.290 	-3.189392 
0.300 	-3.419940 
0.310 	-3.601102 
0.320 	-3.601351 
0.330 	-3.419716 
0.340 	-3.202121 
0.350 	-3.130874 
0.360 	-3.268875 
0.370 	-3.517023 
0.380 	-3.764503 
0.390 	-3.962965 
0.400 	-4.025114 
0.410 	-3.882270 
0.420 	-3.600467 
0.430 	-3.300770 
0.440 	-3.031419 
0.450 	-2.768153 
0.460 	-2.470929 
0.470 	-2.234212 
0.480 	-2.246421 
0.490 	-2.553975 
0.500 	-3.017070 
0.510 	-3.418333 
0.520 	-3.626048 
0.530 	-3.657830 
0.540 	-3.588449 
0.550 	-3.512087 
0.560 	-3.504978 
0.570 	-3.552403 
0.580 	-3.664624 
0.590 	-3.916177 
0.600 	-4.231714 
0.610 	-4.275124 
0.620 	-3.767511 
0.630 	-2.813853 
0.640 	-1.864082 
0.650 	-1.485896 
0.660 	-1.935798 
0.670 	-2.876764 
0.680 	-3.691508 
0.690 	-4.018562 
0.700 	-3.942952 
0.710 	-3.803729 
0.720 	-3.856501 
0.730 	-4.102462 
0.740 	-4.249695 
0.750 	-4.014412 
0.760 	-3.548002 
0.770 	-3.023860 
0.780 	-2.175729 
0.790 	-0.670220 
0.800 	1.407992 
0.810 	3.664692 
0.820 	5.861258 
0.830 	8.013579 
0.840 	10.174785 
0.850 	11.875231 
0.860 	12.204042 
0.870 	11.070114 
0.880 	9.351126 
0.890 	7.823569 
0.900 	6.973933 
0.910 	7.319184 
0.920 	8.919640 
0.930 	11.050553 
0.940 	12.920928 
0.950 	14.153171 
0.960 	14.639669 
0.970 	14.446304 
0.980 	13.889076 
0.990 	13.435060 
1.000 	13.273813 
1.010 	13.307275 
1.020 	13.531934 
1.030 	14.107457 
1.040 	15.093529 
1.050 	16.245026 
1.060 	16.934493 
1.070 	16.601198 
1.080 	15.407478 
1.090 	13.953656 
1.100 	12.671469 
1.110 	11.651023 
1.120 	10.710323 
1.130 	9.643788 
1.140 	8.376971 
1.150 	6.940473 
1.160 	5.481326 
1.170 	4.532224 
1.180 	4.706625 
1.190 	5.813510 
1.200 	6.449448 
1.210 	4.430887 
1.220 	-1.034184 
1.230 	-8.314587 
1.240 	-15.357633 
1.250 	-21.511152 
1.260 	-26.966964 
1.270 	-29.741311 
1.280 	-26.328166 
1.290 	-16.915913 
1.300 	-5.515020 
1.310 	4.642944 
1.320 	13.148059 
1.330 	21.382504 
1.340 	30.819243 
1.350 	41.703968 
1.360 	51.825681 
1.370 	57.498843 
1.380 	57.740601 
1.390 	55.431797 
1.400 	53.796794 
1.410 	53.816836 
1.420 	54.660780 
1.430 	55.068602 
1.440 	54.387081 
1.450 	52.912884 
1.460 	52.779370 
1.470 	57.607126 
1.480 	68.508586 
1.490 	80.864968 
1.500 	86.745170 
1.510 	82.585593 
1.520 	72.515991 
1.530 	62.952006 
1.540 	56.891378 
1.550 	53.281220 
1.560 	49.456762 
1.570 	43.624815 
1.580 	35.893564 
1.590 	27.340431 
1.600 	18.919762 
1.610 	11.063532 
1.620 	3.548415 
1.630 	-4.100379 
1.640 	-12.099526 
1.650 	-20.442245 
1.660 	-29.023866 
1.670 	-37.644099 
1.680 	-46.321574 
1.690 	-55.155303 
1.700 	-64.162776 
1.710 	-73.426526 
1.720 	-82.849629 
1.730 	-92.131645 
1.740 	-101.135214 
1.750 	-107.643953 
1.760 	-106.677079 
1.770 	-97.506868 
1.780 	-86.354683 
1.790 	-78.909207 
1.800 	-76.170844 
1.810 	-76.953064 
1.820 	-79.573943 
1.830 	-82.213127 
1.840 	-81.913775 
1.850 	-74.100688 
1.860 	-57.291832 
1.870 	-36.042529 
1.880 	-14.669295 
1.890 	10.317069 
1.900 	45.784369 
1.910 	91.839768 
1.920 	136.926116 
1.930 	161.884031 
1.940 	158.386766 
1.950 	139.695185 
1.960 	125.761846 
1.970 	124.959388 
1.980 	132.005420 
1.990 	137.477634 
2.000 	136.432869 
2.010 	130.080208 
2.020 	122.524349 
2.030 	116.924017 
2.040 	113.795411 
2.050 	111.934945 
2.060 	109.896525 
2.070 	106.941557 
2.080 	103.293414 
2.090 	99.534713 
2.100 	96.052692 
2.110 	92.139012 
2.120 	86.063866 
2.130 	77.170041 
2.140 	66.843182 
2.150 	56.614314 
2.160 	44.406397 
2.170 	25.095314 
2.180 	-2.763071 
2.190 	-34.942720 
2.200 	-66.609360 
2.210 	-91.229684 
2.220 	-98.500935 
2.230 	-85.688339 
2.240 	-63.534759 
2.250 	-44.500936 
2.260 	-32.494399 
2.270 	-23.892402 
2.280 	-13.053490 
2.290 	3.890953 
2.300 	27.309461 
2.310 	54.379802 
2.320 	79.330439 
2.330 	92.196224 
2.340 	85.803548 
2.350 	65.596223 
2.360 	43.934919 
2.370 	28.154994 
2.380 	17.427789 
2.390 	6.484960 
2.400 	-8.819344 
2.410 	-28.660023 
2.420 	-50.491099 
2.430 	-71.757648 
2.440 	-91.001788 
2.450 	-104.618843 
2.460 	-106.486569 
2.470 	-96.207004 
2.480 	-81.182675 
2.490 	-68.503416 
2.500 	-59.953197 
2.510 	-52.364289 
2.520 	-40.842365 
2.530 	-23.309727 
2.540 	-1.927007 
2.550 	19.631085 
2.560 	39.409399 
2.570 	57.975658 
2.580 	74.655483 
2.590 	82.298180 
2.600 	73.399215 
2.610 	51.245861 
2.620 	26.583678 
2.630 	7.092081 
2.640 	-6.135386 
2.650 	-16.450075 
2.660 	-28.137954 
2.670 	-43.314015 
2.680 	-60.963284 
2.690 	-78.838497 
2.700 	-95.294674 
2.710 	-105.366758 
2.720 	-100.021485 
2.730 	-77.454217 
2.740 	-47.202247 
2.750 	-19.561071 
2.760 	2.542937 
2.770 	17.907449 
2.780 	20.342389 
2.790 	7.546486 
2.800 	-12.474955 
2.810 	-30.546417 
2.820 	-44.959897 
2.830 	-60.055093 
2.840 	-79.315822 
2.850 	-101.851540 
2.860 	-124.245122 
2.870 	-144.280183 
2.880 	-161.791229 
2.890 	-172.720059 
2.900 	-169.727519 
2.910 	-153.029133 
2.920 	-131.215323 
2.930 	-111.549608 
2.940 	-94.757449 
2.950 	-78.026062 
2.960 	-58.891039 
2.970 	-37.553553 
2.980 	-20.595300 
2.990 	-16.991656 
3.000 	-27.315906 
3.010 	-43.067774 
3.020 	-56.171344 
3.030 	-64.249545 
3.040 	-67.201816 
3.050 	-65.109510 
3.060 	-60.436153 
3.070 	-56.589485 
3.080 	-54.776460 
3.090 	-54.006699 
3.100 	-52.719725 
3.110 	-49.872745 
3.120 	-45.985837 
3.130 	-43.830678 
3.140 	-45.941947 
3.150 	-51.814036 
3.160 	-58.742064 
3.170 	-64.619343 
3.180 	-69.460372 
3.190 	-73.057366 
3.200 	-70.131984 
3.210 	-53.926816 
3.220 	-26.152077 
3.230 	4.439105 
3.240 	31.665797 
3.250 	50.818439 
3.260 	54.391084 
3.270 	41.107226 
3.280 	20.311056 
3.290 	2.228251 
3.300 	-9.705987 
3.310 	-17.641313 
3.320 	-25.153223 
3.330 	-35.191688 
3.340 	-48.268751 
3.350 	-62.718459 
3.360 	-76.385281 
3.370 	-84.562484 
3.380 	-81.086399 
3.390 	-65.838726 
3.400 	-46.140835 
3.410 	-28.816443 
3.420 	-16.011519 
3.430 	-10.313547 
3.440 	-15.335502 
3.450 	-28.746047 
3.460 	-43.616064 
3.470 	-55.338916 
3.480 	-63.992631 
3.490 	-72.798215 
3.500 	-83.411124 
3.510 	-89.975741 
3.520 	-81.594302 
3.530 	-55.611752 
3.540 	-21.333071 
3.550 	10.364863 
3.560 	34.708535 
3.570 	52.786158 
3.580 	69.199514 
3.590 	86.805619 
3.600 	101.192504 
3.610 	106.411719 
3.620 	103.301753 
3.630 	97.641049 
3.640 	93.864572 
3.650 	92.392846 
3.660 	92.250199 
3.670 	92.335281 
3.680 	90.100269 
3.690 	84.062430 
3.700 	75.821588 
3.710 	67.759191 
3.720 	61.058176 
3.730 	55.476580 
3.740 	50.039005 
3.750 	43.903036 
3.760 	37.111770 
3.770 	30.105772 
3.780 	23.195657 
3.790 	16.664110 
3.800 	10.309986 
3.810 	4.586778 
3.820 	2.960427 
3.830 	10.023681 
3.840 	25.192678 
3.850 	42.820277 
3.860 	58.429478 
3.870 	71.218726 
3.880 	79.062989 
3.890 	75.911879 
3.900 	60.175619 
3.910 	38.628150 
3.920 	19.445716 
3.930 	6.109719 
3.940 	-3.390248 
3.950 	-9.520667 
3.960 	-6.058074 
3.970 	10.550596 
3.980 	34.696047 
3.990 	58.482227 
4.000 	73.856488 
4.010 	71.339321 
4.020 	49.708418 
4.030 	20.002247 
4.040 	-5.814735 
4.050 	-21.628215 
4.060 	-25.099111 
4.070 	-18.891078 
4.080 	-11.298638 
4.090 	-10.651374 
4.100 	-19.445313 
4.110 	-33.043494 
4.120 	-44.992751 
4.130 	-52.841369 
4.140 	-58.313505 
4.150 	-51.877193 
4.160 	-3.617813 
4.170 	87.870573 
4.180 	164.098050 
4.190 	175.271640 
4.200 	135.762846 
4.210 	90.514790 
4.220 	66.287092 
4.230 	60.758088 
4.240 	57.865639 
4.250 	45.299343 
4.260 	21.494328 
4.270 	-8.033163 
4.280 	-36.347884 
4.290 	-58.922117 
4.300 	-75.640034 
4.310 	-89.832505 
4.320 	-102.731203 
4.330 	-109.411911 
4.340 	-106.311362 
4.350 	-97.330101 
4.360 	-88.361417 
4.370 	-81.733643 
4.380 	-76.177848 
4.390 	-69.715275 
4.400 	-61.379198 
4.410 	-52.146556 
4.420 	-47.612031 
4.430 	-55.341006 
4.440 	-75.568765 
4.450 	-97.251484 
4.460 	-106.116536 
4.470 	-98.081253 
4.480 	-82.184334 
4.490 	-69.971179 
4.500 	-65.652993 
4.510 	-65.735289 
4.520 	-65.095001 
4.530 	-59.280378 
4.540 	-28.840321 
4.550 	42.210880 
4.560 	117.197323 
4.570 	145.052818 
4.580 	126.978972 
4.590 	99.403062 
4.600 	89.194090 
4.610 	98.030800 
4.620 	111.991352 
4.630 	118.309287 
4.640 	113.705748 
4.650 	106.093679 
4.660 	110.780112 
4.670 	132.127849 
4.680 	152.506358 
4.690 	153.118404 
4.700 	135.198477 
4.710 	112.917613 
4.720 	96.877301 
4.730 	88.185926 
4.740 	81.716800 
4.750 	71.825759 
4.760 	56.574044 
4.770 	38.178499 
4.780 	19.858972 
4.790 	2.769705 
4.800 	-13.891549 
4.810 	-31.107530 
4.820 	-49.038591 
4.830 	-64.927740 
4.840 	-73.349802 
4.850 	-72.736078 
4.860 	-67.840309 
4.870 	-64.162011 
4.880 	-63.382538 
4.890 	-64.038640 
4.900 	-63.884515 
4.910 	-62.788346 
4.920 	-64.710733 
4.930 	-71.058254 
4.940 	-75.238286 
4.950 	-71.394767 
4.960 	-61.549637 
4.970 	-51.104597 
4.980 	-43.674748 
4.990 	-41.148467 
5.000 	-44.023346 
5.010 	-50.202920 
5.020 	-56.301974 
5.030 	-60.556669 
5.040 	-61.905721 
5.050 	-57.088942 
5.060 	-43.989404 
5.070 	-25.821019 
5.080 	-7.922665 
5.090 	6.709941 
5.100 	16.320014 
5.110 	18.225018 
5.120 	12.094052 
5.130 	0.695772 
5.140 	-15.866694 
5.150 	-39.652000 
5.160 	-69.169211 
5.170 	-93.996408 
5.180 	-95.427050 
5.190 	-65.121262 
5.200 	-16.807296 
5.210 	25.508305 
5.220 	39.897035 
5.230 	19.722152 
5.240 	-18.877903 
5.250 	-53.122465 
5.260 	-71.675127 
5.270 	-77.365201 
5.280 	-80.724754 
5.290 	-89.880240 
5.300 	-104.896859 
5.310 	-119.691025 
5.320 	-126.057225 
5.330 	-119.178453 
5.340 	-99.612898 
5.350 	-68.908913 
5.360 	-31.637829 
5.370 	-0.812472 
5.380 	11.098171 
5.390 	6.629418 
5.400 	-0.752222 
5.410 	-1.434493 
5.420 	4.831736 
5.430 	12.786992 
5.440 	19.145853 
5.450 	27.531814 
5.460 	43.533278 
5.470 	66.241270 
5.480 	88.802288 
5.490 	103.814031 
5.500 	107.407728 
5.510 	102.509301 
5.520 	95.957977 
5.530 	90.714689 
5.540 	84.402709 
5.550 	74.822920 
5.560 	62.465430 
5.570 	48.903802 
5.580 	35.645694 
5.590 	23.612896 
5.600 	12.938831 
5.610 	2.922138 
5.620 	-7.265827 
5.630 	-18.052951 
5.640 	-30.548752 
5.650 	-46.617542 
5.660 	-62.454953 
5.670 	-65.943379 
5.680 	-49.915507 
5.690 	-22.523377 
5.700 	1.547370 
5.710 	15.388633 
5.720 	22.721284 
5.730 	30.080609 
5.740 	39.354551 
5.750 	48.469935 
5.760 	54.530504 
5.770 	54.027368 
5.780 	45.786939 
5.790 	33.208410 
5.800 	20.664216 
5.810 	10.827022 
5.820 	9.380312 
5.830 	24.533476 
5.840 	54.138535 
5.850 	80.278281 
5.860 	84.644320 
5.870 	67.536356 
5.880 	44.359172 
5.890 	28.145057 
5.900 	20.995568 
5.910 	17.064191 
5.920 	10.030058 
5.930 	-2.197404 
5.940 	-17.932484 
5.950 	-31.305505 
5.960 	-32.939390 
5.970 	-19.059476 
5.980 	3.678880 
5.990 	25.801428 
6.000 	40.986680 
6.010 	44.964263 
6.020 	37.516206 
6.030 	25.023397 
6.040 	14.793097 
6.050 	9.034208 
6.060 	5.048655 
6.070 	-0.947957 
6.080 	-10.351394 
6.090 	-21.926802 
6.100 	-32.754236 
6.110 	-40.323838 
6.120 	-43.610777 
6.130 	-41.004348 
6.140 	-31.772775 
6.150 	-18.911600 
6.160 	-6.689560 
6.170 	3.009761 
6.180 	11.129779 
6.190 	19.652687 
6.200 	29.864279 
6.210 	38.635802 
6.220 	38.044661 
6.230 	24.682941 
6.240 	4.264386 
6.250 	-15.308721 
6.260 	-30.740459 
6.270 	-43.919164 
6.280 	-57.198029 
6.290 	-66.054213 
6.300 	-60.966491 
6.310 	-40.528700 
6.320 	-14.182337 
6.330 	8.010173 
6.340 	22.754364 
6.350 	33.733725 
6.360 	45.903246 
6.370 	58.031359 
6.380 	63.628307 
6.390 	60.292829 
6.400 	52.281571 
6.410 	44.846974 
6.420 	39.739074 
6.430 	35.172028 
6.440 	28.900544 
6.450 	20.384513 
6.460 	10.659301 
6.470 	0.923621 
6.480 	-8.240882 
6.490 	-15.779169 
6.500 	-19.492372 
6.510 	-18.696182 
6.520 	-15.769859 
6.530 	-13.518062 
6.540 	-12.939361 
6.550 	-14.334882 
6.560 	-19.054915 
6.570 	-27.569288 
6.580 	-36.186431 
6.590 	-38.663555 
6.600 	-32.791956 
6.610 	-22.757473 
6.620 	-13.890626 
6.630 	-8.175357 
6.640 	-4.369899 
6.650 	-0.174328 
6.660 	5.765946 
6.670 	13.313377 
6.680 	21.427895 
6.690 	29.302470 
6.700 	35.253873 
6.710 	34.547720 
6.720 	23.677583 
6.730 	5.739772 
6.740 	-12.940832 
6.750 	-28.322745 
6.760 	-37.140994 
6.770 	-35.476776 
6.780 	-24.726527 
6.790 	-13.272773 
6.800 	-7.876368 
6.810 	-7.628105 
6.820 	-6.982911 
6.830 	-1.845297 
6.840 	7.535361 
6.850 	18.208096 
6.860 	27.804189 
6.870 	35.831574 
6.880 	42.809712 
6.890 	48.147303 
6.900 	49.893631 
6.910 	49.107143 
6.920 	51.094983 
6.930 	58.650380 
6.940 	65.829838 
6.950 	62.980112 
6.960 	48.119855 
6.970 	28.047359 
6.980 	8.771539 
6.990 	-10.631195 
7.000 	-33.407523 
7.010 	-58.937165 
7.020 	-82.810566 
7.030 	-96.547273 
7.040 	-92.689236 
7.050 	-75.113993 
7.060 	-55.367169 
7.070 	-39.963988 
7.080 	-26.253365 
7.090 	-8.414249 
7.100 	15.535038 
7.110 	42.713132 
7.120 	67.704990 
7.130 	85.954857 
7.140 	94.510766 
7.150 	90.790343 
7.160 	76.382524 
7.170 	58.201013 
7.180 	42.532197 
7.190 	33.907539 
7.200 	37.075168 
7.210 	51.703605 
7.220 	69.733051 
7.230 	79.355503 
7.240 	71.304063 
7.250 	47.552504 
7.260 	19.703307 
7.270 	-2.514152 
7.280 	-16.824052 
7.290 	-26.349258 
7.300 	-36.069516 
7.310 	-49.221832 
7.320 	-64.901302 
7.330 	-79.478236 
7.340 	-90.708312 
7.350 	-98.394987 
7.360 	-100.636866 
7.370 	-95.049796 
7.380 	-83.699411 
7.390 	-71.523013 
7.400 	-61.454716 
7.410 	-53.445537 
7.420 	-46.034288 
7.430 	-37.815431 
7.440 	-28.326856 
7.450 	-17.870043 
7.460 	-6.292280 
7.470 	7.353654 
7.480 	23.130705 
7.490 	39.643279 
7.500 	55.699738 
7.510 	68.250956 
7.520 	70.837706 
7.530 	61.224730 
7.540 	45.588267 
7.550 	31.391980 
7.560 	20.551793 
7.570 	12.465508 
7.580 	9.914378 
7.590 	14.936216 
7.600 	24.043035 
7.610 	32.344090 
7.620 	38.112664 
7.630 	42.300210 
7.640 	44.378203 
7.650 	41.475532 
7.660 	33.134305 
7.670 	22.656568 
7.680 	12.665868 
7.690 	2.909294 
7.700 	-7.787460 
7.710 	-19.908914 
7.720 	-32.962355 
7.730 	-46.387566 
7.740 	-59.292258 
7.750 	-67.592774 
7.760 	-66.423775 
7.770 	-56.755323 
7.780 	-44.620579 
7.790 	-35.124067 
7.800 	-29.365548 
7.810 	-25.320983 
7.820 	-20.418210 
7.830 	-13.472485 
7.840 	-4.831760 
7.850 	5.111715 
7.860 	15.846888 
7.870 	25.469330 
7.880 	32.448027 
7.890 	36.616404 
7.900 	36.998121 
7.910 	32.613708 
7.920 	25.024103 
7.930 	17.229156 
7.940 	12.630699 
7.950 	14.155222 
7.960 	22.714466 
7.970 	33.536182 
7.980 	40.652110 
7.990 	45.139940 
8.000 	48.772573 
8.010 	52.211380 
8.020 	56.976029 
8.030 	63.003303 
8.040 	69.383383 
8.050 	73.592668 
8.060 	71.812025 
8.070 	63.301929 
8.080 	51.767753 
8.090 	41.055743 
8.100 	33.211696 
8.110 	31.298373 
8.120 	38.272675 
8.130 	52.096358 
8.140 	66.289270 
8.150 	73.349242 
8.160 	68.807644 
8.170 	55.770360 
8.180 	41.966483 
8.190 	32.279177 
8.200 	26.332277 
8.210 	21.119723 
8.220 	14.191852 
8.230 	4.818031 
8.240 	-3.317280 
8.250 	0.281455 
8.260 	20.174805 
8.270 	41.572475 
8.280 	46.003092 
8.290 	32.651859 
8.300 	14.130746 
8.310 	1.104167 
8.320 	-4.307584 
8.330 	-6.575525 
8.340 	-12.644609 
8.350 	-22.391521 
8.360 	-25.088889 
8.370 	-14.362301 
8.380 	4.300558 
8.390 	22.461378 
8.400 	35.974526 
8.410 	45.765435 
8.420 	55.088271 
8.430 	66.364297 
8.440 	79.875669 
8.450 	94.607356 
8.460 	109.655199 
8.470 	123.274520 
8.480 	128.259570 
8.490 	115.106027 
8.500 	83.250838 
8.510 	41.879832 
8.520 	1.053993 
8.530 	-35.219509 
8.540 	-67.947915 
8.550 	-92.729584 
8.560 	-99.580427 
8.570 	-90.734073 
8.580 	-83.389513 
8.590 	-89.779246 
8.600 	-106.733389 
8.610 	-124.351070 
8.620 	-133.574137 
8.630 	-125.542985 
8.640 	-96.909841 
8.650 	-59.065284 
8.660 	-33.670726 
8.670 	-33.382233 
8.680 	-50.472018 
8.690 	-68.056326 
8.700 	-76.463456 
8.710 	-77.341559 
8.720 	-68.254360 
8.730 	-35.841993 
8.740 	12.436029 
8.750 	43.532660 
8.760 	42.254378 
8.770 	24.363998 
8.780 	11.908251 
8.790 	14.052099 
8.800 	25.713894 
8.810 	37.200952 
8.820 	41.007350 
8.830 	32.853082 
8.840 	14.111920 
8.850 	-8.325049 
8.860 	-28.084107 
8.870 	-43.802150 
8.880 	-55.964883 
8.890 	-60.802674 
8.900 	-54.073211 
8.910 	-38.951429 
8.920 	-23.245236 
8.930 	-12.592450 
8.940 	-7.956805 
8.950 	-7.230418 
8.960 	-11.439313 
8.970 	-25.269726 
8.980 	-48.778891 
8.990 	-75.238335 
9.000 	-95.659203 
9.010 	-104.441380 
9.020 	-104.132856 
9.030 	-101.932963 
9.040 	-102.320360 
9.050 	-103.876913 
9.060 	-101.061541 
9.070 	-90.234842 
9.080 	-75.058468 
9.090 	-64.517329 
9.100 	-63.690640 
9.110 	-69.220213 
9.120 	-74.707800 
9.130 	-76.775905 
9.140 	-76.111140 
9.150 	-75.292515 
9.160 	-76.213978 
9.170 	-78.950909 
9.180 	-82.368252 
9.190 	-85.370936 
9.200 	-87.912982 
9.210 	-88.182953 
9.220 	-77.672637 
9.230 	-48.691886 
9.240 	-11.640016 
9.250 	10.597184 
9.260 	8.916625 
9.270 	-5.439276 
9.280 	-17.021037 
9.290 	-19.381823 
9.300 	-15.668051 
9.310 	-12.259577 
9.320 	-13.090572 
9.330 	-17.924744 
9.340 	-24.115011 
9.350 	-29.558040 
9.360 	-33.011847 
9.370 	-32.140778 
9.380 	-24.746176 
9.390 	-12.385616 
9.400 	0.711180 
9.410 	11.829781 
9.420 	21.200872 
9.430 	30.598508 
9.440 	40.557787 
9.450 	47.699634 
9.460 	47.309726 
9.470 	40.238001 
9.480 	32.706275 
9.490 	29.359044 
9.500 	29.732599 
9.510 	30.586972 
9.520 	29.528669 
9.530 	28.471897 
9.540 	34.010887 
9.550 	50.317609 
9.560 	73.385804 
9.570 	93.299898 
9.580 	100.352572 
9.590 	91.231381 
9.600 	70.950658 
9.610 	48.618488 
9.620 	30.173843 
9.630 	13.552064 
9.640 	-6.382397 
9.650 	-27.358197 
9.660 	-41.945470 
9.670 	-47.598611 
9.680 	-42.527586 
9.690 	-22.684987 
9.700 	6.879354 
9.710 	33.216797 
9.720 	50.211808 
9.730 	62.104069 
9.740 	75.721595 
9.750 	90.563507 
9.760 	97.038038 
9.770 	89.016018 
9.780 	70.973731 
9.790 	49.205783 
9.800 	25.487243 
9.810 	0.571166 
9.820 	-22.358824 
9.830 	-37.098065 
9.840 	-38.508429 
9.850 	-29.565800 
9.860 	-18.862109 
9.870 	-11.995315 
9.880 	-10.176806 
9.890 	-13.520083 
9.900 	-20.695009 
9.910 	-28.333389 
9.920 	-34.041024 
9.930 	-38.118020 
9.940 	-40.460688 
9.950 	-37.282522 
9.960 	-25.381423 
9.970 	-7.475821 
9.980 	11.140491 
9.990 	28.176164 
10.000 	44.526962 
10.010 	60.691243 
10.020 	74.349833 
10.030 	83.353539 
10.040 	88.883328 
10.050 	90.292898 
10.060 	81.798870 
10.070 	60.942800 
10.080 	38.603145 
10.090 	34.110734 
10.100 	55.158707 
10.110 	86.911567 
10.120 	101.782184 
10.130 	82.556693 
10.140 	38.326846 
10.150 	-8.148360 
10.160 	-42.558556 
10.170 	-63.451031 
10.180 	-75.360469 
10.190 	-85.133554 
10.200 	-96.477612 
10.210 	-101.953760 
10.220 	-90.501125 
10.230 	-62.962905 
10.240 	-30.144963 
10.250 	-0.369075 
10.260 	23.876441 
10.270 	38.136169 
10.280 	35.695372 
10.290 	19.022846 
10.300 	-0.676767 
10.310 	-15.120810 
10.320 	-24.172124 
10.330 	-32.521445 
10.340 	-44.105838 
10.350 	-60.162111 
10.360 	-75.901383 
10.370 	-72.496194 
10.380 	-33.340913 
10.390 	21.375706 
10.400 	50.969582 
10.410 	43.386873 
10.420 	19.134758 
10.430 	1.754020 
10.440 	-0.631885 
10.450 	5.548182 
10.460 	11.732966 
10.470 	18.500846 
10.480 	30.642555 
10.490 	43.462901 
10.500 	46.630726 
10.510 	38.634085 
10.520 	27.035575 
10.530 	18.783717 
10.540 	15.249743 
10.550 	13.801630 
10.560 	11.364296 
10.570 	6.542903 
10.580 	0.070618 
10.590 	-4.985941 
10.600 	-4.526356 
10.610 	2.425513 
10.620 	12.484049 
10.630 	22.036252 
10.640 	30.506618 
10.650 	39.441144 
10.660 	49.596868 
10.670 	59.488595 
10.680 	65.276378 
10.690 	60.913939 
10.700 	43.024080 
10.710 	17.504081 
10.720 	-5.036788 
10.730 	-24.302431 
10.740 	-45.724498 
10.750 	-59.696950 
10.760 	-52.826310 
10.770 	-30.847427 
10.780 	-10.028047 
10.790 	1.345179 
10.800 	6.255789 
10.810 	11.793435 
10.820 	17.853719 
10.830 	13.698861 
10.840 	-5.199348 
10.850 	-27.830372 
10.860 	-43.070579 
10.870 	-50.498545 
10.880 	-52.558105 
10.890 	-47.026501 
10.900 	-32.710219 
10.910 	-14.167465 
10.920 	3.374388 
10.930 	18.765157 
10.940 	32.392512 
10.950 	38.786278 
10.960 	31.718624 
10.970 	15.227170 
10.980 	-3.899460 
10.990 	-24.157047 
11.000 	-45.871648 
11.010 	-67.840545 
11.020 	-83.309149 
11.030 	-83.602066 
11.040 	-69.800593 
11.050 	-51.991440 
11.060 	-38.189614 
11.070 	-29.313339 
11.080 	-22.124562 
11.090 	-13.823232 
11.100 	-3.550316 
11.110 	9.094613 
11.120 	25.752447 
11.130 	47.369419 
11.140 	71.830507 
11.150 	95.909613 
11.160 	117.855574 
11.170 	135.354358 
11.180 	143.682361 
11.190 	141.089971 
11.200 	131.708766 
11.210 	119.004423 
11.220 	102.525487 
11.230 	82.478791 
11.240 	64.372327 
11.250 	56.837963 
11.260 	62.060856 
11.270 	72.979984 
11.280 	79.445206 
11.290 	73.950900 
11.300 	56.972487 
11.310 	36.362894 
11.320 	19.408781 
11.330 	7.136991 
11.340 	-5.316541 
11.350 	-23.254840 
11.360 	-47.160123 
11.370 	-73.635351 
11.380 	-98.864199 
11.390 	-119.246436 
11.400 	-132.683782 
11.410 	-141.343755 
11.420 	-149.729638 
11.430 	-160.422734 
11.440 	-173.043691 
11.450 	-185.759021 
11.460 	-197.364349 
11.470 	-206.788031 
11.480 	-210.676127 
11.490 	-205.923574 
11.500 	-194.785202 
11.510 	-182.865463 
11.520 	-173.504075 
11.530 	-166.358863 
11.540 	-159.294290 
11.550 	-150.696021 
11.560 	-140.430248 
11.570 	-129.258032 
11.580 	-119.180905 
11.590 	-114.395587 
11.600 	-117.298366 
11.610 	-121.335770 
11.620 	-114.579819 
11.630 	-93.266986 
11.640 	-64.949391 
11.650 	-38.732146 
11.660 	-17.863824 
11.670 	-0.055414 
11.680 	18.432225 
11.690 	39.225530 
11.700 	61.471236 
11.710 	83.690552 
11.720 	105.116112 
11.730 	125.933423 
11.740 	146.766429 
11.750 	161.338694 
11.760 	153.911641 
11.770 	118.515199 
11.780 	71.435478 
11.790 	34.842206 
11.800 	15.916136 
11.810 	5.576798 
11.820 	-8.390017 
11.830 	-30.102162 
11.840 	-50.553559 
11.850 	-55.183016 
11.860 	-40.708155 
11.870 	-16.661814 
11.880 	8.615778 
11.890 	34.156998 
11.900 	61.489561 
11.910 	88.880768 
11.920 	110.506315 
11.930 	122.695534 
11.940 	127.706678 
11.950 	129.825540 
11.960 	132.073600 
11.970 	135.449613 
11.980 	139.408831 
11.990 	142.089119 
12.000 	138.785994 
12.010 	125.133515 
12.020 	103.237203 
12.030 	79.754103 
12.040 	59.167906 
12.050 	41.363482 
12.060 	26.151410 
12.070 	19.102729 
12.080 	25.906238 
12.090 	42.943805 
12.100 	61.156678 
12.110 	74.272128 
12.120 	81.293842 
12.130 	85.529584 
12.140 	90.127325 
12.150 	93.610002 
12.160 	92.366702 
12.170 	86.217147 
12.180 	78.158742 
12.190 	70.727481 
12.200 	64.399462 
12.210 	58.287174 
12.220 	51.509907 
12.230 	43.852515 
12.240 	35.695294 
12.250 	27.520179 
12.260 	18.798128 
12.270 	8.210186 
12.280 	-4.539534 
12.290 	-18.306725 
12.300 	-31.112395 
12.310 	-41.091883 
12.320 	-48.187652 
12.330 	-54.297497 
12.340 	-61.261223 
12.350 	-69.164924 
12.360 	-74.505429 
12.370 	-71.452675 
12.380 	-58.894835 
12.390 	-42.525398 
12.400 	-29.668795 
12.410 	-24.751582 
12.420 	-26.418310 
12.430 	-28.747342 
12.440 	-26.249166 
12.450 	-17.702302 
12.460 	-6.239923 
12.470 	4.219753 
12.480 	12.105481 
12.490 	17.581188 
12.500 	20.662224 
12.510 	21.396091 
12.520 	20.918609 
12.530 	20.924965 
12.540 	22.090246 
12.550 	23.828941 
12.560 	25.189598 
12.570 	25.801458 
12.580 	25.377901 
12.590 	22.699575 
12.600 	16.870806 
12.610 	8.753910 
12.620 	0.226898 
12.630 	-7.509390 
12.640 	-14.599448 
12.650 	-20.418210 
12.660 	-22.098536 
12.670 	-18.400087 
12.680 	-11.934287 
12.690 	-5.960892 
12.700 	-1.718893 
12.710 	1.606983 
12.720 	5.629437 
12.730 	9.035283 
12.740 	3.213675 
12.750 	-19.687218 
12.760 	-52.496400 
12.770 	-77.061396 
12.780 	-81.656360 
12.790 	-69.928692 
12.800 	-54.800445 
12.810 	-45.975203 
12.820 	-44.168034 
12.830 	-44.639659 
12.840 	-42.960021 
12.850 	-37.799058 
12.860 	-30.348932 
12.870 	-22.665505 
12.880 	-16.167027 
12.890 	-11.756844 
12.900 	-10.285187 
12.910 	-11.131191 
12.920 	-12.293637 
12.930 	-11.103655 
12.940 	-5.285256 
12.950 	4.601377 
12.960 	14.127253 
12.970 	16.126139 
12.980 	7.077802 
12.990 	-6.143126 
13.000 	-11.920504 
13.010 	-6.352789 
13.020 	5.535371 
13.030 	18.173653 
13.040 	29.575718 
13.050 	39.183367 
13.060 	43.784021 
13.070 	39.002441 
13.080 	26.098112 
13.090 	11.289397 
13.100 	-0.793083 
13.110 	-9.893287 
13.120 	-18.697154 
13.130 	-29.604275 
13.140 	-40.608220 
13.150 	-44.907629 
13.160 	-38.963692 
13.170 	-26.814576 
13.180 	-14.174126 
13.190 	-3.327995 
13.200 	6.648196 
13.210 	17.702969 
13.220 	30.051257 
13.230 	39.488232 
13.240 	41.117958 
13.250 	35.930626 
13.260 	29.114589 
13.270 	24.379537 
13.280 	21.877055 
13.290 	19.746618 
13.300 	16.392118 
13.310 	11.481997 
13.320 	5.454859 
13.330 	-1.460052 
13.340 	-9.295453 
13.350 	-16.521727 
13.360 	-18.675091 
13.370 	-12.507573 
13.380 	-0.461451 
13.390 	12.089197 
13.400 	21.851853 
13.410 	28.861913 
13.420 	35.221324 
13.430 	42.433273 
13.440 	47.976109 
13.450 	46.872572 
13.460 	38.147892 
13.470 	26.150998 
13.480 	15.334668 
13.490 	6.684039 
13.500 	0.018325 
13.510 	-2.385778 
13.520 	1.836517 
13.530 	10.850674 
13.540 	20.311046 
13.550 	27.841526 
13.560 	33.799315 
13.570 	37.940165 
13.580 	38.180785 
13.590 	34.063185 
13.600 	28.090484 
13.610 	22.805091 
13.620 	18.542273 
13.630 	14.022610 
13.640 	8.305487 
13.650 	1.390451 
13.660 	-6.191560 
13.670 	-13.696065 
13.680 	-20.778698 
13.690 	-27.568562 
13.700 	-34.246220 
13.710 	-41.014080 
13.720 	-47.947189 
13.730 	-55.079952 
13.740 	-61.069506 
13.750 	-60.611526 
13.760 	-48.811009 
13.770 	-28.211009 
13.780 	-6.964771 
13.790 	7.958749 
13.800 	15.779297 
13.810 	21.311519 
13.820 	29.329438 
13.830 	36.266540 
13.840 	29.144833 
13.850 	0.824990 
13.860 	-38.740877 
13.870 	-66.036604 
13.880 	-62.532805 
13.890 	-37.551807 
13.900 	-16.074646 
13.910 	-7.871705 
13.920 	-5.036933 
13.930 	2.260118 
13.940 	16.791689 
13.950 	32.355077 
13.960 	38.979388 
13.970 	33.601457 
13.980 	23.356188 
13.990 	18.528010 
14.000 	23.358228 
14.010 	33.811695 
14.020 	43.314240 
14.030 	45.519734 
14.040 	34.920108 
14.050 	12.536376 
14.060 	-13.718147 
14.070 	-36.845556 
14.080 	-55.059920 
14.090 	-69.485957 
14.100 	-81.648552 
14.110 	-93.801258 
14.120 	-106.451547 
14.130 	-112.623116 
14.140 	-102.297503 
14.150 	-75.767741 
14.160 	-44.554842 
14.170 	-19.878798 
14.180 	-4.199691 
14.190 	8.008609 
14.200 	21.908810 
14.210 	34.629859 
14.220 	38.397144 
14.230 	30.745845 
14.240 	17.004752 
14.250 	3.806320 
14.260 	-6.590801 
14.270 	-16.114406 
14.280 	-23.713232 
14.290 	-23.817640 
14.300 	-15.224590 
14.310 	-2.194248 
14.320 	10.970670 
14.330 	22.395779 
14.340 	32.779968 
14.350 	43.600516 
14.360 	55.669504 
14.370 	66.553679 
14.380 	68.918291 
14.390 	57.733400 
14.400 	37.473935 
14.410 	17.387901 
14.420 	3.874678 
14.430 	-2.921394 
14.440 	-8.006846 
14.450 	-17.523103 
14.460 	-34.935058 
14.470 	-58.600447 
14.480 	-83.128782 
14.490 	-96.788374 
14.500 	-83.169523 
14.510 	-39.733041 
14.520 	16.264597 
14.530 	62.895775 
14.540 	87.366634 
14.550 	91.010166 
14.560 	82.295286 
14.570 	68.768012 
14.580 	55.928870 
14.590 	45.920561 
14.600 	36.966003 
14.610 	26.353270 
14.620 	13.041944 
14.630 	-2.305344 
14.640 	-18.051077 
14.650 	-32.360669 
14.660 	-44.448570 
14.670 	-54.634038 
14.680 	-60.681433 
14.690 	-57.358521 
14.700 	-43.827313 
14.710 	-26.318670 
14.720 	-11.504785 
14.730 	-0.592898 
14.740 	10.435201 
14.750 	26.214959 
14.760 	43.955785 
14.770 	51.473600 
14.780 	43.993838 
14.790 	33.636459 
14.800 	32.576263 
14.810 	40.405065 
14.820 	48.645220 
14.830 	49.825706 
14.840 	43.387344 
14.850 	34.054199 
14.860 	26.773383 
14.870 	24.860836 
14.880 	28.749333 
14.890 	34.972670 
14.900 	39.465375 
14.910 	39.683883 
14.920 	33.907107 
14.930 	23.055070 
14.940 	10.872080 
14.950 	0.091756 
14.960 	-9.109799 
14.970 	-18.464794 
14.980 	-31.266785 
14.990 	-49.902597 
15.000 	-70.588512 
15.010 	-81.818706 
15.020 	-74.866800 
15.030 	-54.444009 
15.040 	-32.437942 
15.050 	-16.349307 
15.060 	-7.057516 
15.070 	-1.224550 
15.080 	6.421846 
15.090 	19.461569 
15.100 	36.524749 
15.110 	50.415680 
15.120 	53.046839 
15.130 	44.172291 
15.140 	31.059863 
15.150 	20.420839 
15.160 	13.882229 
15.170 	9.264820 
15.180 	3.919063 
15.190 	-1.917345 
15.200 	-4.231073 
15.210 	-0.051106 
15.220 	8.737553 
15.230 	18.074690 
15.240 	24.360427 
15.250 	24.518702 
15.260 	18.274274 
15.270 	9.346035 
15.280 	1.434765 
15.290 	-5.338799 
15.300 	-13.130979 
15.310 	-23.314456 
15.320 	-34.653972 
15.330 	-42.415026 
15.340 	-41.840396 
15.350 	-34.059525 
15.360 	-24.606796 
15.370 	-17.461584 
15.380 	-12.884395 
15.390 	-8.683350 
15.400 	-3.848553 
15.410 	-2.642383 
15.420 	-10.937395 
15.430 	-26.811201 
15.440 	-41.376755 
15.450 	-49.096578 
15.460 	-50.834282 
15.470 	-48.407004 
15.480 	-42.798852 
15.490 	-36.174915 
15.500 	-30.812651 
15.510 	-26.999465 
15.520 	-23.376808 
15.530 	-19.426105 
15.540 	-16.840503 
15.550 	-17.049672 
15.560 	-19.185348 
15.570 	-21.498586 
15.580 	-23.140005 
15.590 	-24.223431 
15.600 	-24.652275 
15.610 	-23.543922 
15.620 	-20.268814 
15.630 	-15.511847 
15.640 	-10.923994 
15.650 	-7.550769 
15.660 	-5.002623 
15.670 	-2.423922 
15.680 	0.516538 
15.690 	3.667155 
15.700 	6.302121 
15.710 	6.903167 
15.720 	4.462402 
15.730 	-0.321156 
15.740 	-6.071066 
15.750 	-12.885160 
15.760 	-21.822885 
15.770 	-31.597912 
15.780 	-39.285587 
15.790 	-44.195629 
15.800 	-48.081076 
15.810 	-52.686930 
15.820 	-58.449540 
15.830 	-64.941778 
15.840 	-70.090625 
15.850 	-68.072394 
15.860 	-54.341014 
15.870 	-33.175880 
15.880 	-13.376219 
15.890 	-0.942908 
15.900 	2.032949 
15.910 	-1.759937 
15.920 	-6.413982 
15.930 	-7.925712 
15.940 	-6.538350 
15.950 	-4.485546 
15.960 	-2.430954 
15.970 	1.426813 
15.980 	9.675672 
15.990 	23.335793 
16.000 	40.293251 
16.010 	55.041369 
16.020 	61.212938 
16.030 	57.836140 
16.040 	50.454203 
16.050 	44.411577 
16.060 	40.655848 
16.070 	37.397760 
16.080 	32.919152 
16.090 	26.744405 
16.100 	19.462638 
16.110 	12.043649 
16.120 	5.118599 
16.130 	-1.246821 
16.140 	-7.352124 
16.150 	-13.559196 
16.160 	-19.951029 
16.170 	-26.273152 
16.180 	-32.136765 
16.190 	-37.454511 
16.200 	-42.569269 
16.210 	-47.793310 
16.220 	-53.312259 
16.230 	-58.970784 
16.240 	-62.021243 
16.250 	-57.380014 
16.260 	-44.226001 
16.270 	-28.225803 
16.280 	-14.883242 
16.290 	-5.023651 
16.300 	3.687223 
16.310 	13.906646 
16.320 	25.248154 
16.330 	30.725136 
16.340 	22.048652 
16.350 	2.469817 
16.360 	-12.629168 
16.370 	-11.528359 
16.380 	2.750672 
16.390 	18.946063 
16.400 	29.236929 
16.410 	33.228412 
16.420 	35.130346 
16.430 	38.990649 
16.440 	45.526572 
16.450 	51.779024 
16.460 	52.895069 
16.470 	45.849811 
16.480 	32.910235 
16.490 	19.292120 
16.500 	7.790302 
16.510 	-2.462517 
16.520 	-13.620675 
16.530 	-26.651151 
16.540 	-38.851132 
16.550 	-44.628761 
16.560 	-42.039705 
16.570 	-35.202910 
16.580 	-29.213140 
16.590 	-25.925986 
16.600 	-24.190989 
16.610 	-22.088108 
16.620 	-18.545521 
16.630 	-13.671344 
16.640 	-8.270971 
16.650 	-3.187276 
16.660 	1.291226 
16.670 	5.356334 
16.680 	9.892767 
16.690 	16.312598 
16.700 	23.896042 
16.710 	29.790851 
16.720 	32.975187 
16.730 	34.890550 
16.740 	37.141876 
16.750 	40.360479 
16.760 	44.197945 
16.770 	47.319153 
16.780 	48.057630 
16.790 	46.151989 
16.800 	43.084068 
16.810 	40.488450 
16.820 	38.807624 
16.830 	37.462712 
16.840 	35.698924 
16.850 	33.275648 
16.860 	30.475324 
16.870 	27.572614 
16.880 	24.772496 
16.890 	22.145771 
16.900 	19.582281 
16.910 	17.052105 
16.920 	14.479148 
16.930 	12.079043 
16.940 	10.682874 
16.950 	10.712785 
16.960 	11.470470 
16.970 	12.136687 
16.980 	12.324352 
16.990 	12.182274 
17.000 	12.134695 
17.010 	11.626243 
17.020 	9.318461 
17.030 	4.705698 
17.040 	-1.275987 
17.050 	-7.735032 
17.060 	-14.435278 
17.070 	-21.262685 
17.080 	-28.286978 
17.090 	-35.501223 
17.100 	-43.165472 
17.110 	-48.978142 
17.120 	-42.869288 
17.130 	-16.292448 
17.140 	20.158814 
17.150 	43.906470 
17.160 	45.394912 
17.170 	33.835504 
17.180 	23.301879 
17.190 	20.267450 
17.200 	21.542711 
17.210 	21.175582 
17.220 	16.515469 
17.230 	8.378495 
17.240 	-0.827399 
17.250 	-8.307940 
17.260 	-11.176003 
17.270 	-8.162410 
17.280 	-1.744003 
17.290 	4.371745 
17.300 	8.856052 
17.310 	12.717223 
17.320 	17.016014 
17.330 	20.865870 
17.340 	22.165558 
17.350 	20.133877 
17.360 	16.509435 
17.370 	13.441162 
17.380 	11.352279 
17.390 	9.578819 
17.400 	7.389050 
17.410 	4.482591 
17.420 	1.057821 
17.430 	-2.389131 
17.440 	-5.462104 
17.450 	-7.440600 
17.460 	-6.898542 
17.470 	-3.583217 
17.480 	0.748901 
17.490 	4.593978 
17.500 	7.713805 
17.510 	10.039623 
17.520 	10.998256 
17.530 	8.473588 
17.540 	-0.271766 
17.550 	-14.836772 
17.560 	-31.374489 
17.570 	-46.593635 
17.580 	-60.089458 
17.590 	-73.369510 
17.600 	-85.577770 
17.610 	-89.827198 
17.620 	-79.743145 
17.630 	-58.735109 
17.640 	-36.561330 
17.650 	-19.735954 
17.660 	-8.420541 
17.670 	1.189443 
17.680 	12.576028 
17.690 	26.004603 
17.700 	39.961741 
17.710 	53.194568 
17.720 	64.686610 
17.730 	73.813717 
17.740 	80.786723 
17.750 	84.628506 
17.760 	83.178902 
17.770 	77.024118 
17.780 	69.377095 
17.790 	63.026729 
17.800 	59.758449 
17.810 	60.106635 
17.820 	62.088834 
17.830 	61.552335 
17.840 	55.295497 
17.850 	44.495933 
17.860 	33.229207 
17.870 	24.000479 
17.880 	17.063396 
17.890 	12.968114 
17.900 	12.882894 
17.910 	15.832820 
17.920 	18.755759 
17.930 	18.736698 
17.940 	14.190911 
17.950 	5.647229 
17.960 	-4.918328 
17.970 	-15.436555 
17.980 	-23.105091 
17.990 	-23.975091 
18.000 	-17.237936 
18.010 	-7.225333 
18.020 	1.374165 
18.030 	6.883107 
18.040 	9.290509 
18.050 	8.252224 
18.060 	3.972743 
18.070 	-1.319038 
18.080 	-5.179576 
18.090 	-7.074833 
18.100 	-8.137768 
18.110 	-9.896809 
18.120 	-12.883826 
18.130 	-16.568796 
18.140 	-20.281508 
18.150 	-23.650694 
18.160 	-26.608585 
18.170 	-29.380822 
18.180 	-32.204513 
18.190 	-35.205814 
18.200 	-38.468708 
18.210 	-41.398926 
18.220 	-42.690775 
18.230 	-41.864773 
18.240 	-39.750100 
18.250 	-37.462045 
18.260 	-35.728049 
18.270 	-34.447835 
18.280 	-32.878382 
18.290 	-29.859972 
18.300 	-24.596240 
18.310 	-17.712907 
18.320 	-10.539746 
18.330 	-3.971076 
18.340 	1.946013 
18.350 	7.474544 
18.360 	12.710876 
18.370 	16.841425 
18.380 	17.380985 
18.390 	12.686282 
18.400 	4.309717 
18.410 	-5.158066 
18.420 	-14.529051 
18.430 	-23.831247 
18.440 	-31.775071 
18.450 	-34.316341 
18.460 	-29.146991 
18.470 	-19.300832 
18.480 	-9.597877 
18.490 	-1.952416 
18.500 	4.750200 
18.510 	11.997836 
18.520 	19.290364 
18.530 	24.374956 
18.540 	25.664412 
18.550 	23.844402 
18.560 	21.070791 
18.570 	18.847806 
18.580 	17.456787 
18.590 	15.637846 
18.600 	11.395188 
18.610 	4.337959 
18.620 	-4.113723 
18.630 	-12.279883 
18.640 	-19.545287 
18.650 	-26.268875 
18.660 	-33.006167 
18.670 	-39.889304 
18.680 	-45.852470 
18.690 	-49.522911 
18.700 	-51.201804 
18.710 	-52.459475 
18.720 	-54.396911 
18.730 	-57.114016 
18.740 	-60.059096 
18.750 	-62.688205 
18.760 	-63.236741 
18.770 	-58.012799 
18.780 	-45.786458 
18.790 	-30.009732 
18.800 	-14.968490 
18.810 	-2.302370 
18.820 	8.955357 
18.830 	20.542081 
18.840 	33.531326 
18.850 	47.647307 
18.860 	61.774110 
18.870 	75.290112 
18.880 	87.643403 
18.890 	95.270247 
18.900 	93.468248 
18.910 	83.159262 
18.920 	70.492570 
18.930 	60.242141 
18.940 	51.966219 
18.950 	42.359796 
18.960 	29.576346 
18.970 	14.488232 
18.980 	0.591744 
18.990 	-7.453012 
19.000 	-8.305547 
19.010 	-5.473628 
19.020 	-3.073657 
19.030 	-2.985050 
19.040 	-4.799365 
19.050 	-7.015865 
19.060 	-8.546089 
19.070 	-8.509982 
19.080 	-5.432303 
19.090 	1.350014 
19.100 	8.716783 
19.110 	12.216413 
19.120 	11.067426 
19.130 	8.708485 
19.140 	10.017354 
19.150 	16.889171 
19.160 	26.743100 
19.170 	35.651718 
19.180 	41.744856 
19.190 	45.798122 
19.200 	49.722740 
19.210 	52.554083 
19.220 	49.658554 
19.230 	39.168309 
19.240 	24.533594 
19.250 	10.252451 
19.260 	-0.407298 
19.270 	-4.495037 
19.280 	-1.714211 
19.290 	4.084709 
19.300 	9.129521 
19.310 	12.623331 
19.320 	15.815250 
19.330 	18.688737 
19.340 	18.319351 
19.350 	12.724904 
19.360 	3.701286 
19.370 	-5.410757 
19.380 	-12.678277 
19.390 	-18.085324 
19.400 	-22.666927 
19.410 	-27.699192 
19.420 	-33.851122 
19.430 	-40.463935 
19.440 	-45.389163 
19.450 	-47.060032 
19.460 	-46.802215 
19.470 	-47.235523 
19.480 	-49.404749 
19.490 	-52.295933 
19.500 	-53.359886 
19.510 	-50.235990 
19.520 	-43.402687 
19.530 	-35.551881 
19.540 	-28.755356 
19.550 	-23.342316 
19.560 	-18.169739 
19.570 	-12.003683 
19.580 	-4.758381 
19.590 	2.996156 
19.600 	10.587443 
19.610 	17.614041 
19.620 	23.987167 
19.630 	29.832132 
19.640 	35.591739 
19.650 	41.539111 
19.660 	47.695033 
19.670 	53.896680 
19.680 	59.760666 
19.690 	63.811441 
19.700 	63.282250 
19.710 	57.275852 
19.720 	48.491536 
19.730 	40.195631 
19.740 	33.400421 
19.750 	27.255172 
19.760 	20.554638 
19.770 	12.645159 
19.780 	3.463953 
19.790 	-6.541194 
19.800 	-16.617581 
19.810 	-26.345579 
19.820 	-35.823314 
19.830 	-45.193444 
19.840 	-54.318863 
19.850 	-63.255400 
19.860 	-71.576929 
19.870 	-75.505039 
19.880 	-70.329185 
19.890 	-57.714172 
19.900 	-44.571843 
19.910 	-35.230329 
19.920 	-28.902026 
19.930 	-22.561568 
19.940 	-13.879345 
19.950 	-2.612264 
19.960 	9.799679 
19.970 	21.754784 
19.980 	33.157937 
19.990 	45.645969 
20.000 	59.006257 
20.010 	67.511331 
20.020 	64.832063 
20.030 	52.626952 
20.040 	38.390719 
20.050 	27.234296 
20.060 	19.571911 
20.070 	13.402510 
20.080 	6.710903 
20.090 	-1.425829 
20.100 	-10.793217 
20.110 	-20.422075 
20.120 	-29.480051 
20.130 	-37.843046 
20.140 	-45.885265 
20.150 	-52.737402 
20.160 	-54.841569 
20.170 	-49.602205 
20.180 	-39.011780 
20.190 	-27.282414 
20.200 	-17.092630 
20.210 	-8.500060 
20.220 	-0.010955 
20.230 	9.256255 
20.240 	18.356227 
20.250 	26.086997 
20.260 	31.625046 
20.270 	33.630367 
20.280 	31.763524 
20.290 	27.548501 
20.300 	22.459308 
20.310 	16.832606 
20.320 	10.689780 
20.330 	4.133888 
20.340 	-3.284693 
20.350 	-12.356087 
20.360 	-23.138484 
20.370 	-34.689936 
20.380 	-45.655701 
20.390 	-54.903490 
20.400 	-62.274979 
20.410 	-68.870644 
20.420 	-75.505618 
20.430 	-80.763935 
20.440 	-82.445614 
20.450 	-81.138441 
20.460 	-80.215801 
20.470 	-81.340017 
20.480 	-81.436293 
20.490 	-76.405646 
20.500 	-66.359568 
20.510 	-54.755555 
20.520 	-44.450856 
20.530 	-35.976654 
20.540 	-28.246786 
20.550 	-20.035247 
20.560 	-10.811807 
20.570 	-0.852705 
20.580 	9.218396 
20.590 	18.982841 
20.600 	28.384352 
20.610 	37.652232 
20.620 	47.035899 
20.630 	54.651422 
20.640 	55.749141 
20.650 	48.475448 
20.660 	38.765471 
20.670 	35.653866 
20.680 	42.110681 
20.690 	53.314741 
20.700 	63.070962 
20.710 	69.063930 
20.720 	72.779017 
20.730 	76.772393 
20.740 	82.473739 
20.750 	89.769181 
20.760 	96.593390 
20.770 	97.770825 
20.780 	88.977642 
20.790 	72.065565 
20.800 	51.932119 
20.810 	31.303455 
20.820 	9.856401 
20.830 	-14.306590 
20.840 	-42.031808 
20.850 	-71.469136 
20.860 	-95.245673 
20.870 	-102.980966 
20.880 	-93.547081 
20.890 	-77.173396 
20.900 	-64.055641 
20.910 	-56.850314 
20.920 	-52.068468 
20.930 	-45.363000 
20.940 	-35.014549 
20.950 	-21.914490 
20.960 	-7.808935 
20.970 	6.012876 
20.980 	18.967282 
20.990 	28.999272 
21.000 	32.045650 
21.010 	27.289841 
21.020 	19.102807 
21.030 	12.237053 
21.040 	8.053492 
21.050 	5.580135 
21.060 	4.590966 
21.070 	5.644688 
21.080 	8.170078 
21.090 	10.756067 
21.100 	12.742650 
21.110 	14.261464 
21.120 	13.909991 
21.130 	8.639477 
21.140 	-2.054959 
21.150 	-15.059694 
21.160 	-27.174416 
21.170 	-37.367036 
21.180 	-45.372045 
21.190 	-49.222960 
21.200 	-47.038636 
21.210 	-40.566714 
21.220 	-33.627356 
21.230 	-28.381233 
21.240 	-24.472948 
21.250 	-20.373163 
21.260 	-14.785308 
21.270 	-7.306865 
21.280 	1.414411 
21.290 	10.267754 
21.300 	18.574803 
21.310 	26.387075 
21.320 	34.067040 
21.330 	41.890701 
21.340 	49.752994 
21.350 	55.871256 
21.360 	57.284180 
21.370 	53.564336 
21.380 	47.649603 
21.390 	42.562882 
21.400 	39.153603 
21.410 	36.483596 
21.420 	33.314397 
21.430 	29.151102 
21.440 	24.109380 
21.450 	19.837684 
21.460 	20.261015 
21.470 	26.570660 
21.480 	34.371258 
21.490 	39.456242 
21.500 	41.697022 
21.510 	43.245766 
21.520 	45.844573 
21.530 	48.025444 
21.540 	45.445855 
21.550 	36.284335 
21.560 	23.571164 
21.570 	11.413641 
21.580 	1.479263 
21.590 	-7.132705 
21.600 	-16.240494 
21.610 	-26.159277 
21.620 	-32.878401 
21.630 	-30.775598 
21.640 	-19.978075 
21.650 	-6.293578 
21.660 	5.299702 
21.670 	13.878962 
21.680 	21.401182 
21.690 	30.191364 
21.700 	40.158510 
21.710 	47.064672 
21.720 	46.422686 
21.730 	39.169731 
21.740 	30.080158 
21.750 	22.446752 
21.760 	16.443816 
21.770 	10.686219 
21.780 	3.916080 
21.790 	-4.161339 
21.800 	-12.852022 
21.810 	-20.927339 
21.820 	-27.433498 
21.830 	-32.590605 
21.840 	-37.424061 
21.850 	-40.947215 
21.860 	-39.903696 
21.870 	-34.161893 
21.880 	-27.916425 
21.890 	-24.377919 
21.900 	-23.165000 
21.910 	-22.207594 
21.920 	-20.016746 
21.930 	-16.477543 
21.940 	-12.392728 
21.950 	-8.575508 
21.960 	-5.327269 
21.970 	-2.213594 
21.980 	1.495925 
21.990 	6.002306 
22.000 	10.910368 
22.010 	15.821225 
22.020 	20.594035 
22.030 	25.244505 
22.040 	29.998440 
22.050 	34.393576 
22.060 	36.084192 
22.070 	32.841781 
22.080 	25.716758 
22.090 	17.921654 
22.100 	11.470696 
22.110 	6.201695 
22.120 	0.964535 
22.130 	-5.108897 
22.140 	-11.592703 
22.150 	-16.615580 
22.160 	-19.010024 
22.170 	-20.108332 
22.180 	-22.301985 
22.190 	-26.541338 
22.200 	-31.898363 
22.210 	-36.971349 
22.220 	-41.252796 
22.230 	-44.624140 
22.240 	-45.257513 
22.250 	-40.903295 
22.260 	-32.435833 
22.270 	-23.148588 
22.280 	-15.310791 
22.290 	-8.850069 
22.300 	-2.493511 
22.310 	3.350476 
22.320 	5.141734 
22.330 	0.499122 
22.340 	-8.273401 
22.350 	-17.094994 
22.360 	-23.926845 
22.370 	-29.370610 
22.380 	-35.164092 
22.390 	-42.143505 
22.400 	-47.072638 
22.410 	-43.151718 
22.420 	-28.027464 
22.430 	-7.627342 
22.440 	9.453962 
22.450 	18.980172 
22.460 	23.862854 
22.470 	30.259759 
22.480 	41.457315 
22.490 	56.464388 
22.500 	70.670897 
22.510 	75.469988 
22.520 	64.756359 
22.530 	43.611768 
22.540 	23.377191 
22.550 	10.109048 
22.560 	1.871162 
22.570 	-6.510630 
22.580 	-18.602703 
22.590 	-34.592336 
22.600 	-52.382879 
22.610 	-67.490053 
22.620 	-72.791132 
22.630 	-64.813110 
22.640 	-48.816385 
22.650 	-33.247826 
22.660 	-21.718565 
22.670 	-10.487685 
22.680 	6.515152 
22.690 	29.353511 
22.700 	50.112600 
22.710 	59.719886 
22.720 	56.672939 
22.730 	47.784569 
22.740 	40.375243 
22.750 	36.287936 
22.760 	32.990333 
22.770 	27.836071 
22.780 	20.601559 
22.790 	12.688470 
22.800 	5.331547 
22.810 	-1.194306 
22.820 	-7.336069 
22.830 	-13.534278 
22.840 	-20.032618 
22.850 	-25.862652 
22.860 	-28.098420 
22.870 	-24.933037 
22.880 	-18.210676 
22.890 	-11.325851 
22.900 	-6.020238 
22.910 	-1.789408 
22.920 	2.642507 
22.930 	8.123868 
22.940 	14.568949 
22.950 	21.368711 
22.960 	27.984359 
22.970 	34.111960 
22.980 	39.774145 
22.990 	45.062843 
23.000 	48.307491 
23.010 	45.633991 
23.020 	35.968689 
23.030 	23.649771 
23.040 	13.730292 
23.050 	7.359988 
23.060 	2.409069 
23.070 	-3.152956 
23.080 	-9.941670 
23.090 	-17.543076 
23.100 	-25.059155 
23.110 	-32.110200 
23.120 	-38.469415 
23.130 	-42.469746 
23.140 	-41.967474 
23.150 	-37.418018 
23.160 	-31.601797 
23.170 	-26.258133 
23.180 	-21.264450 
23.190 	-16.054045 
23.200 	-10.210807 
23.210 	-3.660518 
23.220 	3.395226 
23.230 	10.860720 
23.240 	18.529334 
23.250 	26.220619 
23.260 	32.857477 
23.270 	35.326820 
23.280 	31.826406 
23.290 	24.562965 
23.300 	17.391246 
23.310 	12.617897 
23.320 	9.775613 
23.330 	6.952766 
23.340 	2.924027 
23.350 	-2.349581 
23.360 	-7.284461 
23.370 	-8.979276 
23.380 	-6.189162 
23.390 	-1.035865 
23.400 	2.570944 
23.410 	1.630989 
23.420 	-3.618755 
23.430 	-10.140234 
23.440 	-15.360214 
23.450 	-18.693122 
23.460 	-20.073752 
23.470 	-19.077899 
23.480 	-16.131162 
23.490 	-12.931248 
23.500 	-11.464888 
23.510 	-12.969418 
23.520 	-16.681307 
23.530 	-20.143530 
23.540 	-20.848840 
23.550 	-17.765861 
23.560 	-12.341961 
23.570 	-7.076996 
23.580 	-3.240623 
23.590 	-0.494688 
23.600 	2.175084 
23.610 	5.593903 
23.620 	9.788316 
23.630 	14.164767 
23.640 	18.519897 
23.650 	22.823966 
23.660 	26.961480 
23.670 	31.115240 
23.680 	35.349050 
23.690 	39.641396 
23.700 	44.064470 
23.710 	48.413459 
23.720 	52.706383 
23.730 	57.676433 
23.740 	63.978534 
23.750 	69.478285 
23.760 	69.619206 
23.770 	63.386432 
23.780 	54.047018 
23.790 	44.418503 
23.800 	35.294761 
23.810 	26.413817 
23.820 	17.219395 
23.830 	7.221914 
23.840 	-3.727251 
23.850 	-15.407409 
23.860 	-27.485697 
23.870 	-39.526050 
23.880 	-51.274574 
23.890 	-62.848736 
23.900 	-74.431560 
23.910 	-86.043569 
23.920 	-95.036916 
23.930 	-96.666994 
23.940 	-90.344067 
23.950 	-80.720496 
23.960 	-71.996198 
23.970 	-64.067972 
23.980 	-54.840814 
23.990 	-43.509096 
24.000 	-30.655975 
24.010 	-17.396740 
24.020 	-4.193016 
24.030 	9.106478 
24.040 	22.210056 
24.050 	31.449300 
24.060 	29.881868 
24.070 	15.782887 
24.080 	-4.362582 
24.090 	-22.678189 
24.100 	-35.538452 
24.110 	-44.574403 
24.120 	-53.868162 
24.130 	-63.554556 
24.140 	-66.473933 
24.150 	-56.353633 
24.160 	-36.341449 
24.170 	-14.713401 
24.180 	3.329904 
24.190 	17.746202 
24.200 	31.155628 
24.210 	45.582391 
24.220 	61.743179 
24.230 	78.482011 
24.240 	89.767464 
24.250 	89.117160 
24.260 	78.354893 
24.270 	65.094863 
24.280 	54.820065 
24.290 	48.135365 
24.300 	42.369037 
24.310 	34.796423 
24.320 	23.903507 
24.330 	8.632605 
24.340 	-10.199280 
24.350 	-29.682814 
24.360 	-47.933122 
24.370 	-64.920569 
24.380 	-80.618227 
24.390 	-92.835836 
24.400 	-96.642528 
24.410 	-84.169221 
24.420 	-50.407106 
24.430 	-1.964493 
24.440 	47.543655 
24.450 	82.965721 
24.460 	91.588642 
24.470 	76.216382 
24.480 	54.470957 
24.490 	40.659939 
24.500 	36.382475 
24.510 	35.116239 
24.520 	29.977506 
24.530 	19.289795 
24.540 	5.624100 
24.550 	-8.409577 
24.560 	-21.269110 
24.570 	-32.764085 
24.580 	-43.777037 
24.590 	-55.000677 
24.600 	-66.763191 
24.610 	-78.845530 
24.620 	-87.572094 
24.630 	-87.262628 
24.640 	-77.485472 
24.650 	-63.672099 
24.660 	-51.428366 
24.670 	-42.551905 
24.680 	-34.934440 
24.690 	-25.725185 
24.700 	-13.247218 
24.710 	2.394638 
24.720 	18.655706 
24.730 	33.117726 
24.740 	45.498937 
24.750 	56.862095 
24.760 	68.513619 
24.770 	81.052398 
24.780 	94.130393 
24.790 	106.657950 
24.800 	117.227342 
24.810 	122.810801 
24.820 	119.812277 
24.830 	109.285754 
24.840 	96.756834 
24.850 	86.850500 
24.860 	79.669472 
24.870 	72.867032 
24.880 	64.950794 
24.890 	55.191227 
24.900 	44.209952 
24.910 	33.085343 
24.920 	22.187267 
24.930 	11.646952 
24.940 	1.220078 
24.950 	-9.196002 
24.960 	-19.672297 
24.970 	-30.477080 
24.980 	-41.297991 
24.990 	-52.002624 
25.000 	-62.620820 
25.010 	-72.656215 
25.020 	-81.747397 
25.030 	-90.145081 
25.040 	-98.635528 
25.050 	-107.352890 
25.060 	-116.136077 
25.070 	-125.066219 
25.080 	-134.031872 
25.090 	-142.377239 
25.100 	-146.601523 
25.110 	-142.110505 
25.120 	-129.309044 
25.130 	-113.861531 
25.140 	-100.538668 
25.150 	-89.347420 
25.160 	-77.436805 
25.170 	-62.934024 
25.180 	-46.371213 
25.190 	-29.167426 
25.200 	-12.347641 
25.210 	4.021558 
25.220 	20.839471 
25.230 	39.110832 
25.240 	58.341031 
25.250 	73.644239 
25.260 	76.802500 
25.270 	64.459214 
25.280 	42.350035 
25.290 	19.622521 
25.300 	1.265368 
25.310 	-13.641060 
25.320 	-28.129743 
25.330 	-44.394213 
25.340 	-63.265426 
25.350 	-81.306016 
25.360 	-88.680134 
25.370 	-77.961875 
25.380 	-54.196758 
25.390 	-29.088926 
25.400 	-9.098157 
25.410 	6.690769 
25.420 	22.065878 
25.430 	36.587739 
25.440 	43.374071 
25.450 	38.754091 
25.460 	27.713005 
25.470 	17.008921 
25.480 	8.846701 
25.490 	1.179884 
25.500 	-8.436793 
25.510 	-20.013960 
25.520 	-32.442573 
25.530 	-44.862572 
25.540 	-56.714298 
25.550 	-68.225999 
25.560 	-78.715008 
25.570 	-85.178278 
25.580 	-84.065373 
25.590 	-76.164820 
25.600 	-66.472325 
25.610 	-58.588165 
25.620 	-52.567670 
25.630 	-45.805235 
25.640 	-36.199204 
25.650 	-23.963976 
25.660 	-10.657898 
25.670 	2.068875 
25.680 	13.857743 
25.690 	24.872362 
25.700 	32.972126 
25.710 	35.931960 
25.720 	34.992643 
25.730 	33.325855 
25.740 	33.313259 
25.750 	35.570599 
25.760 	39.250938 
25.770 	42.336075 
25.780 	43.403040 
25.790 	43.004725 
25.800 	42.683987 
25.810 	41.793357 
25.820 	33.871085 
25.830 	12.508868 
25.840 	-18.025904 
25.850 	-47.030847 
25.860 	-69.227718 
25.870 	-87.120913 
25.880 	-103.238772 
25.890 	-113.415470 
25.900 	-111.704312 
25.910 	-98.923255 
25.920 	-82.082801 
25.930 	-67.227518 
25.940 	-55.458304 
25.950 	-44.507048 
25.960 	-31.856435 
25.970 	-16.220423 
25.980 	1.974381 
25.990 	21.304220 
26.000 	40.584284 
26.010 	56.576536 
26.020 	63.552506 
26.030 	60.031098 
26.040 	51.602729 
26.050 	44.847465 
26.060 	41.909782 
26.070 	40.889748 
26.080 	39.024455 
26.090 	34.905412 
26.100 	29.017735 
26.110 	22.784304 
26.120 	17.153531 
26.130 	12.413692 
26.140 	8.811468 
26.150 	6.201654 
26.160 	5.603263 
26.170 	10.375596 
26.180 	22.068968 
26.190 	38.096566 
26.200 	54.581035 
26.210 	68.584781 
26.220 	78.225274 
26.230 	83.694299 
26.240 	86.808160 
26.250 	87.989716 
26.260 	86.747534 
26.270 	83.852829 
26.280 	79.711832 
26.290 	73.952371 
26.300 	66.538728 
26.310 	57.066909 
26.320 	44.954011 
26.330 	30.270668 
26.340 	14.784210 
26.350 	1.773498 
26.360 	-6.600445 
26.370 	-11.532430 
26.380 	-16.048964 
26.390 	-21.699377 
26.400 	-28.027621 
26.410 	-34.075496 
26.420 	-38.968243 
26.430 	-42.136579 
26.440 	-44.104475 
26.450 	-45.825218 
26.460 	-47.777633 
26.470 	-47.818816 
26.480 	-42.029356 
26.490 	-30.520283 
26.500 	-17.155453 
26.510 	-5.089909 
26.520 	5.249984 
26.530 	14.979281 
26.540 	25.434593 
26.550 	36.898167 
26.560 	44.945702 
26.570 	43.365223 
26.580 	31.850519 
26.590 	16.457119 
26.600 	3.025570 
26.610 	-7.544118 
26.620 	-17.620016 
26.630 	-29.205057 
26.640 	-42.695612 
26.650 	-56.547204 
26.660 	-66.173532 
26.670 	-66.830223 
26.680 	-58.922244 
26.690 	-47.866757 
26.700 	-38.754876 
26.710 	-32.555790 
26.720 	-27.281384 
26.730 	-20.831388 
26.740 	-12.624950 
26.750 	-3.322911 
26.760 	5.858598 
26.770 	14.055130 
26.780 	20.099895 
26.790 	21.656634 
26.800 	18.453934 
26.810 	13.619046 
26.820 	11.074695 
26.830 	12.291557 
26.840 	15.240306 
26.850 	16.942773 
26.860 	15.386161 
26.870 	10.698129 
26.880 	4.995373 
26.890 	0.025987 
26.900 	-3.911134 
26.910 	-7.570321 
26.920 	-11.696659 
26.930 	-15.932480 
26.940 	-18.805839 
26.950 	-19.096332 
26.960 	-17.236513 
26.970 	-14.970472 
26.980 	-13.489113 
26.990 	-12.491191 
27.000 	-11.344421 
27.010 	-9.872686 
27.020 	-7.957942 
27.030 	-5.727440 
27.040 	-4.279595 
27.050 	-5.638326 
27.060 	-10.745854 
27.070 	-17.988293 
27.080 	-25.048746 
27.090 	-30.941898 
27.100 	-35.812867 
27.110 	-38.325885 
27.120 	-35.639328 
27.130 	-27.779085 
27.140 	-18.017890 
27.150 	-9.298809 
27.160 	-2.072727 
27.170 	5.112799 
27.180 	13.685902 
27.190 	23.978426 
27.200 	35.161944 
27.210 	46.010372 
27.220 	53.318959 
27.230 	52.386577 
27.240 	42.814480 
27.250 	29.726527 
27.260 	18.134933 
27.270 	9.071545 
27.280 	1.125608 
27.290 	-6.189720 
27.300 	-10.304071 
27.310 	-8.305663 
27.320 	-1.466650 
27.330 	6.012381 
27.340 	11.234392 
27.350 	14.352874 
27.360 	17.328188 
27.370 	21.648296 
27.380 	27.404137 
27.390 	34.021826 
27.400 	40.531830 
27.410 	45.192325 
27.420 	46.442492 
27.430 	43.885977 
27.440 	38.515286 
27.450 	32.317848 
27.460 	26.766928 
27.470 	22.142995 
27.480 	18.021402 
27.490 	14.108585 
27.500 	10.386789 
27.510 	7.416907 
27.520 	7.233010 
27.530 	10.874012 
27.540 	16.078649 
27.550 	19.654315 
27.560 	20.779846 
27.570 	20.885107 
27.580 	20.490775 
27.590 	18.662524 
27.600 	15.198839 
27.610 	10.949500 
27.620 	7.421368 
27.630 	6.836141 
27.640 	10.299499 
27.650 	15.849340 
27.660 	20.367924 
27.670 	22.641568 
27.680 	23.763548 
27.690 	25.549841 
27.700 	28.797383 
27.710 	32.433802 
27.720 	33.915269 
27.730 	32.013130 
27.740 	28.202131 
27.750 	24.547210 
27.760 	22.164773 
27.770 	21.116064 
27.780 	20.534390 
27.790 	19.538400 
27.800 	17.967388 
27.810 	16.040390 
27.820 	14.103945 
27.830 	12.441905 
27.840 	11.101182 
27.850 	9.967774 
27.860 	9.045532 
27.870 	8.422691 
27.880 	7.906586 
27.890 	7.181062 
27.900 	5.991193 
27.910 	4.133384 
27.920 	1.838374 
27.930 	-0.297850 
27.940 	-1.823203 
27.950 	-2.752268 
27.960 	-3.491267 
27.970 	-4.449337 
27.980 	-5.068428 
27.990 	-4.005252 
28.000 	-0.845498 
28.010 	3.434512 
28.020 	7.468128 
28.030 	10.905365 
28.040 	14.130069 
28.050 	17.513067 
28.060 	20.855442 
28.070 	22.431830 
28.080 	20.690918 
28.090 	16.781261 
28.100 	13.340217 
28.110 	11.591722 
28.120 	10.975075 
28.130 	10.189490 
28.140 	8.295555 
28.150 	5.423681 
28.160 	2.262831 
28.170 	-0.693874 
28.180 	-3.180739 
28.190 	-4.222503 
28.200 	-2.307035 
28.210 	2.685544 
28.220 	8.921457 
28.230 	14.473262 
28.240 	18.998850 
28.250 	22.611510 
28.260 	23.463607 
28.270 	19.320393 
28.280 	11.137725 
28.290 	1.814880 
28.300 	-6.948582 
28.310 	-15.081786 
28.320 	-21.542534 
28.330 	-22.788973 
28.340 	-17.242164 
28.350 	-8.204100 
28.360 	-0.236282 
28.370 	4.531983 
28.380 	7.062569 
28.390 	9.648131 
28.400 	13.751805 
28.410 	19.381921 
28.420 	25.842640 
28.430 	31.588082 
28.440 	33.667479 
28.450 	30.603374 
28.460 	24.170261 
28.470 	16.698798 
28.480 	9.304411 
28.490 	2.160000 
28.500 	-4.708371 
28.510 	-10.894966 
28.520 	-16.237022 
28.530 	-21.292693 
28.540 	-26.476700 
28.550 	-30.131003 
28.560 	-28.955078 
28.570 	-22.323970 
28.580 	-14.122270 
28.590 	-8.610045 
28.600 	-6.380545 
28.610 	-5.231829 
28.620 	-3.141530 
28.630 	0.148480 
28.640 	3.613589 
28.650 	6.427020 
28.660 	7.866484 
28.670 	7.079381 
28.680 	4.242748 
28.690 	0.570483 
28.700 	-2.764022 
28.710 	-4.473352 
28.720 	-2.849502 
28.730 	2.256067 
28.740 	8.612641 
28.750 	14.027554 
28.760 	17.568337 
28.770 	19.152367 
28.780 	18.825017 
28.790 	16.119655 
28.800 	10.907199 
28.810 	4.112828 
28.820 	-2.988997 
28.830 	-9.748388 
28.840 	-16.229429 
28.850 	-22.203748 
28.860 	-26.956202 
28.870 	-29.712489 
28.880 	-29.681833 
28.890 	-26.844535 
28.900 	-22.067369 
28.910 	-16.330629 
28.920 	-10.276259 
28.930 	-4.295257 
28.940 	1.620574 
28.950 	7.859028 
28.960 	14.375917 
28.970 	20.473362 
28.980 	24.819496 
28.990 	25.850498 
29.000 	23.283309 
29.010 	18.924079 
29.020 	14.927632 
29.030 	12.073520 
29.040 	9.838979 
29.050 	7.295198 
29.060 	4.024236 
29.070 	0.216308 
29.080 	-3.746878 
29.090 	-7.553332 
29.100 	-11.056331 
29.110 	-14.356052 
29.120 	-17.651624 
29.130 	-21.087135 
29.140 	-24.415265 
29.150 	-26.269885 
29.160 	-24.971855 
29.170 	-20.773332 
29.180 	-15.766014 
29.190 	-11.626871 
29.200 	-8.522233 
29.210 	-5.680311 
29.220 	-2.369483 
29.230 	1.588258 
29.240 	5.716807 
29.250 	9.251336 
29.260 	11.973939 
29.270 	14.230190 
29.280 	15.540502 
29.290 	14.234035 
29.300 	9.749859 
29.310 	3.717826 
29.320 	-2.082217 
29.330 	-6.729881 
29.340 	-9.173086 
29.350 	-8.374353 
29.360 	-4.994243 
29.370 	-1.148246 
29.380 	1.628759 
29.390 	2.734867 
29.400 	2.117942 
29.410 	0.619390 
29.420 	-0.598953 
29.430 	-1.077395 
29.440 	-1.299363 
29.450 	-2.796420 
29.460 	-7.024174 
29.470 	-13.463381 
29.480 	-19.712606 
29.490 	-23.740583 
29.500 	-25.699473 
29.510 	-27.063681 
29.520 	-27.733851 
29.530 	-25.188568 
29.540 	-18.122602 
29.550 	-8.588632 
29.560 	0.486556 
29.570 	7.458400 
29.580 	11.721047 
29.590 	12.855995 
29.600 	10.709479 
29.610 	6.010475 
29.620 	0.191068 
29.630 	-5.736020 
29.640 	-11.449938 
29.650 	-16.706352 
29.660 	-21.535363 
29.670 	-26.383485 
29.680 	-31.596901 
29.690 	-36.908673 
29.700 	-41.389577 
29.710 	-44.144686 
29.720 	-44.676261 
29.730 	-42.828635 
29.740 	-39.227012 
29.750 	-35.195965 
29.760 	-31.655585 
29.770 	-28.588665 
29.780 	-25.493796 
29.790 	-21.957497 
29.800 	-18.015565 
29.810 	-14.014370 
29.820 	-10.314322 
29.830 	-7.054774 
29.840 	-4.028484 
29.850 	-0.938553 
29.860 	2.271556 
29.870 	5.165553 
29.880 	7.025150 
29.890 	7.746979 
29.900 	8.092901 
29.910 	8.836039 
29.920 	10.089389 
29.930 	11.471961 
29.940 	12.815038 
29.950 	14.370718 
29.960 	16.368986 
29.970 	18.445262 
29.980 	19.797306 
29.990 	20.179072 
30.000 	20.103299 
30.010 	20.173568 
30.020 	20.668100 
30.030 	21.585885 
30.040 	21.943518 
30.050 	19.784680 
30.060 	14.444146 
30.070 	7.478441 
30.080 	0.921759 
30.090 	-4.291164 
30.100 	-8.404878 
30.110 	-12.319643 
30.120 	-16.828437 
30.130 	-21.892536 
30.140 	-26.142090 
30.150 	-27.668644 
30.160 	-26.302307 
30.170 	-23.775114 
30.180 	-21.889073 
30.190 	-21.775806 
30.200 	-23.677347 
30.210 	-26.673233 
30.220 	-29.430432 
30.230 	-31.400986 
30.240 	-32.819296 
30.250 	-33.255272 
30.260 	-31.415485 
30.270 	-26.924094 
30.280 	-20.818919 
30.290 	-14.803996 
30.300 	-10.270069 
30.310 	-7.228235 
30.320 	-4.599294 
30.330 	-1.184109 
30.340 	3.653520 
30.350 	9.633299 
30.360 	15.923357 
30.370 	21.788432 
30.380 	27.079308 
30.390 	31.800439 
30.400 	34.932213 
30.410 	35.302531 
30.420 	33.480225 
30.430 	30.847643 
30.440 	27.932621 
30.450 	24.666136 
30.460 	21.034602 
30.470 	17.146399 
30.480 	13.133412 
30.490 	9.314900 
30.500 	6.409511 
30.510 	4.890328 
30.520 	4.254039 
30.530 	3.577874 
30.540 	2.278185 
30.550 	0.296698 
30.560 	-1.961576 
30.570 	-4.013121 
30.580 	-5.724091 
30.590 	-7.304406 
30.600 	-8.944290 
30.610 	-10.522373 
30.620 	-11.815635 
30.630 	-12.637850 
30.640 	-12.531343 
30.650 	-11.179957 
30.660 	-8.972992 
30.670 	-6.627819 
30.680 	-4.513674 
30.690 	-2.464475 
30.700 	-0.179384 
30.710 	2.454896 
30.720 	5.305431 
30.730 	8.170748 
30.740 	10.981795 
30.750 	13.727722 
30.760 	16.438087 
30.770 	19.146923 
30.780 	21.812623 
30.790 	24.429411 
30.800 	27.052301 
30.810 	29.685825 
30.820 	32.307332 
30.830 	34.693742 
30.840 	36.362305 
30.850 	37.258861 
30.860 	37.577529 
30.870 	36.171187 
30.880 	31.344127 
30.890 	23.548444 
30.900 	15.036209 
30.910 	7.575735 
30.920 	1.371987 
30.930 	-4.480893 
30.940 	-10.887844 
30.950 	-18.027523 
30.960 	-25.388388 
30.970 	-31.321240 
30.980 	-33.200189 
30.990 	-30.518292 
31.000 	-26.007752 
31.010 	-22.499676 
31.020 	-20.662440 
31.030 	-19.509275 
31.040 	-17.843507 
31.050 	-15.192737 
31.060 	-11.883255 
31.070 	-8.500353 
31.080 	-5.377088 
31.090 	-2.819435 
31.100 	-1.580991 
31.110 	-2.222241 
31.120 	-4.170686 
31.130 	-6.087887 
31.140 	-6.608562 
31.150 	-5.091962 
31.160 	-2.250850 
31.170 	0.563443 
31.180 	2.591852 
31.190 	4.031903 
31.200 	5.305435 
31.210 	6.086451 
31.220 	5.697513 
31.230 	4.244316 
31.240 	2.548135 
31.250 	1.188527 
31.260 	0.227057 
31.270 	0.032073 
31.280 	1.376524 
31.290 	4.250380 
31.300 	7.527187 
31.310 	9.862160 
31.320 	10.762414 
31.330 	10.869833 
31.340 	11.132761 
31.350 	11.992185 
31.360 	13.304391 
31.370 	14.619451 
31.380 	15.170106 
31.390 	14.129941 
31.400 	11.552452 
31.410 	8.413821 
31.420 	5.617146 
31.430 	3.349231 
31.440 	1.257066 
31.450 	-0.795842 
31.460 	-2.344114 
31.470 	-3.019709 
31.480 	-3.127919 
31.490 	-3.240498 
31.500 	-3.888328 
31.510 	-5.457002 
31.520 	-7.814211 
31.530 	-10.359860 
31.540 	-12.604614 
31.550 	-14.525657 
31.560 	-16.370997 
31.570 	-18.366606 
31.580 	-20.604610 
31.590 	-22.909597 
31.600 	-24.345438 
31.610 	-23.450148 
31.620 	-20.034679 
31.630 	-15.586854 
31.640 	-11.580695 
31.650 	-8.390577 
31.660 	-5.565261 
31.670 	-3.297465 
31.680 	-2.955930 
31.690 	-5.122764 
31.700 	-8.600458 
31.710 	-11.840905 
31.720 	-14.288471 
31.730 	-16.376441 
31.740 	-18.475791 
31.750 	-19.662311 
31.760 	-18.451364 
31.770 	-15.004052 
31.780 	-10.921375 
31.790 	-7.418908 
31.800 	-4.649060 
31.810 	-2.009057 
31.820 	1.013865 
31.830 	3.849051 
31.840 	5.199829 
31.850 	4.660839 
31.860 	3.143424 
31.870 	1.874801 
31.880 	2.140816 
31.890 	5.161668 
31.900 	10.698894 
31.910 	16.984759 
31.920 	22.546529 
31.930 	26.320397 
31.940 	26.748976 
31.950 	23.702275 
31.960 	19.511021 
31.970 	16.218736 
31.980 	13.926521 
31.990 	11.710619 
32.000 	8.852751 
32.010 	5.269745 
32.020 	1.296101 
32.030 	-2.625812 
32.040 	-6.249793 
32.050 	-9.651643 
32.060 	-13.043170 
32.070 	-16.030070 
32.080 	-17.047916 
32.090 	-15.019895 
32.100 	-10.991948 
32.110 	-6.928748 
32.120 	-3.870282 
32.130 	-1.553638 
32.140 	0.850957 
32.150 	3.723835 
32.160 	6.393274 
32.170 	7.987925 
32.180 	8.491960 
32.190 	8.583163 
32.200 	8.905544 
32.210 	9.607171 
32.220 	10.467692 
32.230 	11.111542 
32.240 	11.232666 
32.250 	10.854019 
32.260 	9.998146 
32.270 	8.243422 
32.280 	5.426112 
32.290 	2.124999 
32.300 	-1.022841 
32.310 	-3.833527 
32.320 	-6.539967 
32.330 	-9.417518 
32.340 	-12.132468 
32.350 	-13.337470 
32.360 	-11.834431 
32.370 	-8.332470 
32.380 	-4.700820 
32.390 	-1.982015 
32.400 	-0.030966 
32.410 	1.881391 
32.420 	4.376009 
32.430 	7.558318 
32.440 	11.042587 
32.450 	13.851710 
32.460 	14.972758 
32.470 	14.561552 
32.480 	13.724524 
32.490 	13.322127 
32.500 	13.470131 
32.510 	13.820848 
32.520 	13.896826 
32.530 	13.020597 
32.540 	10.574444 
32.550 	6.731819 
32.560 	2.475575 
32.570 	-1.377842 
32.580 	-4.740982 
32.590 	-8.003322 
32.600 	-10.971720 
32.610 	-12.137266 
32.620 	-10.414875 
32.630 	-6.894500 
32.640 	-3.388634 
32.650 	-0.703660 
32.660 	1.374606 
32.670 	3.430741 
32.680 	5.280689 
32.690 	6.261045 
32.700 	6.398177 
32.710 	6.251657 
32.720 	6.304324 
32.730 	6.586795 
32.740 	6.875356 
32.750 	6.986632 
32.760 	6.568054 
32.770 	5.479914 
32.780 	3.993283 
32.790 	2.589335 
32.800 	2.039824 
32.810 	3.169437 
32.820 	5.960794 
32.830 	9.299690 
32.840 	12.202110 
32.850 	14.547828 
32.860 	16.714356 
32.870 	18.661171 
32.880 	19.336305 
32.890 	17.951025 
32.900 	15.224345 
32.910 	12.471473 
32.920 	10.334619 
32.930 	8.587761 
32.940 	6.895196 
32.950 	5.481043 
32.960 	4.708692 
32.970 	4.443343 
32.980 	4.296879 
32.990 	3.975340 
33.000 	3.369916 
33.010 	2.366269 
33.020 	0.876017 
33.030 	-0.778618 
33.040 	-2.152085 
33.050 	-2.956320 
33.060 	-3.235316 
33.070 	-3.411292 
33.080 	-3.913466 
33.090 	-5.044550 
33.100 	-7.033575 
33.110 	-9.622476 
33.120 	-12.191250 
33.130 	-14.402767 
33.140 	-15.639279 
33.150 	-14.823175 
33.160 	-11.902395 
33.170 	-8.218945 
33.180 	-4.994219 
33.190 	-2.462861 
33.200 	-0.198169 
33.210 	2.116923 
33.220 	4.185248 
33.230 	5.549411 
33.240 	6.399684 
33.250 	7.506816 
33.260 	9.255825 
33.270 	11.418958 
33.280 	13.508272 
33.290 	14.778255 
33.300 	14.822400 
33.310 	14.067805 
33.320 	13.323295 
33.330 	13.179245 
33.340 	13.634566 
33.350 	14.270842 
33.360 	14.527707 
33.370 	13.652449 
33.380 	11.256249 
33.390 	7.908958 
33.400 	4.588774 
33.410 	1.871385 
33.420 	-0.364155 
33.430 	-2.618996 
33.440 	-5.183794 
33.450 	-8.033327 
33.460 	-11.005476 
33.470 	-13.927247 
33.480 	-16.665915 
33.490 	-19.042014 
33.500 	-20.743549 
33.510 	-21.783556 
33.520 	-22.611726 
33.530 	-23.040364 
33.540 	-22.465528 
33.550 	-20.909946 
33.560 	-18.700725 
33.570 	-16.242770 
33.580 	-13.895070 
33.590 	-11.654918 
33.600 	-9.371703 
33.610 	-7.115866 
33.620 	-5.293358 
33.630 	-4.133420 
33.640 	-3.385584 
33.650 	-2.804756 
33.660 	-2.596146 
33.670 	-3.030375 
33.680 	-4.004339 
33.690 	-5.133251 
33.700 	-5.899925 
33.710 	-5.679324 
33.720 	-4.162836 
33.730 	-1.933020 
33.740 	0.188707 
33.750 	1.913674 
33.760 	3.373661 
33.770 	4.859536 
33.780 	6.643307 
33.790 	8.766990 
33.800 	10.899077 
33.810 	12.422442 
33.820 	12.789277 
33.830 	11.862880 
33.840 	9.826520 
33.850 	7.061750 
33.860 	4.133269 
33.870 	1.370621 
33.880 	-1.339809 
33.890 	-4.165475 
33.900 	-7.192441 
33.910 	-9.823901 
33.920 	-10.548134 
33.930 	-8.722956 
33.940 	-5.528224 
33.950 	-2.541515 
33.960 	-0.349402 
33.970 	1.187023 
33.980 	2.239526 
33.990 	2.804431 
34.000 	2.837428 
34.010 	2.549347 
34.020 	2.035903 
34.030 	1.170955 
34.040 	-0.024309 
34.050 	-1.435605 
34.060 	-2.813256 
34.070 	-3.526979 
34.080 	-2.743467 
34.090 	-0.318646 
34.100 	2.767657 
34.110 	5.499507 
34.120 	7.704319 
34.130 	9.703303 
34.140 	11.833469 
34.150 	14.266467 
34.160 	16.975067 
34.170 	19.311603 
34.180 	20.131827 
34.190 	18.985852 
34.200 	16.664247 
34.210 	14.445627 
34.220 	12.915709 
34.230 	11.851098 
34.240 	10.866429 
34.250 	9.749662 
34.260 	8.490929 
34.270 	7.080800 
34.280 	5.504778 
34.290 	3.798918 
34.300 	1.977281 
34.310 	0.046640 
34.320 	-1.855359 
34.330 	-3.687419 
34.340 	-5.514551 
34.350 	-7.059656 
34.360 	-8.037293 
34.370 	-8.649657 
34.380 	-9.178267 
34.390 	-9.813375 
34.400 	-10.664117 
34.410 	-11.526858 
34.420 	-12.337900 
34.430 	-13.157663 
34.440 	-13.708033 
34.450 	-13.520731 
34.460 	-12.312747 
34.470 	-10.183172 
34.480 	-7.717754 
34.490 	-5.479102 
34.500 	-3.480095 
34.510 	-1.576853 
34.520 	0.400265 
34.530 	2.388541 
34.540 	4.078261 
34.550 	5.412904 
34.560 	6.631315 
34.570 	7.964333 
34.580 	9.357914 
34.590 	10.673653 
34.600 	11.718310 
34.610 	12.332210 
34.620 	12.614895 
34.630 	12.590419 
34.640 	12.097103 
34.650 	10.760295 
34.660 	8.181660 
34.670 	4.656440 
34.680 	0.916299 
34.690 	-2.576027 
34.700 	-5.474735 
34.710 	-7.401317 
34.720 	-8.264582 
34.730 	-8.194368 
34.740 	-7.465030 
34.750 	-6.491817 
34.760 	-5.527110 
34.770 	-4.650220 
34.780 	-3.967312 
34.790 	-3.859392 
34.800 	-4.646224 
34.810 	-5.816859 
34.820 	-6.127514 
34.830 	-4.783235 
34.840 	-2.272625 
34.850 	0.272771 
34.860 	2.140526 
34.870 	3.230787 
34.880 	3.741312 
34.890 	4.171548 
34.900 	4.945836 
34.910 	6.048742 
34.920 	7.312993 
34.930 	8.489210 
34.940 	9.341513 
34.950 	9.567231 
34.960 	8.806606 
34.970 	7.300879 
34.980 	5.809964 
34.990 	4.961768 
35.000 	4.995821 
35.010 	5.640293 
35.020 	6.288751 
35.030 	6.568763 
35.040 	6.212847 
35.050 	4.506594 
35.060 	1.270625 
35.070 	-2.636276 
35.080 	-5.905134 
35.090 	-7.438123 
35.100 	-7.440954 
35.110 	-7.098480 
35.120 	-7.318801 
35.130 	-8.173298 
35.140 	-9.280184 
35.150 	-10.200683 
35.160 	-10.712039 
35.170 	-10.939357 
35.180 	-10.753143 
35.190 	-9.810343 
35.200 	-8.118891 
35.210 	-6.202465 
35.220 	-4.533269 
35.230 	-3.040022 
35.240 	-1.576232 
35.250 	-0.333808 
35.260 	0.168640 
35.270 	-0.375703 
35.280 	-1.548745 
35.290 	-2.652994 
35.300 	-3.419136 
35.310 	-3.991715 
35.320 	-4.624262 
35.330 	-5.307228 
35.340 	-5.761229 
35.350 	-5.946183 
35.360 	-5.905005 
35.370 	-5.258773 
35.380 	-3.389954 
35.390 	-0.299605 
35.400 	3.233557 
35.410 	6.485694 
35.420 	9.162882 
35.430 	11.054016 
35.440 	11.923535 
35.450 	11.803932 
35.460 	10.960507 
35.470 	9.591273 
35.480 	7.760949 
35.490 	5.555480 
35.500 	3.163563 
35.510 	0.771759 
35.520 	-1.535722 
35.530 	-3.801018 
35.540 	-6.060587 
35.550 	-8.093028 
35.560 	-9.383429 
35.570 	-9.642286 
35.580 	-9.158936 
35.590 	-8.147092 
35.600 	-6.630133 
35.610 	-4.891281 
35.620 	-3.275298 
35.630 	-2.161371 
35.640 	-1.807288 
35.650 	-1.999547 
35.660 	-2.212390 
35.670 	-2.116120 
35.680 	-1.828021 
35.690 	-1.364720 
35.700 	-0.369083 
35.710 	1.310184 
35.720 	3.341532 
35.730 	5.303438 
35.740 	7.063447 
35.750 	8.725872 
35.760 	10.433092 
35.770 	12.317779 
35.780 	14.246445 
35.790 	15.468388 
35.800 	14.916360 
35.810 	12.539250 
35.820 	9.524589 
35.830 	6.899008 
35.840 	4.876374 
35.850 	3.034828 
35.860 	1.144519 
35.870 	-0.448898 
35.880 	-1.406033 
35.890 	-1.838069 
35.900 	-2.176363 
35.910 	-2.699995 
35.920 	-3.368483 
35.930 	-3.990848 
35.940 	-4.494600 
35.950 	-4.905176 
35.960 	-5.174978 
35.970 	-5.066641 
35.980 	-4.395461 
35.990 	-3.342413 
36.000 	-1.509193 
36.010 	-0.171689 
36.020 	1.336495 
36.030 	3.004003 
36.040 	4.729175 
36.050 	6.453463 
36.060 	8.187197 
36.070 	9.970541 
36.080 	11.767478 
36.090 	13.195774 
36.100 	13.612964 
36.110 	12.855014 
36.120 	11.491718 
36.130 	9.972405 
36.140 	8.088903 
36.150 	5.549798 
36.160 	2.534386 
36.170 	-0.598837 
36.180 	-3.620109 
36.190 	-6.514928 
36.200 	-9.402536 
36.210 	-12.122099 
36.220 	-14.184681 
36.230 	-15.313822 
36.240 	-15.648461 
36.250 	-15.320297 
36.260 	-14.381578 
36.270 	-13.173927 
36.280 	-12.063426 
36.290 	-11.042420 
36.300 	-10.038946 
36.310 	-9.007313 
36.320 	-7.815415 
36.330 	-6.303496 
36.340 	-4.383174 
36.350 	-2.213479 
36.360 	-0.080636 
36.370 	1.912580 
36.380 	3.731376 
36.390 	5.175007 
36.400 	5.690117 
36.410 	4.778932 
36.420 	2.994963 
36.430 	1.639466 
36.440 	1.385090 
36.450 	1.776602 
36.460 	2.071238 
36.470 	1.905904 
36.480 	1.354362 
36.490 	0.716560 
36.500 	0.326524 
36.510 	0.432945 
36.520 	0.950169 
36.530 	1.606473 
36.540 	2.155982 
36.550 	2.372637 
36.560 	2.096702 
36.570 	1.383287 
36.580 	0.493322 
36.590 	-0.259474 
36.600 	-0.814039 
36.610 	-1.333280 
36.620 	-1.911758 
36.630 	-2.427240 
36.640 	-2.516944 
36.650 	-2.035704 
36.660 	-1.192064 
36.670 	-0.254055 
36.680 	0.619583 
36.690 	1.397015 
36.700 	2.148689 
36.710 	2.953570 
36.720 	3.814020 
36.730 	4.743234 
36.740 	5.654474 
36.750 	6.395119 
36.760 	6.837658 
36.770 	6.933095 
36.780 	6.897426 
36.790 	6.882934 
36.800 	6.770625 
36.810 	6.572367 
36.820 	6.344171 
36.830 	6.061055 
36.840 	5.767588 
36.850 	5.459779 
36.860 	5.145162 
36.870 	5.021748 
36.880 	5.296109 
36.890 	5.954856 
36.900 	6.768665 
36.910 	7.419786 
36.920 	7.920723 
36.930 	8.437457 
36.940 	8.944981 
36.950 	9.371743 
36.960 	9.477311 
36.970 	9.178920 
36.980 	8.642049 
36.990 	7.948273 
37.000 	7.257731 
37.010 	6.633367 
37.020 	6.006639 
37.030 	5.394183 
37.040 	4.740655 
37.050 	4.133524 
37.060 	3.894548 
37.070 	4.122471 
37.080 	4.635893 
37.090 	5.174827 
37.100 	5.577957 
37.110 	5.881786 
37.120 	6.182026 
37.130 	6.527531 
37.140 	6.909968 
37.150 	7.326598 
37.160 	7.753485 
37.170 	8.014037 
37.180 	7.923716 
37.190 	7.480454 
37.200 	6.864046 
37.210 	6.311001 
37.220 	5.884692 
37.230 	5.534980 
37.240 	5.156187 
37.250 	4.700651 
37.260 	4.127645 
37.270 	3.173775 
37.280 	1.772909 
37.290 	0.185068 
37.300 	-1.312630 
37.310 	-2.771357 
37.320 	-4.666774 
37.330 	-7.315272 
37.340 	-10.322906 
37.350 	-12.693002 
37.360 	-13.802209 
37.370 	-13.915250 
37.380 	-13.530953 
37.390 	-12.992364 
37.400 	-12.538092 
37.410 	-12.170963 
37.420 	-11.779358 
37.430 	-11.280117 
37.440 	-10.636659 
37.450 	-9.935676 
37.460 	-9.223249 
37.470 	-8.457357 
37.480 	-7.521460 
37.490 	-6.383940 
37.500 	-5.189824 
37.510 	-4.087216 
37.520 	-3.080272 
37.530 	-2.087823 
37.540 	-1.377007 
37.550 	-1.559888 
37.560 	-2.884351 
37.570 	-4.792677 
37.580 	-6.545598 
37.590 	-7.908225 
37.600 	-9.019689 
37.610 	-10.184438 
37.620 	-11.494936 
37.630 	-12.357078 
37.640 	-12.059139 
37.650 	-10.726695 
37.660 	-9.132573 
37.670 	-7.922903 
37.680 	-7.329184 
37.690 	-7.167936 
37.700 	-7.030769 
37.710 	-6.667022 
37.720 	-6.086784 
37.730 	-5.586401 
37.740 	-5.564469 
37.750 	-6.052618 
37.760 	-6.742573 
37.770 	-7.356635 
37.780 	-7.799733 
37.790 	-8.104942 
37.800 	-8.269963 
37.810 	-8.217280 
37.820 	-7.956080 
37.830 	-7.653927 
37.840 	-7.472553 
37.850 	-7.473218 
37.860 	-7.641818 
37.870 	-7.855861 
37.880 	-7.988037 
37.890 	-8.040606 
37.900 	-8.063672 
37.910 	-8.017380 
37.920 	-7.789353 
37.930 	-7.381441 
37.940 	-6.894708 
37.950 	-6.372920 
37.960 	-5.798986 
37.970 	-5.147368 
37.980 	-4.473209 
37.990 	-3.827877 
38.000 	-3.200619 
38.010 	-2.588020 
38.020 	-1.979960 
38.030 	-1.362401 
38.040 	-0.756074 
38.050 	-0.347161 
38.060 	-0.469326 
38.070 	-1.206547 
38.080 	-2.275378 
38.090 	-3.363066 
38.100 	-4.309505 
38.110 	-5.140830 
38.120 	-5.979959 
38.130 	-6.783858 
38.140 	-7.230477 
38.150 	-7.037546 
38.160 	-6.358195 
38.170 	-5.609545 
38.180 	-5.052330 
38.190 	-4.665508 
38.200 	-4.291940 
38.210 	-3.834292 
38.220 	-3.290504 
38.230 	-2.713401 
38.240 	-2.169690 
38.250 	-1.718222 
38.260 	-1.460612 
38.270 	-1.452154 
38.280 	-1.588269 
38.290 	-1.723998 
38.300 	-1.786470 
38.310 	-1.788714 
38.320 	-1.794677 
38.330 	-1.842184 
38.340 	-1.922516 
38.350 	-2.012647 
38.360 	-2.091323 
38.370 	-2.141123 
38.380 	-2.159842 
38.390 	-2.066423 
38.400 	-1.703175 
38.410 	-1.069545 
38.420 	-0.341202 
38.430 	0.313112 
38.440 	0.792700 
38.450 	1.052320 
38.460 	1.143156 
38.470 	1.199699 
38.480 	1.321390 
38.490 	1.522941 
38.500 	1.754016 
38.510 	1.955957 
38.520 	2.102631 
38.530 	2.208019 
38.540 	2.285092 
38.550 	2.256755 
38.560 	2.036208 
38.570 	1.670779 
38.580 	1.294626 
38.590 	1.015435 
38.600 	0.883906 
38.610 	0.867765 
38.620 	0.864294 
38.630 	0.810925 
38.640 	0.739871 
38.650 	0.744843 
38.660 	0.882284 
38.670 	1.098678 
38.680 	1.306947 
38.690 	1.469031 
38.700 	1.597083 
38.710 	1.716334 
38.720 	1.841872 
38.730 	1.979650 
38.740 	2.116905 
38.750 	2.239219 
38.760 	2.312580 
38.770 	2.264072 
38.780 	2.070948 
38.790 	1.813673 
38.800 	1.584564 
38.810 	1.371691 
38.820 	1.087245 
38.830 	0.704908 
38.840 	0.327061 
38.850 	0.081177 
38.860 	-0.025054 
38.870 	-0.084698 
38.880 	-0.143271 
38.890 	-0.149092 
38.900 	-0.057235 
38.910 	0.102045 
38.920 	0.265001 
38.930 	0.399658 
38.940 	0.495054 
38.950 	0.535256 
38.960 	0.523340 
38.970 	0.492517 
38.980 	0.478504 
38.990 	0.498047 
39.000 	0.570616 
39.010 	0.697553 
39.020 	0.840559 
39.030 	0.963881 
39.040 	1.059793 
39.050 	1.135013 
39.060 	1.191756 
39.070 	1.235208 
39.080 	1.272927 
39.090 	1.312574 
39.100 	1.378575 
39.110 	1.500471 
39.120 	1.673976 
39.130 	1.855995 
39.140 	2.002773 
39.150 	2.078762 
39.160 	2.051378 
39.170 	1.923790 
39.180 	1.739332 
39.190 	1.546854 
39.200 	1.377477 
39.210 	1.235199 
39.220 	1.106705 
39.230 	0.977822 
39.240 	0.845575 
39.250 	0.719668 
39.260 	0.614898 
39.270 	0.542716 
39.280 	0.507786 
39.290 	0.516540 
39.300 	0.568523 
39.310 	0.641804 
39.320 	0.708938 
39.330 	0.760249 
39.340 	0.802675 
39.350 	0.843977 
39.360 	0.875905 
39.370 	0.880460 
39.380 	0.859124 
39.390 	0.835108 
39.400 	0.835971 
39.410 	0.878350 
39.420 	0.951063 
39.430 	1.024576 
39.440 	1.079179 
39.450 	1.115982 
39.460 	1.146276 
39.470 	1.178488 
39.480 	1.213029 
39.490 	1.238676 
39.500 	1.244175 
39.510 	1.232541 
39.520 	1.216912 
39.530 	1.207685 
39.540 	1.205619 
39.550 	1.206506 
39.560 	1.207029 
39.570 	1.206537 
39.580 	1.209878 
39.590 	1.224340 
39.600 	1.249226 
39.610 	1.275964 
39.620 	1.297574 
39.630 	1.312872 
39.640 	1.323855 
39.650 	1.331101 
39.660 	1.333136 
39.670 	1.329486 
39.680 	1.320985 
39.690 	1.308070 
39.700 	1.293230 
39.710 	1.281993 
39.720 	1.278142 
39.730 	1.281652 
39.740 	1.290558 
39.750 	1.303248 
39.760 	1.319281 
39.770 	1.339802 
39.780 	1.366329 
39.790 	1.398111 
39.800 	1.433274 
39.810 	1.469277 
39.820 	1.502435 
39.830 	1.530200 
39.840 	1.552471 
39.850 	1.570460 
39.860 	1.585064 
39.870 	1.596125 
39.880 	1.603564 
39.890 	1.608390 
39.900 	1.611950 
39.910 	1.614797 
39.920 	1.616662 
39.930 	1.617255 
39.940 	1.616358 
39.950 	1.613626 
39.960 	1.608938 
39.970 	1.602676 
39.980 	1.595470 
39.990 	1.587890 
