  Period(sec)   acceleratio   Pseodu-acceleratio
  2.94118       0.11770E+01       0.11722E+01
  2.85714       0.11618E+01       0.11555E+01
  2.77778       0.11362E+01       0.11292E+01
  2.70270       0.11087E+01       0.11018E+01
  2.63158       0.11471E+01       0.11420E+01
  2.56410       0.12818E+01       0.12770E+01
  2.50000       0.13248E+01       0.13198E+01
  2.43902       0.12759E+01       0.12708E+01
  2.38095       0.11553E+01       0.11510E+01
  2.32558       0.10649E+01       0.10606E+01
  2.27273       0.10992E+01       0.10942E+01
  2.22222       0.11882E+01       0.11818E+01
  2.17391       0.12862E+01       0.12796E+01
  2.12766       0.13223E+01       0.13175E+01
  2.08333       0.12796E+01       0.12743E+01
  2.04082       0.11749E+01       0.11693E+01
  2.00000       0.11592E+01       0.11519E+01
  1.96078       0.11761E+01       0.11676E+01
  1.92308       0.12275E+01       0.12210E+01
  1.88679       0.13153E+01       0.13091E+01
  1.85185       0.13895E+01       0.13827E+01
  1.81818       0.13931E+01       0.13861E+01
  1.78571       0.13092E+01       0.13024E+01
  1.75439       0.12476E+01       0.12410E+01
  1.72414       0.12501E+01       0.12441E+01
  1.69492       0.12595E+01       0.12534E+01
  1.66667       0.12643E+01       0.12586E+01
  1.63934       0.13631E+01       0.13547E+01
  1.61290       0.14090E+01       0.13998E+01
  1.58730       0.14190E+01       0.14094E+01
  1.56250       0.14310E+01       0.14216E+01
  1.53846       0.14552E+01       0.14473E+01
  1.51515       0.14833E+01       0.14781E+01
  1.49254       0.15193E+01       0.15129E+01
  1.47059       0.15127E+01       0.15069E+01
  1.44928       0.14700E+01       0.14637E+01
  1.42857       0.14029E+01       0.13958E+01
  1.40845       0.13281E+01       0.13210E+01
  1.38889       0.12686E+01       0.12625E+01
  1.36986       0.12438E+01       0.12370E+01
  1.35135       0.12446E+01       0.12382E+01
  1.33333       0.12519E+01       0.12451E+01
  1.31579       0.12506E+01       0.12441E+01
  1.29870       0.12388E+01       0.12322E+01
  1.28205       0.12098E+01       0.12035E+01
  1.26582       0.11668E+01       0.11608E+01
  1.25000       0.11148E+01       0.11090E+01
  1.23457       0.11024E+01       0.10957E+01
  1.21951       0.11380E+01       0.11318E+01
  1.20482       0.11852E+01       0.11785E+01
  1.19048       0.12849E+01       0.12782E+01
  1.17647       0.13839E+01       0.13759E+01
  1.16279       0.14527E+01       0.14436E+01
  1.14943       0.15197E+01       0.15091E+01
  1.13636       0.16553E+01       0.16445E+01
  1.12360       0.17284E+01       0.17185E+01
  1.11111       0.17445E+01       0.17360E+01
  1.09890       0.17266E+01       0.17191E+01
  1.08696       0.17017E+01       0.16953E+01
  1.07527       0.16898E+01       0.16836E+01
  1.06383       0.17020E+01       0.16952E+01
  1.05263       0.17262E+01       0.17206E+01
  1.04167       0.17646E+01       0.17571E+01
  1.03093       0.18105E+01       0.18044E+01
  1.02041       0.18751E+01       0.18664E+01
  1.01010       0.19539E+01       0.19464E+01
  1.00000       0.20366E+01       0.20296E+01
  0.90909       0.17814E+01       0.17690E+01
  0.83333       0.19202E+01       0.19091E+01
  0.76923       0.24709E+01       0.24523E+01
  0.71429       0.22297E+01       0.22209E+01
  0.66667       0.25464E+01       0.25426E+01
  0.62500       0.22862E+01       0.22750E+01
  0.58824       0.20944E+01       0.20944E+01
  0.55556       0.21450E+01       0.21407E+01
  0.52632       0.23258E+01       0.23241E+01
  0.50000       0.24377E+01       0.24424E+01
  0.47619       0.25098E+01       0.25030E+01
  0.45455       0.26463E+01       0.26521E+01
  0.43478       0.25506E+01       0.25226E+01
  0.41667       0.23382E+01       0.23176E+01
  0.40000       0.19777E+01       0.19798E+01
  0.38462       0.21862E+01       0.21866E+01
  0.37037       0.26725E+01       0.26584E+01
  0.35714       0.28451E+01       0.28173E+01
  0.34483       0.24767E+01       0.24527E+01
  0.33333       0.24718E+01       0.24814E+01
  0.32258       0.24422E+01       0.24497E+01
  0.31250       0.22878E+01       0.22901E+01
  0.30303       0.21282E+01       0.21216E+01
  0.29412       0.19915E+01       0.19612E+01
  0.28571       0.20405E+01       0.20346E+01
  0.27778       0.23197E+01       0.23080E+01
  0.27027       0.24034E+01       0.23631E+01
  0.26316       0.22653E+01       0.22762E+01
  0.25641       0.22411E+01       0.22461E+01
  0.25000       0.20964E+01       0.20995E+01
  0.24390       0.21504E+01       0.21321E+01
  0.23810       0.21284E+01       0.21556E+01
  0.23256       0.25096E+01       0.24811E+01
  0.22727       0.26620E+01       0.26898E+01
  0.22222       0.27534E+01       0.27418E+01
  0.21739       0.24796E+01       0.25006E+01
  0.21277       0.24341E+01       0.24492E+01
  0.20833       0.23300E+01       0.22878E+01
  0.20408       0.23591E+01       0.23556E+01
  0.20000       0.22644E+01       0.22926E+01
  0.19608       0.21829E+01       0.21544E+01
  0.19231       0.19485E+01       0.19418E+01
  0.18868       0.20757E+01       0.20597E+01
  0.18519       0.21943E+01       0.22083E+01
  0.18182       0.22546E+01       0.22717E+01
  0.17857       0.23988E+01       0.23586E+01
  0.17544       0.24266E+01       0.24232E+01
  0.17241       0.23525E+01       0.23859E+01
  0.16949       0.23381E+01       0.22820E+01
  0.16667       0.23225E+01       0.23009E+01
  0.16393       0.24224E+01       0.23500E+01
  0.16129       0.24739E+01       0.24470E+01
  0.15873       0.23477E+01       0.23657E+01
  0.15625       0.22293E+01       0.22089E+01
  0.15385       0.20864E+01       0.21007E+01
  0.15152       0.19318E+01       0.19512E+01
  0.14925       0.18738E+01       0.18506E+01
  0.14706       0.19153E+01       0.18730E+01
  0.14493       0.20146E+01       0.19869E+01
  0.14286       0.20336E+01       0.20232E+01
  0.14085       0.20060E+01       0.20098E+01
  0.13889       0.19737E+01       0.19898E+01
  0.13699       0.19308E+01       0.19598E+01
  0.13514       0.19479E+01       0.19138E+01
  0.13333       0.19573E+01       0.19457E+01
  0.13158       0.18708E+01       0.18800E+01
  0.12987       0.18389E+01       0.17871E+01
  0.12821       0.19229E+01       0.18471E+01
  0.12658       0.20452E+01       0.19805E+01
  0.12500       0.21427E+01       0.20910E+01
  0.12346       0.22241E+01       0.21862E+01
  0.12195       0.22973E+01       0.22747E+01
  0.12048       0.23524E+01       0.23476E+01
  0.11905       0.23732E+01       0.23882E+01
  0.11765       0.23583E+01       0.23933E+01
  0.11628       0.23168E+01       0.23714E+01
  0.11494       0.22537E+01       0.23277E+01
  0.11364       0.22367E+01       0.22565E+01
  0.11236       0.23466E+01       0.22520E+01
  0.11111       0.24176E+01       0.23459E+01
  0.10989       0.24263E+01       0.23799E+01
  0.10870       0.23657E+01       0.23439E+01
  0.10753       0.22530E+01       0.22519E+01
  0.10638       0.21159E+01       0.21308E+01
  0.10526       0.21042E+01       0.20863E+01
  0.10417       0.20475E+01       0.20393E+01
  0.10309       0.20193E+01       0.20283E+01
  0.10204       0.19592E+01       0.19842E+01
  0.10101       0.18723E+01       0.19114E+01
  0.10000       0.17652E+01       0.18159E+01
  0.09091       0.15919E+01       0.16099E+01
  0.08333       0.12683E+01       0.12690E+01
  0.07692       0.11551E+01       0.11504E+01
  0.07143       0.11439E+01       0.11437E+01
  0.06667       0.10488E+01       0.10473E+01
  0.06250       0.10387E+01       0.10390E+01
  0.05882       0.10194E+01       0.10167E+01
  0.05556       0.10301E+01       0.10285E+01
  0.05263       0.99695E+00       0.99584E+00
  0.05000       0.99700E+00       0.99453E+00
  0.04762       0.99270E+00       0.99104E+00
  0.04545       0.98979E+00       0.99420E+00
  0.04348       0.98841E+00       0.99380E+00
  0.04167       0.99085E+00       0.98593E+00
  0.04000       0.99982E+00       0.99492E+00
  0.03846       0.10073E+01       0.10027E+01
  0.03704       0.10110E+01       0.10073E+01
  0.03571       0.10091E+01       0.10064E+01
  0.03448       0.10045E+01       0.10023E+01
  0.03333       0.10008E+01       0.99900E+00
  0.03226       0.99650E+00       0.99520E+00
  0.03125       0.98857E+00       0.98743E+00
  0.03030       0.98563E+00       0.98446E+00
  0.02941       0.98054E+00       0.97972E+00
  0.02857       0.97193E+00       0.97129E+00
  0.02778       0.96097E+00       0.96001E+00
  0.02703       0.95970E+00       0.95870E+00
  0.02632       0.95301E+00       0.95308E+00
  0.02564       0.94663E+00       0.94352E+00
  0.02500       0.95067E+00       0.94521E+00
  0.02439       0.96190E+00       0.95541E+00
  0.02381       0.97274E+00       0.96585E+00
  0.02326       0.98349E+00       0.97636E+00
  0.02273       0.99493E+00       0.98792E+00
  0.02222       0.10052E+01       0.99876E+00
  0.02174       0.10101E+01       0.10046E+01
  0.02128       0.10098E+01       0.10052E+01
  0.02083       0.10080E+01       0.10040E+01
  0.02041       0.10049E+01       0.10014E+01
  0.02000       0.10003E+01       0.99700E+00
  0.01961       0.99601E+00       0.99265E+00
  0.01923       0.99359E+00       0.98997E+00
  0.01887       0.99281E+00       0.98884E+00
  0.01852       0.99373E+00       0.98933E+00
  0.01818       0.99760E+00       0.99276E+00
  0.01786       0.10039E+01       0.99884E+00
  0.01754       0.10105E+01       0.10055E+01
  0.01724       0.10164E+01       0.10117E+01
  0.01695       0.10212E+01       0.10169E+01
  0.01667       0.10246E+01       0.10209E+01
  0.01639       0.10256E+01       0.10226E+01
  0.01613       0.10243E+01       0.10220E+01
  0.01587       0.10215E+01       0.10197E+01
  0.01562       0.10180E+01       0.10165E+01
  0.01538       0.10142E+01       0.10130E+01
  0.01515       0.10108E+01       0.10097E+01
  0.01493       0.10080E+01       0.10070E+01
  0.01471       0.10057E+01       0.10047E+01
  0.01449       0.10037E+01       0.10027E+01
  0.01429       0.10021E+01       0.10010E+01
  0.01408       0.10009E+01       0.99974E+00
  0.01389       0.10001E+01       0.99885E+00
  0.01370       0.99970E+00       0.99841E+00
  0.01351       0.99972E+00       0.99839E+00
  0.01333       0.99997E+00       0.99863E+00
  0.01316       0.10002E+01       0.99889E+00
  0.01299       0.10002E+01       0.99894E+00
  0.01282       0.99980E+00       0.99865E+00
  0.01266       0.99908E+00       0.99802E+00
  0.01250       0.99809E+00       0.99710E+00
  0.01235       0.99687E+00       0.99593E+00
  0.01220       0.99549E+00       0.99458E+00
  0.01205       0.99398E+00       0.99308E+00
  0.01190       0.99237E+00       0.99143E+00
  0.01176       0.99068E+00       0.98968E+00
  0.01163       0.98910E+00       0.98797E+00
  0.01149       0.98786E+00       0.98655E+00
  0.01136       0.98719E+00       0.98566E+00
  0.01124       0.98727E+00       0.98549E+00
  0.01111       0.98816E+00       0.98613E+00
  0.01099       0.98975E+00       0.98752E+00
  0.01087       0.99181E+00       0.98943E+00
  0.01075       0.99407E+00       0.99162E+00
  0.01064       0.99626E+00       0.99381E+00
  0.01053       0.99812E+00       0.99573E+00
  0.01042       0.99945E+00       0.99717E+00
  0.01031       0.10002E+01       0.99804E+00
  0.01020       0.10004E+01       0.99839E+00
  0.01010       0.10003E+01       0.99836E+00
  0.01000       0.10000E+01       0.99811E+00
  0.00909       0.10077E+01       0.10060E+01
  0.00833       0.10018E+01       0.10010E+01
  0.00769       0.99846E+00       0.99771E+00
  0.00714       0.99526E+00       0.99407E+00
  0.00667       0.99997E+00       0.99869E+00
  0.00625       0.10034E+01       0.10023E+01
  0.00588       0.10012E+01       0.10006E+01
  0.00556       0.99897E+00       0.99835E+00
  0.00526       0.99766E+00       0.99682E+00
  0.00500       0.99996E+00       0.99903E+00
  0.00476       0.10018E+01       0.10010E+01
  0.00455       0.10008E+01       0.10003E+01
  0.00435       0.99934E+00       0.99881E+00
  0.00417       0.99871E+00       0.99806E+00
  0.00400       0.99996E+00       0.99926E+00
  0.00385       0.10010E+01       0.10004E+01
  0.00370       0.10005E+01       0.10000E+01
  0.00357       0.99958E+00       0.99912E+00
  0.00345       0.99924E+00       0.99871E+00
  0.00333       0.99997E+00       0.99940E+00
  0.00323       0.10006E+01       0.10001E+01
  0.00313       0.10003E+01       0.99992E+00
  0.00303       0.99973E+00       0.99933E+00
  0.00294       0.99953E+00       0.99908E+00
  0.00286       0.99998E+00       0.99951E+00
  0.00278       0.10004E+01       0.99994E+00
  0.00270       0.10002E+01       0.99985E+00
  0.00263       0.99983E+00       0.99946E+00
  0.00256       0.99970E+00       0.99932E+00
  0.00250       0.99998E+00       0.99958E+00
  0.00244       0.10002E+01       0.99986E+00
  0.00238       0.10001E+01       0.99981E+00
  0.00233       0.99989E+00       0.99956E+00
  0.00227       0.99981E+00       0.99947E+00
  0.00222       0.99999E+00       0.99964E+00
  0.00217       0.10002E+01       0.99982E+00
  0.00213       0.10001E+01       0.99979E+00
  0.00208       0.99993E+00       0.99963E+00
  0.00204       0.99987E+00       0.99957E+00
  0.00200       0.99999E+00       0.99968E+00
  0.00196       0.10001E+01       0.99980E+00
  0.00192       0.10001E+01       0.99979E+00
  0.00189       0.99995E+00       0.99968E+00
  0.00185       0.99992E+00       0.99964E+00
  0.00182       0.99999E+00       0.99971E+00
  0.00179       0.10001E+01       0.99980E+00
  0.00175       0.10000E+01       0.99979E+00
  0.00172       0.99997E+00       0.99972E+00
  0.00169       0.99994E+00       0.99969E+00
  0.00167       0.99999E+00       0.99974E+00
  0.00164       0.10000E+01       0.99980E+00
  0.00161       0.10000E+01       0.99979E+00
  0.00159       0.99998E+00       0.99975E+00
  0.00156       0.99996E+00       0.99973E+00
  0.00154       0.10000E+01       0.99976E+00
  0.00152       0.10000E+01       0.99980E+00
  0.00149       0.10000E+01       0.99980E+00
  0.00147       0.99999E+00       0.99977E+00
  0.00145       0.99997E+00       0.99976E+00
  0.00143       0.10000E+01       0.99978E+00
  0.00141       0.10000E+01       0.99981E+00
  0.00139       0.10000E+01       0.99981E+00
  0.00137       0.99999E+00       0.99979E+00
  0.00135       0.99998E+00       0.99978E+00
  0.00133       0.10000E+01       0.99980E+00
  0.00132       0.10000E+01       0.99982E+00
  0.00130       0.10000E+01       0.99982E+00
  0.00128       0.99999E+00       0.99980E+00
  0.00127       0.99999E+00       0.99980E+00
  0.00125       0.10000E+01       0.99981E+00
  0.00123       0.10000E+01       0.99982E+00
  0.00122       0.10000E+01       0.99983E+00
  0.00120       0.10000E+01       0.99982E+00
  0.00119       0.99999E+00       0.99981E+00
  0.00118       0.10000E+01       0.99982E+00
  0.00116       0.10000E+01       0.99983E+00
  0.00115       0.10000E+01       0.99983E+00
  0.00114       0.10000E+01       0.99983E+00
  0.00112       0.99999E+00       0.99983E+00
  0.00111       0.10000E+01       0.99983E+00
  0.00110       0.10000E+01       0.99984E+00
  0.00109       0.10000E+01       0.99984E+00
  0.00108       0.10000E+01       0.99984E+00
  0.00106       0.10000E+01       0.99984E+00
  0.00105       0.10000E+01       0.99984E+00
  0.00104       0.10000E+01       0.99985E+00
  0.00103       0.10000E+01       0.99985E+00
  0.00102       0.10000E+01       0.99985E+00
  0.00101       0.10000E+01       0.99985E+00
