[NODE]-[N2]-[6]-[1]     [BEAMCOLUMN]-[E3]-[1]-[2]
0     0
6.56144e-06     2.44935
1.31229e-05     4.8987
1.96843e-05     7.34805
2.62458e-05     9.79741
3.28072e-05     12.2468
3.93686e-05     14.6961
4.59301e-05     17.1455
5.24915e-05     19.5948
5.9053e-05     22.0442
6.56144e-05     24.4935
7.21758e-05     26.9429
7.87373e-05     29.3922
8.52987e-05     31.8416
9.18602e-05     34.2909
9.84216e-05     36.7403
0.000104983     39.1896
0.000111544     41.639
0.000118106     44.0883
0.000124667     46.5377
0.000131229     48.987
0.00013779     51.4364
0.000144352     53.8857
0.000150913     56.3351
0.000157475     58.7844
0.000164036     61.2338
0.000170597     63.6831
0.000177159     66.1325
0.00018372     68.5818
0.000190282     71.0312
0.000196843     73.4805
0.000203405     75.9299
0.000209966     78.3792
0.000216528     80.8286
0.000223089     83.278
0.00022965     85.7273
0.000236212     88.1767
0.000242773     90.626
0.000249335     93.0754
0.000255896     95.5247
0.000262458     97.9741
0.000269019     100.423
0.00027558     102.873
0.000282142     105.322
0.000288703     107.771
0.000295265     110.221
0.000301826     112.67
0.000308388     115.12
0.000314949     117.569
0.000321511     120.018
0.000328072     122.468
0.000314949     117.569
0.000301826     112.67
0.000288703     107.771
0.00027558     102.873
0.000262458     97.9741
0.000249335     93.0754
0.000236212     88.1767
0.000223089     83.278
0.000209966     78.3792
0.000196843     73.4805
0.00018372     68.5818
0.000170597     63.6831
0.000157475     58.7844
0.000144352     53.8857
0.000131229     48.987
0.000118106     44.0883
0.000104983     39.1896
9.18602e-05     34.2909
7.87373e-05     29.3922
6.56144e-05     24.4935
5.24915e-05     19.5948
3.93686e-05     14.6961
2.62458e-05     9.79741
1.31229e-05     4.8987
-3.55754e-20     -1.25225e-14
-1.31229e-05     -4.8987
-2.62458e-05     -9.79741
-3.93686e-05     -14.6961
-5.24915e-05     -19.5948
-6.56144e-05     -24.4935
-7.87373e-05     -29.3922
-9.18602e-05     -34.2909
-0.000104983     -39.1896
-0.000118106     -44.0883
-0.000131229     -48.987
-0.000144352     -53.8857
-0.000157475     -58.7844
-0.000170597     -63.6831
-0.00018372     -68.5818
-0.000196843     -73.4805
-0.000209966     -78.3792
-0.000223089     -83.278
-0.000236212     -88.1767
-0.000249335     -93.0754
-0.000262458     -97.9741
-0.00027558     -102.873
-0.000288703     -107.771
-0.000301826     -112.67
-0.000314949     -117.569
-0.000328072     -122.468
-0.000314949     -117.569
-0.000301826     -112.67
-0.000288703     -107.771
-0.00027558     -102.873
-0.000262458     -97.9741
-0.000249335     -93.0754
-0.000236212     -88.1767
-0.000223089     -83.278
-0.000209966     -78.3792
-0.000196843     -73.4805
-0.00018372     -68.5818
-0.000170597     -63.6831
-0.000157475     -58.7844
-0.000144352     -53.8857
-0.000131229     -48.987
-0.000118106     -44.0883
-0.000104983     -39.1896
-9.18602e-05     -34.2909
-7.87373e-05     -29.3922
-6.56144e-05     -24.4935
-5.24915e-05     -19.5948
-3.93686e-05     -14.6961
-2.62458e-05     -9.79741
-1.31229e-05     -4.8987
-1.86347e-20     1.51246e-14
1.31229e-05     4.8987
2.62458e-05     9.79741
3.93686e-05     14.6961
5.24915e-05     19.5948
6.56144e-05     24.4935
7.87373e-05     29.3922
9.18602e-05     34.2909
0.000104983     39.1896
0.000118106     44.0883
0.000131229     48.987
0.000144352     53.8857
0.000157475     58.7844
0.000170597     63.6831
0.00018372     68.5818
0.000196843     73.4805
0.000209966     78.3792
0.000223089     83.278
0.000236212     88.1767
0.000249335     93.0754
0.000262458     97.9741
0.00027558     102.873
0.000288703     107.771
0.000301826     112.67
0.000314949     117.569
0.000328072     122.468
0.000314949     117.569
0.000301826     112.67
0.000288703     107.771
0.00027558     102.873
0.000262458     97.9741
0.000249335     93.0754
0.000236212     88.1767
0.000223089     83.278
0.000209966     78.3792
0.000196843     73.4805
0.00018372     68.5818
0.000170597     63.6831
0.000157475     58.7844
0.000144352     53.8857
0.000131229     48.987
0.000118106     44.0883
0.000104983     39.1896
9.18602e-05     34.2909
7.87373e-05     29.3922
6.56144e-05     24.4935
5.24915e-05     19.5948
3.93686e-05     14.6961
2.62458e-05     9.79741
1.31229e-05     4.8987
-3.55754e-20     -1.25225e-14
-1.31229e-05     -4.8987
-2.62458e-05     -9.79741
-3.93686e-05     -14.6961
-5.24915e-05     -19.5948
-6.56144e-05     -24.4935
-7.87373e-05     -29.3922
-9.18602e-05     -34.2909
-0.000104983     -39.1896
-0.000118106     -44.0883
-0.000131229     -48.987
-0.000144352     -53.8857
-0.000157475     -58.7844
-0.000170597     -63.6831
-0.00018372     -68.5818
-0.000196843     -73.4805
-0.000209966     -78.3792
-0.000223089     -83.278
-0.000236212     -88.1767
-0.000249335     -93.0754
-0.000262458     -97.9741
-0.00027558     -102.873
-0.000288703     -107.771
-0.000301826     -112.67
-0.000314949     -117.569
-0.000328072     -122.468
-0.000314949     -117.569
-0.000301826     -112.67
-0.000288703     -107.771
-0.00027558     -102.873
-0.000262458     -97.9741
-0.000249335     -93.0754
-0.000236212     -88.1767
-0.000223089     -83.278
-0.000209966     -78.3792
-0.000196843     -73.4805
-0.00018372     -68.5818
-0.000170597     -63.6831
-0.000157475     -58.7844
-0.000144352     -53.8857
-0.000131229     -48.987
-0.000118106     -44.0883
-0.000104983     -39.1896
-9.18602e-05     -34.2909
-7.87373e-05     -29.3922
-6.56144e-05     -24.4935
-5.24915e-05     -19.5948
-3.93686e-05     -14.6961
-2.62458e-05     -9.79741
-1.31229e-05     -4.8987
-1.86347e-20     1.51246e-14
1.31229e-05     4.8987
2.62458e-05     9.79741
3.93686e-05     14.6961
5.24915e-05     19.5948
6.56144e-05     24.4935
7.87373e-05     29.3922
9.18602e-05     34.2909
0.000104983     39.1896
0.000118106     44.0883
0.000131229     48.987
0.000144352     53.8857
0.000157475     58.7844
0.000170597     63.6831
0.00018372     68.5818
0.000196843     73.4805
0.000209966     78.3792
0.000223089     83.278
0.000236212     88.1767
0.000249335     93.0754
0.000262458     97.9741
0.00027558     102.873
0.000288703     107.771
0.000301826     112.67
0.000314949     117.569
0.000328072     122.468
0.000314949     117.569
0.000301826     112.67
0.000288703     107.771
0.00027558     102.873
0.000262458     97.9741
0.000249335     93.0754
0.000236212     88.1767
0.000223089     83.278
0.000209966     78.3792
0.000196843     73.4805
0.00018372     68.5818
0.000170597     63.6831
0.000157475     58.7844
0.000144352     53.8857
0.000131229     48.987
0.000118106     44.0883
0.000104983     39.1896
9.18602e-05     34.2909
7.87373e-05     29.3922
6.56144e-05     24.4935
5.24915e-05     19.5948
3.93686e-05     14.6961
2.62458e-05     9.79741
1.31229e-05     4.8987
-3.55754e-20     -1.25225e-14
-1.31229e-05     -4.8987
-2.62458e-05     -9.79741
-3.93686e-05     -14.6961
-5.24915e-05     -19.5948
-6.56144e-05     -24.4935
-7.87373e-05     -29.3922
-9.18602e-05     -34.2909
-0.000104983     -39.1896
-0.000118106     -44.0883
-0.000131229     -48.987
-0.000144352     -53.8857
-0.000157475     -58.7844
-0.000170597     -63.6831
-0.00018372     -68.5818
-0.000196843     -73.4805
-0.000209966     -78.3792
-0.000223089     -83.278
-0.000236212     -88.1767
-0.000249335     -93.0754
-0.000262458     -97.9741
-0.00027558     -102.873
-0.000288703     -107.771
-0.000301826     -112.67
-0.000314949     -117.569
-0.000328072     -122.468
-0.000314949     -117.569
-0.000301826     -112.67
-0.000288703     -107.771
-0.00027558     -102.873
-0.000262458     -97.9741
-0.000249335     -93.0754
-0.000236212     -88.1767
-0.000223089     -83.278
-0.000209966     -78.3792
-0.000196843     -73.4805
-0.00018372     -68.5818
-0.000170597     -63.6831
-0.000157475     -58.7844
-0.000144352     -53.8857
-0.000131229     -48.987
-0.000118106     -44.0883
-0.000104983     -39.1896
-9.18602e-05     -34.2909
-7.87373e-05     -29.3922
-6.56144e-05     -24.4935
-5.24915e-05     -19.5948
-3.93686e-05     -14.6961
-2.62458e-05     -9.79741
-1.31229e-05     -4.8987
-1.86347e-20     1.51246e-14
1.31229e-05     4.8987
2.62458e-05     9.79741
3.93686e-05     14.6961
5.24915e-05     19.5948
6.56144e-05     24.4935
7.87373e-05     29.3922
9.18602e-05     34.2909
0.000104983     39.1896
0.000118106     44.0883
0.000131229     48.987
0.000144352     53.8857
0.000157475     58.7844
0.000170597     63.6831
0.00018372     68.5818
0.000196843     73.4805
0.000209966     78.3792
0.000223089     83.278
0.000236212     88.1767
0.000249335     93.0754
0.000262458     97.9741
0.00027558     102.873
0.000288703     107.771
0.000301826     112.67
0.000314949     117.569
0.000328072     122.468
0.000314949     117.569
0.000301826     112.67
0.000288703     107.771
0.00027558     102.873
0.000262458     97.9741
0.000249335     93.0754
0.000236212     88.1767
0.000223089     83.278
0.000209966     78.3792
0.000196843     73.4805
0.00018372     68.5818
0.000170597     63.6831
0.000157475     58.7844
0.000144352     53.8857
0.000131229     48.987
0.000118106     44.0883
0.000104983     39.1896
9.18602e-05     34.2909
7.87373e-05     29.3922
6.56144e-05     24.4935
5.24915e-05     19.5948
3.93686e-05     14.6961
2.62458e-05     9.79741
1.31229e-05     4.8987
-3.55754e-20     -1.25225e-14
-1.31229e-05     -4.8987
-2.62458e-05     -9.79741
-3.93686e-05     -14.6961
-5.24915e-05     -19.5948
-6.56144e-05     -24.4935
-7.87373e-05     -29.3922
-9.18602e-05     -34.2909
-0.000104983     -39.1896
-0.000118106     -44.0883
-0.000131229     -48.987
-0.000144352     -53.8857
-0.000157475     -58.7844
-0.000170597     -63.6831
-0.00018372     -68.5818
-0.000196843     -73.4805
-0.000209966     -78.3792
-0.000223089     -83.278
-0.000236212     -88.1767
-0.000249335     -93.0754
-0.000262458     -97.9741
-0.00027558     -102.873
-0.000288703     -107.771
-0.000301826     -112.67
-0.000314949     -117.569
-0.000328072     -122.468
-0.000314949     -117.569
-0.000301826     -112.67
-0.000288703     -107.771
-0.00027558     -102.873
-0.000262458     -97.9741
-0.000249335     -93.0754
-0.000236212     -88.1767
-0.000223089     -83.278
-0.000209966     -78.3792
-0.000196843     -73.4805
-0.00018372     -68.5818
-0.000170597     -63.6831
-0.000157475     -58.7844
-0.000144352     -53.8857
-0.000131229     -48.987
-0.000118106     -44.0883
-0.000104983     -39.1896
-9.18602e-05     -34.2909
-7.87373e-05     -29.3922
-6.56144e-05     -24.4935
-5.24915e-05     -19.5948
-3.93686e-05     -14.6961
-2.62458e-05     -9.79741
-1.31229e-05     -4.8987
-1.86347e-20     1.51246e-14
1.31229e-05     4.8987
2.62458e-05     9.79741
3.93686e-05     14.6961
5.24915e-05     19.5948
6.56144e-05     24.4935
7.87373e-05     29.3922
9.18602e-05     34.2909
0.000104983     39.1896
0.000118106     44.0883
0.000131229     48.987
0.000144352     53.8857
0.000157475     58.7844
0.000170597     63.6831
0.00018372     68.5818
0.000196843     73.4805
0.000209966     78.3792
0.000223089     83.278
0.000236212     88.1767
0.000249335     93.0754
0.000262458     97.9741
0.00027558     102.873
0.000288703     107.771
0.000301826     112.67
0.000314949     117.569
0.000328072     122.468
0.000314949     117.569
0.000301826     112.67
0.000288703     107.771
0.00027558     102.873
0.000262458     97.9741
0.000249335     93.0754
0.000236212     88.1767
0.000223089     83.278
0.000209966     78.3792
0.000196843     73.4805
0.00018372     68.5818
0.000170597     63.6831
0.000157475     58.7844
0.000144352     53.8857
0.000131229     48.987
0.000118106     44.0883
0.000104983     39.1896
9.18602e-05     34.2909
7.87373e-05     29.3922
6.56144e-05     24.4935
5.24915e-05     19.5948
3.93686e-05     14.6961
2.62458e-05     9.79741
1.31229e-05     4.8987
-3.55754e-20     -1.25225e-14
-1.31229e-05     -4.8987
-2.62458e-05     -9.79741
-3.93686e-05     -14.6961
-5.24915e-05     -19.5948
-6.56144e-05     -24.4935
-7.87373e-05     -29.3922
-9.18602e-05     -34.2909
-0.000104983     -39.1896
-0.000118106     -44.0883
-0.000131229     -48.987
-0.000144352     -53.8857
-0.000157475     -58.7844
-0.000170597     -63.6831
-0.00018372     -68.5818
-0.000196843     -73.4805
-0.000209966     -78.3792
-0.000223089     -83.278
-0.000236212     -88.1767
-0.000249335     -93.0754
-0.000262458     -97.9741
-0.00027558     -102.873
-0.000288703     -107.771
-0.000301826     -112.67
-0.000314949     -117.569
-0.000328072     -122.468
-0.000314949     -117.569
-0.000301826     -112.67
-0.000288703     -107.771
-0.00027558     -102.873
-0.000262458     -97.9741
-0.000249335     -93.0754
-0.000236212     -88.1767
-0.000223089     -83.278
-0.000209966     -78.3792
-0.000196843     -73.4805
-0.00018372     -68.5818
-0.000170597     -63.6831
-0.000157475     -58.7844
-0.000144352     -53.8857
-0.000131229     -48.987
-0.000118106     -44.0883
-0.000104983     -39.1896
-9.18602e-05     -34.2909
-7.87373e-05     -29.3922
-6.56144e-05     -24.4935
-5.24915e-05     -19.5948
-3.93686e-05     -14.6961
-2.62458e-05     -9.79741
-1.31229e-05     -4.8987
-1.86347e-20     1.51246e-14
1.31229e-05     4.8987
2.62458e-05     9.79741
3.93686e-05     14.6961
5.24915e-05     19.5948
6.56144e-05     24.4935
7.87373e-05     29.3922
9.18602e-05     34.2909
0.000104983     39.1896
0.000118106     44.0883
0.000131229     48.987
0.000144352     53.8857
0.000157475     58.7844
0.000170597     63.6831
0.00018372     68.5818
0.000196843     73.4805
0.000209966     78.3792
0.000223089     83.278
0.000236212     88.1767
0.000249335     93.0754
0.000262458     97.9741
0.00027558     102.873
0.000288703     107.771
0.000301826     112.67
0.000314949     117.569
0.000328072     122.468
0.000314949     117.569
0.000301826     112.67
0.000288703     107.771
0.00027558     102.873
0.000262458     97.9741
0.000249335     93.0754
0.000236212     88.1767
0.000223089     83.278
0.000209966     78.3792
0.000196843     73.4805
0.00018372     68.5818
0.000170597     63.6831
0.000157475     58.7844
0.000144352     53.8857
0.000131229     48.987
0.000118106     44.0883
0.000104983     39.1896
9.18602e-05     34.2909
7.87373e-05     29.3922
6.56144e-05     24.4935
5.24915e-05     19.5948
3.93686e-05     14.6961
2.62458e-05     9.79741
1.31229e-05     4.8987
-3.55754e-20     -1.25225e-14
-1.31229e-05     -4.8987
-2.62458e-05     -9.79741
-3.93686e-05     -14.6961
-5.24915e-05     -19.5948
-6.56144e-05     -24.4935
-7.87373e-05     -29.3922
-9.18602e-05     -34.2909
-0.000104983     -39.1896
-0.000118106     -44.0883
-0.000131229     -48.987
-0.000144352     -53.8857
-0.000157475     -58.7844
-0.000170597     -63.6831
-0.00018372     -68.5818
-0.000196843     -73.4805
-0.000209966     -78.3792
-0.000223089     -83.278
-0.000236212     -88.1767
-0.000249335     -93.0754
-0.000262458     -97.9741
-0.00027558     -102.873
-0.000288703     -107.771
-0.000301826     -112.67
-0.000314949     -117.569
-0.000328072     -122.468
-0.000312762     -116.752
-0.000297452     -111.037
-0.000282142     -105.322
-0.000266832     -99.607
-0.000251522     -93.8918
-0.000236212     -88.1767
-0.000220902     -82.4615
-0.000205592     -76.7463
-0.000190282     -71.0312
-0.000174972     -65.316
-0.000159662     -59.6009
-0.000144352     -53.8857
-0.000129042     -48.1706
-0.000113732     -42.4554
-9.84216e-05     -36.7403
-8.31116e-05     -31.0251
-6.78015e-05     -25.31
-5.24915e-05     -19.5948
-3.71815e-05     -13.8797
-2.18715e-05     -8.16451
-6.56144e-06     -2.44935
8.74859e-06     3.2658
2.40586e-05     8.98096
3.93686e-05     14.6961
5.46787e-05     20.4113
6.99887e-05     26.1264
8.52987e-05     31.8416
0.000100609     37.5567
0.000115919     43.2719
0.000131229     48.987
0.000146539     54.7022
0.000161849     60.4173
0.000177159     66.1325
0.000192469     71.8476
0.000207779     77.5628
0.000223089     83.278
0.000238399     88.9931
0.000253709     94.7083
0.000269019     100.423
0.000284329     106.139
0.000299639     111.854
0.000314949     117.569
0.000330259     123.284
0.000345569     128.999
0.000360879     134.714
0.000376189     140.429
0.000391499     146.145
0.000406809     151.86
0.000422119     157.575
0.000437429     163.29
0.000419932     156.758
0.000402435     150.227
0.000384938     143.695
0.000367441     137.164
0.000349943     130.632
0.000332446     124.1
0.000314949     117.569
0.000297452     111.037
0.000279955     104.506
0.000262458     97.9741
0.00024496     91.4425
0.000227463     84.9109
0.000209966     78.3792
0.000192469     71.8476
0.000174972     65.316
0.000157475     58.7844
0.000139977     52.2528
0.00012248     45.7212
0.000104983     39.1896
8.74859e-05     32.658
6.99887e-05     26.1264
5.24915e-05     19.5948
3.49943e-05     13.0632
1.74972e-05     6.5316
-6.09864e-20     3.83401e-14
-1.74972e-05     -6.5316
-3.49943e-05     -13.0632
-5.24915e-05     -19.5948
-6.99887e-05     -26.1264
-8.74859e-05     -32.658
-0.000104983     -39.1896
-0.00012248     -45.7212
-0.000139977     -52.2528
-0.000157475     -58.7844
-0.000174972     -65.316
-0.000192469     -71.8476
-0.000209966     -78.3792
-0.000227463     -84.9109
-0.00024496     -91.4425
-0.000262458     -97.9741
-0.000279955     -104.506
-0.000297452     -111.037
-0.000314949     -117.569
-0.000332446     -124.1
-0.000349943     -130.632
-0.000367441     -137.164
-0.000384938     -143.695
-0.000402435     -150.227
-0.000419932     -156.758
-0.000437429     -163.29
-0.000419932     -156.758
-0.000402435     -150.227
-0.000384938     -143.695
-0.000367441     -137.164
-0.000349943     -130.632
-0.000332446     -124.1
-0.000314949     -117.569
-0.000297452     -111.037
-0.000279955     -104.506
-0.000262458     -97.9741
-0.00024496     -91.4425
-0.000227463     -84.9109
-0.000209966     -78.3792
-0.000192469     -71.8476
-0.000174972     -65.316
-0.000157475     -58.7844
-0.000139977     -52.2528
-0.00012248     -45.7212
-0.000104983     -39.1896
-8.74859e-05     -32.658
-6.99887e-05     -26.1264
-5.24915e-05     -19.5948
-3.49943e-05     -13.0632
-1.74972e-05     -6.5316
-1.01644e-19     3.25667e-14
1.74972e-05     6.5316
3.49943e-05     13.0632
5.24915e-05     19.5948
6.99887e-05     26.1264
8.74859e-05     32.658
0.000104983     39.1896
0.00012248     45.7212
0.000139977     52.2528
0.000157475     58.7844
0.000174972     65.316
0.000192469     71.8476
0.000209966     78.3792
0.000227463     84.9109
0.00024496     91.4425
0.000262458     97.9741
0.000279955     104.506
0.000297452     111.037
0.000314949     117.569
0.000332446     124.1
0.000349943     130.632
0.000367441     137.164
0.000384938     143.695
0.000402435     150.227
0.000419932     156.758
0.000437429     163.29
0.000419932     156.758
0.000402435     150.227
0.000384938     143.695
0.000367441     137.164
0.000349943     130.632
0.000332446     124.1
0.000314949     117.569
0.000297452     111.037
0.000279955     104.506
0.000262458     97.9741
0.00024496     91.4425
0.000227463     84.9109
0.000209966     78.3792
0.000192469     71.8476
0.000174972     65.316
0.000157475     58.7844
0.000139977     52.2528
0.00012248     45.7212
0.000104983     39.1896
8.74859e-05     32.658
6.99887e-05     26.1264
5.24915e-05     19.5948
3.49943e-05     13.0632
1.74972e-05     6.5316
-6.09864e-20     3.83401e-14
-1.74972e-05     -6.5316
-3.49943e-05     -13.0632
-5.24915e-05     -19.5948
-6.99887e-05     -26.1264
-8.74859e-05     -32.658
-0.000104983     -39.1896
-0.00012248     -45.7212
-0.000139977     -52.2528
-0.000157475     -58.7844
-0.000174972     -65.316
-0.000192469     -71.8476
-0.000209966     -78.3792
-0.000227463     -84.9109
-0.00024496     -91.4425
-0.000262458     -97.9741
-0.000279955     -104.506
-0.000297452     -111.037
-0.000314949     -117.569
-0.000332446     -124.1
-0.000349943     -130.632
-0.000367441     -137.164
-0.000384938     -143.695
-0.000402435     -150.227
-0.000419932     -156.758
-0.000437429     -163.29
-0.000419932     -156.758
-0.000402435     -150.227
-0.000384938     -143.695
-0.000367441     -137.164
-0.000349943     -130.632
-0.000332446     -124.1
-0.000314949     -117.569
-0.000297452     -111.037
-0.000279955     -104.506
-0.000262458     -97.9741
-0.00024496     -91.4425
-0.000227463     -84.9109
-0.000209966     -78.3792
-0.000192469     -71.8476
-0.000174972     -65.316
-0.000157475     -58.7844
-0.000139977     -52.2528
-0.00012248     -45.7212
-0.000104983     -39.1896
-8.74859e-05     -32.658
-6.99887e-05     -26.1264
-5.24915e-05     -19.5948
-3.49943e-05     -13.0632
-1.74972e-05     -6.5316
-1.01644e-19     3.25667e-14
1.74972e-05     6.5316
3.49943e-05     13.0632
5.24915e-05     19.5948
6.99887e-05     26.1264
8.74859e-05     32.658
0.000104983     39.1896
0.00012248     45.7212
0.000139977     52.2528
0.000157475     58.7844
0.000174972     65.316
0.000192469     71.8476
0.000209966     78.3792
0.000227463     84.9109
0.00024496     91.4425
0.000262458     97.9741
0.000279955     104.506
0.000297452     111.037
0.000314949     117.569
0.000332446     124.1
0.000349943     130.632
0.000367441     137.164
0.000384938     143.695
0.000402435     150.227
0.000419932     156.758
0.000437429     163.29
0.000419932     156.758
0.000402435     150.227
0.000384938     143.695
0.000367441     137.164
0.000349943     130.632
0.000332446     124.1
0.000314949     117.569
0.000297452     111.037
0.000279955     104.506
0.000262458     97.9741
0.00024496     91.4425
0.000227463     84.9109
0.000209966     78.3792
0.000192469     71.8476
0.000174972     65.316
0.000157475     58.7844
0.000139977     52.2528
0.00012248     45.7212
0.000104983     39.1896
8.74859e-05     32.658
6.99887e-05     26.1264
5.24915e-05     19.5948
3.49943e-05     13.0632
1.74972e-05     6.5316
-6.09864e-20     3.83401e-14
-1.74972e-05     -6.5316
-3.49943e-05     -13.0632
-5.24915e-05     -19.5948
-6.99887e-05     -26.1264
-8.74859e-05     -32.658
-0.000104983     -39.1896
-0.00012248     -45.7212
-0.000139977     -52.2528
-0.000157475     -58.7844
-0.000174972     -65.316
-0.000192469     -71.8476
-0.000209966     -78.3792
-0.000227463     -84.9109
-0.00024496     -91.4425
-0.000262458     -97.9741
-0.000279955     -104.506
-0.000297452     -111.037
-0.000314949     -117.569
-0.000332446     -124.1
-0.000349943     -130.632
-0.000367441     -137.164
-0.000384938     -143.695
-0.000402435     -150.227
-0.000419932     -156.758
-0.000437429     -163.29
-0.000419932     -156.758
-0.000402435     -150.227
-0.000384938     -143.695
-0.000367441     -137.164
-0.000349943     -130.632
-0.000332446     -124.1
-0.000314949     -117.569
-0.000297452     -111.037
-0.000279955     -104.506
-0.000262458     -97.9741
-0.00024496     -91.4425
-0.000227463     -84.9109
-0.000209966     -78.3792
-0.000192469     -71.8476
-0.000174972     -65.316
-0.000157475     -58.7844
-0.000139977     -52.2528
-0.00012248     -45.7212
-0.000104983     -39.1896
-8.74859e-05     -32.658
-6.99887e-05     -26.1264
-5.24915e-05     -19.5948
-3.49943e-05     -13.0632
-1.74972e-05     -6.5316
-1.01644e-19     3.25667e-14
1.74972e-05     6.5316
3.49943e-05     13.0632
5.24915e-05     19.5948
6.99887e-05     26.1264
8.74859e-05     32.658
0.000104983     39.1896
0.00012248     45.7212
0.000139977     52.2528
0.000157475     58.7844
0.000174972     65.316
0.000192469     71.8476
0.000209966     78.3792
0.000227463     84.9109
0.00024496     91.4425
0.000262458     97.9741
0.000279955     104.506
0.000297452     111.037
0.000314949     117.569
0.000332446     124.1
0.000349943     130.632
0.000367441     137.164
0.000384938     143.695
0.000402435     150.227
0.000419932     156.758
0.000437429     163.29
0.000419932     156.758
0.000402435     150.227
0.000384938     143.695
0.000367441     137.164
0.000349943     130.632
0.000332446     124.1
0.000314949     117.569
0.000297452     111.037
0.000279955     104.506
0.000262458     97.9741
0.00024496     91.4425
0.000227463     84.9109
0.000209966     78.3792
0.000192469     71.8476
0.000174972     65.316
0.000157475     58.7844
0.000139977     52.2528
0.00012248     45.7212
0.000104983     39.1896
8.74859e-05     32.658
6.99887e-05     26.1264
5.24915e-05     19.5948
3.49943e-05     13.0632
1.74972e-05     6.5316
-6.09864e-20     3.83401e-14
-1.74972e-05     -6.5316
-3.49943e-05     -13.0632
-5.24915e-05     -19.5948
-6.99887e-05     -26.1264
-8.74859e-05     -32.658
-0.000104983     -39.1896
-0.00012248     -45.7212
-0.000139977     -52.2528
-0.000157475     -58.7844
-0.000174972     -65.316
-0.000192469     -71.8476
-0.000209966     -78.3792
-0.000227463     -84.9109
-0.00024496     -91.4425
-0.000262458     -97.9741
-0.000279955     -104.506
-0.000297452     -111.037
-0.000314949     -117.569
-0.000332446     -124.1
-0.000349943     -130.632
-0.000367441     -137.164
-0.000384938     -143.695
-0.000402435     -150.227
-0.000419932     -156.758
-0.000437429     -163.29
-0.000419932     -156.758
-0.000402435     -150.227
-0.000384938     -143.695
-0.000367441     -137.164
-0.000349943     -130.632
-0.000332446     -124.1
-0.000314949     -117.569
-0.000297452     -111.037
-0.000279955     -104.506
-0.000262458     -97.9741
-0.00024496     -91.4425
-0.000227463     -84.9109
-0.000209966     -78.3792
-0.000192469     -71.8476
-0.000174972     -65.316
-0.000157475     -58.7844
-0.000139977     -52.2528
-0.00012248     -45.7212
-0.000104983     -39.1896
-8.74859e-05     -32.658
-6.99887e-05     -26.1264
-5.24915e-05     -19.5948
-3.49943e-05     -13.0632
-1.74972e-05     -6.5316
-1.01644e-19     3.25667e-14
1.74972e-05     6.5316
3.49943e-05     13.0632
5.24915e-05     19.5948
6.99887e-05     26.1264
8.74859e-05     32.658
0.000104983     39.1896
0.00012248     45.7212
0.000139977     52.2528
0.000157475     58.7844
0.000174972     65.316
0.000192469     71.8476
0.000209966     78.3792
0.000227463     84.9109
0.00024496     91.4425
0.000262458     97.9741
0.000279955     104.506
0.000297452     111.037
0.000314949     117.569
0.000332446     124.1
0.000349943     130.632
0.000367441     137.164
0.000384938     143.695
0.000402435     150.227
0.000419932     156.758
0.000437429     163.29
0.000419932     156.758
0.000402435     150.227
0.000384938     143.695
0.000367441     137.164
0.000349943     130.632
0.000332446     124.1
0.000314949     117.569
0.000297452     111.037
0.000279955     104.506
0.000262458     97.9741
0.00024496     91.4425
0.000227463     84.9109
0.000209966     78.3792
0.000192469     71.8476
0.000174972     65.316
0.000157475     58.7844
0.000139977     52.2528
0.00012248     45.7212
0.000104983     39.1896
8.74859e-05     32.658
6.99887e-05     26.1264
5.24915e-05     19.5948
3.49943e-05     13.0632
1.74972e-05     6.5316
-6.09864e-20     3.83401e-14
-1.74972e-05     -6.5316
-3.49943e-05     -13.0632
-5.24915e-05     -19.5948
-6.99887e-05     -26.1264
-8.74859e-05     -32.658
-0.000104983     -39.1896
-0.00012248     -45.7212
-0.000139977     -52.2528
-0.000157475     -58.7844
-0.000174972     -65.316
-0.000192469     -71.8476
-0.000209966     -78.3792
-0.000227463     -84.9109
-0.00024496     -91.4425
-0.000262458     -97.9741
-0.000279955     -104.506
-0.000297452     -111.037
-0.000314949     -117.569
-0.000332446     -124.1
-0.000349943     -130.632
-0.000367441     -137.164
-0.000384938     -143.695
-0.000402435     -150.227
-0.000419932     -156.758
-0.000437429     -163.29
-0.000419932     -156.758
-0.000402435     -150.227
-0.000384938     -143.695
-0.000367441     -137.164
-0.000349943     -130.632
-0.000332446     -124.1
-0.000314949     -117.569
-0.000297452     -111.037
-0.000279955     -104.506
-0.000262458     -97.9741
-0.00024496     -91.4425
-0.000227463     -84.9109
-0.000209966     -78.3792
-0.000192469     -71.8476
-0.000174972     -65.316
-0.000157475     -58.7844
-0.000139977     -52.2528
-0.00012248     -45.7212
-0.000104983     -39.1896
-8.74859e-05     -32.658
-6.99887e-05     -26.1264
-5.24915e-05     -19.5948
-3.49943e-05     -13.0632
-1.74972e-05     -6.5316
-1.01644e-19     3.25667e-14
1.74972e-05     6.5316
3.49943e-05     13.0632
5.24915e-05     19.5948
6.99887e-05     26.1264
8.74859e-05     32.658
0.000104983     39.1896
0.00012248     45.7212
0.000139977     52.2528
0.000157475     58.7844
0.000174972     65.316
0.000192469     71.8476
0.000209966     78.3792
0.000227463     84.9109
0.00024496     91.4425
0.000262458     97.9741
0.000279955     104.506
0.000297452     111.037
0.000314949     117.569
0.000332446     124.1
0.000349943     130.632
0.000367441     137.164
0.000384938     143.695
0.000402435     150.227
0.000419932     156.758
0.000437429     163.29
0.000419932     156.758
0.000402435     150.227
0.000384938     143.695
0.000367441     137.164
0.000349943     130.632
0.000332446     124.1
0.000314949     117.569
0.000297452     111.037
0.000279955     104.506
0.000262458     97.9741
0.00024496     91.4425
0.000227463     84.9109
0.000209966     78.3792
0.000192469     71.8476
0.000174972     65.316
0.000157475     58.7844
0.000139977     52.2528
0.00012248     45.7212
0.000104983     39.1896
8.74859e-05     32.658
6.99887e-05     26.1264
5.24915e-05     19.5948
3.49943e-05     13.0632
1.74972e-05     6.5316
-6.09864e-20     3.83401e-14
-1.74972e-05     -6.5316
-3.49943e-05     -13.0632
-5.24915e-05     -19.5948
-6.99887e-05     -26.1264
-8.74859e-05     -32.658
-0.000104983     -39.1896
-0.00012248     -45.7212
-0.000139977     -52.2528
-0.000157475     -58.7844
-0.000174972     -65.316
-0.000192469     -71.8476
-0.000209966     -78.3792
-0.000227463     -84.9109
-0.00024496     -91.4425
-0.000262458     -97.9741
-0.000279955     -104.506
-0.000297452     -111.037
-0.000314949     -117.569
-0.000332446     -124.1
-0.000349943     -130.632
-0.000367441     -137.164
-0.000384938     -143.695
-0.000402435     -150.227
-0.000419932     -156.758
-0.000437429     -163.29
-0.000415558     -155.126
-0.000393686     -146.961
-0.000371815     -138.797
-0.000349943     -130.632
-0.000328072     -122.468
-0.000306201     -114.303
-0.000284329     -106.139
-0.000262458     -97.9741
-0.000240586     -89.8096
-0.000218715     -81.6451
-0.000196843     -73.4805
-0.000174972     -65.316
-0.0001531     -57.1515
-0.000131229     -48.987
-0.000109357     -40.8225
-8.74859e-05     -32.658
-6.56144e-05     -24.4935
-4.37429e-05     -16.329
-2.18715e-05     -8.16451
-1.01644e-19     -5.26516e-14
2.18715e-05     8.16451
4.37429e-05     16.329
6.56144e-05     24.4935
8.74859e-05     32.658
0.000109357     40.8225
0.000131229     48.987
0.0001531     57.1515
0.000174972     65.316
0.000196843     73.4805
0.000218715     81.6451
0.000240586     89.8096
0.000262458     97.9741
0.000284329     106.139
0.000306201     114.303
0.000328072     122.468
0.000349943     130.632
0.000371815     138.797
0.000393686     146.961
0.000415558     155.126
0.000437429     163.29
0.000459301     171.455
0.000481172     179.619
0.000503044     187.784
0.000524915     195.948
0.000546787     204.113
0.000568658     212.277
0.00059053     220.442
0.000612401     228.606
0.000634273     236.771
0.000656144     244.935
0.000629898     235.138
0.000603652     225.34
0.000577407     215.543
0.000551161     205.746
0.000524915     195.948
0.000498669     186.151
0.000472424     176.353
0.000446178     166.556
0.000419932     156.758
0.000393686     146.961
0.000367441     137.164
0.000341195     127.366
0.000314949     117.569
0.000288703     107.771
0.000262458     97.9741
0.000236212     88.1767
0.000209966     78.3792
0.00018372     68.5818
0.000157475     58.7844
0.000131229     48.987
0.000104983     39.1896
7.87373e-05     29.3922
5.24915e-05     19.5948
2.62458e-05     9.79741
-1.79571e-19     -2.95987e-14
-2.62458e-05     -9.79741
-5.24915e-05     -19.5948
-7.87373e-05     -29.3922
-0.000104983     -39.1896
-0.000131229     -48.987
-0.000157475     -58.7844
-0.00018372     -68.5818
-0.000209966     -78.3792
-0.000236212     -88.1767
-0.000262458     -97.9741
-0.000288703     -107.771
-0.000314949     -117.569
-0.000341195     -127.366
-0.000367441     -137.164
-0.000393686     -146.961
-0.000419932     -156.758
-0.000446178     -166.556
-0.000472424     -176.353
-0.000498669     -186.151
-0.000524915     -195.948
-0.000551161     -205.746
-0.000577407     -215.543
-0.000603652     -225.34
-0.000629898     -235.138
-0.000656144     -244.935
-0.000629898     -235.138
-0.000603652     -225.34
-0.000577407     -215.543
-0.000551161     -205.746
-0.000524915     -195.948
-0.000498669     -186.151
-0.000472424     -176.353
-0.000446178     -166.556
-0.000419932     -156.758
-0.000393686     -146.961
-0.000367441     -137.164
-0.000341195     -127.366
-0.000314949     -117.569
-0.000288703     -107.771
-0.000262458     -97.9741
-0.000236212     -88.1767
-0.000209966     -78.3792
-0.00018372     -68.5818
-0.000157475     -58.7844
-0.000131229     -48.987
-0.000104983     -39.1896
-7.87373e-05     -29.3922
-5.24915e-05     -19.5948
-2.62458e-05     -9.79741
-1.4569e-19     2.56956e-14
2.62458e-05     9.79741
5.24915e-05     19.5948
7.87373e-05     29.3922
0.000104983     39.1896
0.000131229     48.987
0.000157475     58.7844
0.00018372     68.5818
0.000209966     78.3792
0.000236212     88.1767
0.000262458     97.9741
0.000288703     107.771
0.000314949     117.569
0.000341195     127.366
0.000367441     137.164
0.000393686     146.961
0.000419932     156.758
0.000446178     166.556
0.000472424     176.353
0.000498669     186.151
0.000524915     195.948
0.000551161     205.746
0.000577407     215.543
0.000603652     225.34
0.000629898     235.138
0.000656144     244.935
0.000629898     235.138
0.000603652     225.34
0.000577407     215.543
0.000551161     205.746
0.000524915     195.948
0.000498669     186.151
0.000472424     176.353
0.000446178     166.556
0.000419932     156.758
0.000393686     146.961
0.000367441     137.164
0.000341195     127.366
0.000314949     117.569
0.000288703     107.771
0.000262458     97.9741
0.000236212     88.1767
0.000209966     78.3792
0.00018372     68.5818
0.000157475     58.7844
0.000131229     48.987
0.000104983     39.1896
7.87373e-05     29.3922
5.24915e-05     19.5948
2.62458e-05     9.79741
-1.79571e-19     -2.95987e-14
-2.62458e-05     -9.79741
-5.24915e-05     -19.5948
-7.87373e-05     -29.3922
-0.000104983     -39.1896
-0.000131229     -48.987
-0.000157475     -58.7844
-0.00018372     -68.5818
-0.000209966     -78.3792
-0.000236212     -88.1767
-0.000262458     -97.9741
-0.000288703     -107.771
-0.000314949     -117.569
-0.000341195     -127.366
-0.000367441     -137.164
-0.000393686     -146.961
-0.000419932     -156.758
-0.000446178     -166.556
-0.000472424     -176.353
-0.000498669     -186.151
-0.000524915     -195.948
-0.000551161     -205.746
-0.000577407     -215.543
-0.000603652     -225.34
-0.000629898     -235.138
-0.000656144     -244.935
-0.000629898     -235.138
-0.000603652     -225.34
-0.000577407     -215.543
-0.000551161     -205.746
-0.000524915     -195.948
-0.000498669     -186.151
-0.000472424     -176.353
-0.000446178     -166.556
-0.000419932     -156.758
-0.000393686     -146.961
-0.000367441     -137.164
-0.000341195     -127.366
-0.000314949     -117.569
-0.000288703     -107.771
-0.000262458     -97.9741
-0.000236212     -88.1767
-0.000209966     -78.3792
-0.00018372     -68.5818
-0.000157475     -58.7844
-0.000131229     -48.987
-0.000104983     -39.1896
-7.87373e-05     -29.3922
-5.24915e-05     -19.5948
-2.62458e-05     -9.79741
-1.4569e-19     2.56956e-14
2.62458e-05     9.79741
5.24915e-05     19.5948
7.87373e-05     29.3922
0.000104983     39.1896
0.000131229     48.987
0.000157475     58.7844
0.00018372     68.5818
0.000209966     78.3792
0.000236212     88.1767
0.000262458     97.9741
0.000288703     107.771
0.000314949     117.569
0.000341195     127.366
0.000367441     137.164
0.000393686     146.961
0.000419932     156.758
0.000446178     166.556
0.000472424     176.353
0.000498669     186.151
0.000524915     195.948
0.000551161     205.746
0.000577407     215.543
0.000603652     225.34
0.000629898     235.138
0.000656144     244.935
0.000629898     235.138
0.000603652     225.34
0.000577407     215.543
0.000551161     205.746
0.000524915     195.948
0.000498669     186.151
0.000472424     176.353
0.000446178     166.556
0.000419932     156.758
0.000393686     146.961
0.000367441     137.164
0.000341195     127.366
0.000314949     117.569
0.000288703     107.771
0.000262458     97.9741
0.000236212     88.1767
0.000209966     78.3792
0.00018372     68.5818
0.000157475     58.7844
0.000131229     48.987
0.000104983     39.1896
7.87373e-05     29.3922
5.24915e-05     19.5948
2.62458e-05     9.79741
-1.79571e-19     -2.95987e-14
-2.62458e-05     -9.79741
-5.24915e-05     -19.5948
-7.87373e-05     -29.3922
-0.000104983     -39.1896
-0.000131229     -48.987
-0.000157475     -58.7844
-0.00018372     -68.5818
-0.000209966     -78.3792
-0.000236212     -88.1767
-0.000262458     -97.9741
-0.000288703     -107.771
-0.000314949     -117.569
-0.000341195     -127.366
-0.000367441     -137.164
-0.000393686     -146.961
-0.000419932     -156.758
-0.000446178     -166.556
-0.000472424     -176.353
-0.000498669     -186.151
-0.000524915     -195.948
-0.000551161     -205.746
-0.000577407     -215.543
-0.000603652     -225.34
-0.000629898     -235.138
-0.000656144     -244.935
-0.000629898     -235.138
-0.000603652     -225.34
-0.000577407     -215.543
-0.000551161     -205.746
-0.000524915     -195.948
-0.000498669     -186.151
-0.000472424     -176.353
-0.000446178     -166.556
-0.000419932     -156.758
-0.000393686     -146.961
-0.000367441     -137.164
-0.000341195     -127.366
-0.000314949     -117.569
-0.000288703     -107.771
-0.000262458     -97.9741
-0.000236212     -88.1767
-0.000209966     -78.3792
-0.00018372     -68.5818
-0.000157475     -58.7844
-0.000131229     -48.987
-0.000104983     -39.1896
-7.87373e-05     -29.3922
-5.24915e-05     -19.5948
-2.62458e-05     -9.79741
-1.4569e-19     2.56956e-14
2.62458e-05     9.79741
5.24915e-05     19.5948
7.87373e-05     29.3922
0.000104983     39.1896
0.000131229     48.987
0.000157475     58.7844
0.00018372     68.5818
0.000209966     78.3792
0.000236212     88.1767
0.000262458     97.9741
0.000288703     107.771
0.000314949     117.569
0.000341195     127.366
0.000367441     137.164
0.000393686     146.961
0.000419932     156.758
0.000446178     166.556
0.000472424     176.353
0.000498669     186.151
0.000524915     195.948
0.000551161     205.746
0.000577407     215.543
0.000603652     225.34
0.000629898     235.138
0.000656144     244.935
0.000629898     235.138
0.000603652     225.34
0.000577407     215.543
0.000551161     205.746
0.000524915     195.948
0.000498669     186.151
0.000472424     176.353
0.000446178     166.556
0.000419932     156.758
0.000393686     146.961
0.000367441     137.164
0.000341195     127.366
0.000314949     117.569
0.000288703     107.771
0.000262458     97.9741
0.000236212     88.1767
0.000209966     78.3792
0.00018372     68.5818
0.000157475     58.7844
0.000131229     48.987
0.000104983     39.1896
7.87373e-05     29.3922
5.24915e-05     19.5948
2.62458e-05     9.79741
-1.79571e-19     -2.95987e-14
-2.62458e-05     -9.79741
-5.24915e-05     -19.5948
-7.87373e-05     -29.3922
-0.000104983     -39.1896
-0.000131229     -48.987
-0.000157475     -58.7844
-0.00018372     -68.5818
-0.000209966     -78.3792
-0.000236212     -88.1767
-0.000262458     -97.9741
-0.000288703     -107.771
-0.000314949     -117.569
-0.000341195     -127.366
-0.000367441     -137.164
-0.000393686     -146.961
-0.000419932     -156.758
-0.000446178     -166.556
-0.000472424     -176.353
-0.000498669     -186.151
-0.000524915     -195.948
-0.000551161     -205.746
-0.000577407     -215.543
-0.000603652     -225.34
-0.000629898     -235.138
-0.000656144     -244.935
-0.000629898     -235.138
-0.000603652     -225.34
-0.000577407     -215.543
-0.000551161     -205.746
-0.000524915     -195.948
-0.000498669     -186.151
-0.000472424     -176.353
-0.000446178     -166.556
-0.000419932     -156.758
-0.000393686     -146.961
-0.000367441     -137.164
-0.000341195     -127.366
-0.000314949     -117.569
-0.000288703     -107.771
-0.000262458     -97.9741
-0.000236212     -88.1767
-0.000209966     -78.3792
-0.00018372     -68.5818
-0.000157475     -58.7844
-0.000131229     -48.987
-0.000104983     -39.1896
-7.87373e-05     -29.3922
-5.24915e-05     -19.5948
-2.62458e-05     -9.79741
-1.4569e-19     2.56956e-14
2.62458e-05     9.79741
5.24915e-05     19.5948
7.87373e-05     29.3922
0.000104983     39.1896
0.000131229     48.987
0.000157475     58.7844
0.00018372     68.5818
0.000209966     78.3792
0.000236212     88.1767
0.000262458     97.9741
0.000288703     107.771
0.000314949     117.569
0.000341195     127.366
0.000367441     137.164
0.000393686     146.961
0.000419932     156.758
0.000446178     166.556
0.000472424     176.353
0.000498669     186.151
0.000524915     195.948
0.000551161     205.746
0.000577407     215.543
0.000603652     225.34
0.000629898     235.138
0.000656144     244.935
0.000629898     235.138
0.000603652     225.34
0.000577407     215.543
0.000551161     205.746
0.000524915     195.948
0.000498669     186.151
0.000472424     176.353
0.000446178     166.556
0.000419932     156.758
0.000393686     146.961
0.000367441     137.164
0.000341195     127.366
0.000314949     117.569
0.000288703     107.771
0.000262458     97.9741
0.000236212     88.1767
0.000209966     78.3792
0.00018372     68.5818
0.000157475     58.7844
0.000131229     48.987
0.000104983     39.1896
7.87373e-05     29.3922
5.24915e-05     19.5948
2.62458e-05     9.79741
-1.79571e-19     -2.95987e-14
-2.62458e-05     -9.79741
-5.24915e-05     -19.5948
-7.87373e-05     -29.3922
-0.000104983     -39.1896
-0.000131229     -48.987
-0.000157475     -58.7844
-0.00018372     -68.5818
-0.000209966     -78.3792
-0.000236212     -88.1767
-0.000262458     -97.9741
-0.000288703     -107.771
-0.000314949     -117.569
-0.000341195     -127.366
-0.000367441     -137.164
-0.000393686     -146.961
-0.000419932     -156.758
-0.000446178     -166.556
-0.000472424     -176.353
-0.000498669     -186.151
-0.000524915     -195.948
-0.000551161     -205.746
-0.000577407     -215.543
-0.000603652     -225.34
-0.000629898     -235.138
-0.000656144     -244.935
-0.000629898     -235.138
-0.000603652     -225.34
-0.000577407     -215.543
-0.000551161     -205.746
-0.000524915     -195.948
-0.000498669     -186.151
-0.000472424     -176.353
-0.000446178     -166.556
-0.000419932     -156.758
-0.000393686     -146.961
-0.000367441     -137.164
-0.000341195     -127.366
-0.000314949     -117.569
-0.000288703     -107.771
-0.000262458     -97.9741
-0.000236212     -88.1767
-0.000209966     -78.3792
-0.00018372     -68.5818
-0.000157475     -58.7844
-0.000131229     -48.987
-0.000104983     -39.1896
-7.87373e-05     -29.3922
-5.24915e-05     -19.5948
-2.62458e-05     -9.79741
-1.4569e-19     2.56956e-14
2.62458e-05     9.79741
5.24915e-05     19.5948
7.87373e-05     29.3922
0.000104983     39.1896
0.000131229     48.987
0.000157475     58.7844
0.00018372     68.5818
0.000209966     78.3792
0.000236212     88.1767
0.000262458     97.9741
0.000288703     107.771
0.000314949     117.569
0.000341195     127.366
0.000367441     137.164
0.000393686     146.961
0.000419932     156.758
0.000446178     166.556
0.000472424     176.353
0.000498669     186.151
0.000524915     195.948
0.000551161     205.746
0.000577407     215.543
0.000603652     225.34
0.000629898     235.138
0.000656144     244.935
0.000629898     235.138
0.000603652     225.34
0.000577407     215.543
0.000551161     205.746
0.000524915     195.948
0.000498669     186.151
0.000472424     176.353
0.000446178     166.556
0.000419932     156.758
0.000393686     146.961
0.000367441     137.164
0.000341195     127.366
0.000314949     117.569
0.000288703     107.771
0.000262458     97.9741
0.000236212     88.1767
0.000209966     78.3792
0.00018372     68.5818
0.000157475     58.7844
0.000131229     48.987
0.000104983     39.1896
7.87373e-05     29.3922
5.24915e-05     19.5948
2.62458e-05     9.79741
-1.79571e-19     -2.95987e-14
-2.62458e-05     -9.79741
-5.24915e-05     -19.5948
-7.87373e-05     -29.3922
-0.000104983     -39.1896
-0.000131229     -48.987
-0.000157475     -58.7844
-0.00018372     -68.5818
-0.000209966     -78.3792
-0.000236212     -88.1767
-0.000262458     -97.9741
-0.000288703     -107.771
-0.000314949     -117.569
-0.000341195     -127.366
-0.000367441     -137.164
-0.000393686     -146.961
-0.000419932     -156.758
-0.000446178     -166.556
-0.000472424     -176.353
-0.000498669     -186.151
-0.000524915     -195.948
-0.000551161     -205.746
-0.000577407     -215.543
-0.000603652     -225.34
-0.000629898     -235.138
-0.000656144     -244.935
-0.000625524     -233.505
-0.000594904     -222.075
-0.000564284     -210.644
-0.000533664     -199.214
-0.000503044     -187.784
-0.000472424     -176.353
-0.000441804     -164.923
-0.000411184     -153.493
-0.000380563     -142.062
-0.000349943     -130.632
-0.000319323     -119.202
-0.000288703     -107.771
-0.000258083     -96.3412
-0.000227463     -84.9109
-0.000196843     -73.4805
-0.000166223     -62.0502
-0.000135603     -50.6199
-0.000104983     -39.1896
-7.4363e-05     -27.7593
-4.37429e-05     -16.329
-1.31229e-05     -4.8987
1.74972e-05     6.5316
4.81172e-05     17.9619
7.87373e-05     29.3922
0.000109357     40.8225
0.000139977     52.2528
0.000170597     63.6831
0.000201217     75.1134
0.000231838     86.5438
0.000262458     97.9741
0.000293078     109.404
0.000323698     120.835
0.000354318     132.265
0.000384938     143.695
0.000415558     155.126
0.000446178     166.556
0.000476798     177.986
0.000507418     189.417
0.000538038     200.847
0.000568658     212.277
0.000599278     223.707
0.000629898     235.138
0.000660518     246.568
0.000691138     257.998
0.000721758     269.429
0.000752378     280.859
0.000782998     292.289
0.000813619     303.72
0.000844239     315.15
0.000874859     326.58
0.000839864     313.517
0.00080487     300.454
0.000769876     287.391
0.000734881     274.327
0.000699887     261.264
0.000664893     248.201
0.000629898     235.138
0.000594904     222.075
0.00055991     209.011
0.000524915     195.948
0.000489921     182.885
0.000454926     169.822
0.000419932     156.758
0.000384938     143.695
0.000349943     130.632
0.000314949     117.569
0.000279955     104.506
0.00024496     91.4425
0.000209966     78.3792
0.000174972     65.316
0.000139977     52.2528
0.000104983     39.1896
6.99887e-05     26.1264
3.49943e-05     13.0632
-2.30393e-19     7.1476e-14
-3.49943e-05     -13.0632
-6.99887e-05     -26.1264
-0.000104983     -39.1896
-0.000139977     -52.2528
-0.000174972     -65.316
-0.000209966     -78.3792
-0.00024496     -91.4425
-0.000279955     -104.506
-0.000314949     -117.569
-0.000349943     -130.632
-0.000384938     -143.695
-0.000419932     -156.758
-0.000454926     -169.822
-0.000489921     -182.885
-0.000524915     -195.948
-0.00055991     -209.011
-0.000594904     -222.075
-0.000629898     -235.138
-0.000664893     -248.201
-0.000699887     -261.264
-0.000734881     -274.327
-0.000769876     -287.391
-0.00080487     -300.454
-0.000839864     -313.517
-0.000874859     -326.58
-0.000839864     -313.517
-0.00080487     -300.454
-0.000769876     -287.391
-0.000734881     -274.327
-0.000699887     -261.264
-0.000664893     -248.201
-0.000629898     -235.138
-0.000594904     -222.075
-0.00055991     -209.011
-0.000524915     -195.948
-0.000489921     -182.885
-0.000454926     -169.822
-0.000419932     -156.758
-0.000384938     -143.695
-0.000349943     -130.632
-0.000314949     -117.569
-0.000279955     -104.506
-0.00024496     -91.4425
-0.000209966     -78.3792
-0.000174972     -65.316
-0.000139977     -52.2528
-0.000104983     -39.1896
-6.99887e-05     -26.1264
-3.49943e-05     -13.0632
-3.11708e-19     5.99293e-14
3.49943e-05     13.0632
6.99887e-05     26.1264
0.000104983     39.1896
0.000139977     52.2528
0.000174972     65.316
0.000209966     78.3792
0.00024496     91.4425
0.000279955     104.506
0.000314949     117.569
0.000349943     130.632
0.000384938     143.695
0.000419932     156.758
0.000454926     169.822
0.000489921     182.885
0.000524915     195.948
0.00055991     209.011
0.000594904     222.075
0.000629898     235.138
0.000664893     248.201
0.000699887     261.264
0.000734881     274.327
0.000769876     287.391
0.00080487     300.454
0.000839864     313.517
0.000874859     326.58
0.000839864     313.517
0.00080487     300.454
0.000769876     287.391
0.000734881     274.327
0.000699887     261.264
0.000664893     248.201
0.000629898     235.138
0.000594904     222.075
0.00055991     209.011
0.000524915     195.948
0.000489921     182.885
0.000454926     169.822
0.000419932     156.758
0.000384938     143.695
0.000349943     130.632
0.000314949     117.569
0.000279955     104.506
0.00024496     91.4425
0.000209966     78.3792
0.000174972     65.316
0.000139977     52.2528
0.000104983     39.1896
6.99887e-05     26.1264
3.49943e-05     13.0632
-2.30393e-19     7.1476e-14
-3.49943e-05     -13.0632
-6.99887e-05     -26.1264
-0.000104983     -39.1896
-0.000139977     -52.2528
-0.000174972     -65.316
-0.000209966     -78.3792
-0.00024496     -91.4425
-0.000279955     -104.506
-0.000314949     -117.569
-0.000349943     -130.632
-0.000384938     -143.695
-0.000419932     -156.758
-0.000454926     -169.822
-0.000489921     -182.885
-0.000524915     -195.948
-0.00055991     -209.011
-0.000594904     -222.075
-0.000629898     -235.138
-0.000664893     -248.201
-0.000699887     -261.264
-0.000734881     -274.327
-0.000769876     -287.391
-0.00080487     -300.454
-0.000839864     -313.517
-0.000874859     -326.58
-0.000839864     -313.517
-0.00080487     -300.454
-0.000769876     -287.391
-0.000734881     -274.327
-0.000699887     -261.264
-0.000664893     -248.201
-0.000629898     -235.138
-0.000594904     -222.075
-0.00055991     -209.011
-0.000524915     -195.948
-0.000489921     -182.885
-0.000454926     -169.822
-0.000419932     -156.758
-0.000384938     -143.695
-0.000349943     -130.632
-0.000314949     -117.569
-0.000279955     -104.506
-0.00024496     -91.4425
-0.000209966     -78.3792
-0.000174972     -65.316
-0.000139977     -52.2528
-0.000104983     -39.1896
-6.99887e-05     -26.1264
-3.49943e-05     -13.0632
-3.11708e-19     5.99293e-14
3.49943e-05     13.0632
6.99887e-05     26.1264
0.000104983     39.1896
0.000139977     52.2528
0.000174972     65.316
0.000209966     78.3792
0.00024496     91.4425
0.000279955     104.506
0.000314949     117.569
0.000349943     130.632
0.000384938     143.695
0.000419932     156.758
0.000454926     169.822
0.000489921     182.885
0.000524915     195.948
0.00055991     209.011
0.000594904     222.075
0.000629898     235.138
0.000664893     248.201
0.000699887     261.264
0.000734881     274.327
0.000769876     287.391
0.00080487     300.454
0.000839864     313.517
0.000874859     326.58
0.000839864     313.517
0.00080487     300.454
0.000769876     287.391
0.000734881     274.327
0.000699887     261.264
0.000664893     248.201
0.000629898     235.138
0.000594904     222.075
0.00055991     209.011
0.000524915     195.948
0.000489921     182.885
0.000454926     169.822
0.000419932     156.758
0.000384938     143.695
0.000349943     130.632
0.000314949     117.569
0.000279955     104.506
0.00024496     91.4425
0.000209966     78.3792
0.000174972     65.316
0.000139977     52.2528
0.000104983     39.1896
6.99887e-05     26.1264
3.49943e-05     13.0632
-2.30393e-19     7.1476e-14
-3.49943e-05     -13.0632
-6.99887e-05     -26.1264
-0.000104983     -39.1896
-0.000139977     -52.2528
-0.000174972     -65.316
-0.000209966     -78.3792
-0.00024496     -91.4425
-0.000279955     -104.506
-0.000314949     -117.569
-0.000349943     -130.632
-0.000384938     -143.695
-0.000419932     -156.758
-0.000454926     -169.822
-0.000489921     -182.885
-0.000524915     -195.948
-0.00055991     -209.011
-0.000594904     -222.075
-0.000629898     -235.138
-0.000664893     -248.201
-0.000699887     -261.264
-0.000734881     -274.327
-0.000769876     -287.391
-0.00080487     -300.454
-0.000839864     -313.517
-0.000874859     -326.58
-0.000839864     -313.517
-0.00080487     -300.454
-0.000769876     -287.391
-0.000734881     -274.327
-0.000699887     -261.264
-0.000664893     -248.201
-0.000629898     -235.138
-0.000594904     -222.075
-0.00055991     -209.011
-0.000524915     -195.948
-0.000489921     -182.885
-0.000454926     -169.822
-0.000419932     -156.758
-0.000384938     -143.695
-0.000349943     -130.632
-0.000314949     -117.569
-0.000279955     -104.506
-0.00024496     -91.4425
-0.000209966     -78.3792
-0.000174972     -65.316
-0.000139977     -52.2528
-0.000104983     -39.1896
-6.99887e-05     -26.1264
-3.49943e-05     -13.0632
-3.11708e-19     5.99293e-14
3.49943e-05     13.0632
6.99887e-05     26.1264
0.000104983     39.1896
0.000139977     52.2528
0.000174972     65.316
0.000209966     78.3792
0.00024496     91.4425
0.000279955     104.506
0.000314949     117.569
0.000349943     130.632
0.000384938     143.695
0.000419932     156.758
0.000454926     169.822
0.000489921     182.885
0.000524915     195.948
0.00055991     209.011
0.000594904     222.075
0.000629898     235.138
0.000664893     248.201
0.000699887     261.264
0.000734881     274.327
0.000769876     287.391
0.00080487     300.454
0.000839864     313.517
0.000874859     326.58
0.000839864     313.517
0.00080487     300.454
0.000769876     287.391
0.000734881     274.327
0.000699887     261.264
0.000664893     248.201
0.000629898     235.138
0.000594904     222.075
0.00055991     209.011
0.000524915     195.948
0.000489921     182.885
0.000454926     169.822
0.000419932     156.758
0.000384938     143.695
0.000349943     130.632
0.000314949     117.569
0.000279955     104.506
0.00024496     91.4425
0.000209966     78.3792
0.000174972     65.316
0.000139977     52.2528
0.000104983     39.1896
6.99887e-05     26.1264
3.49943e-05     13.0632
-2.30393e-19     7.1476e-14
-3.49943e-05     -13.0632
-6.99887e-05     -26.1264
-0.000104983     -39.1896
-0.000139977     -52.2528
-0.000174972     -65.316
-0.000209966     -78.3792
-0.00024496     -91.4425
-0.000279955     -104.506
-0.000314949     -117.569
-0.000349943     -130.632
-0.000384938     -143.695
-0.000419932     -156.758
-0.000454926     -169.822
-0.000489921     -182.885
-0.000524915     -195.948
-0.00055991     -209.011
-0.000594904     -222.075
-0.000629898     -235.138
-0.000664893     -248.201
-0.000699887     -261.264
-0.000734881     -274.327
-0.000769876     -287.391
-0.00080487     -300.454
-0.000839864     -313.517
-0.000874859     -326.58
-0.000831116     -310.251
-0.000787373     -293.922
-0.00074363     -277.593
-0.000699887     -261.264
-0.000656144     -244.935
-0.000612401     -228.606
-0.000568658     -212.277
-0.000524915     -195.948
-0.000481172     -179.619
-0.000437429     -163.29
-0.000393686     -146.961
-0.000349943     -130.632
-0.000306201     -114.303
-0.000262458     -97.9741
-0.000218715     -81.6451
-0.000174972     -65.316
-0.000131229     -48.987
-8.74859e-05     -32.658
-4.37429e-05     -16.329
-3.11708e-19     -1.10507e-13
4.37429e-05     16.329
8.74859e-05     32.658
0.000131229     48.987
0.000174972     65.316
0.000218715     81.6451
0.000262458     97.9741
0.000306201     114.303
0.000349943     130.632
0.000393686     146.961
0.000437429     163.29
0.000481172     179.619
0.000524915     195.948
0.000568658     212.277
0.000612401     228.606
0.000656144     244.935
0.000699887     261.264
0.00074363     277.593
0.000787373     293.922
0.000831116     310.251
0.000874859     326.58
0.000918602     342.909
0.000962345     359.238
0.00100609     375.567
0.00104983     391.896
0.00109357     408.225
0.00113732     424.554
0.00118106     440.883
0.0012248     457.212
0.00126855     473.541
0.00131229     489.87
0.0012598     470.275
0.0012073     450.681
0.00115481     431.086
0.00110232     411.491
0.00104983     391.896
0.000997339     372.301
0.000944847     352.707
0.000892356     333.112
0.000839864     313.517
0.000787373     293.922
0.000734881     274.327
0.00068239     254.733
0.000629898     235.138
0.000577407     215.543
0.000524915     195.948
0.000472424     176.353
0.000419932     156.758
0.000367441     137.164
0.000314949     117.569
0.000262458     97.9741
0.000209966     78.3792
0.000157475     58.7844
0.000104983     39.1896
5.24915e-05     19.5948
-5.75982e-19     -6.44016e-14
-5.24915e-05     -19.5948
-0.000104983     -39.1896
-0.000157475     -58.7844
-0.000209966     -78.3792
-0.000262458     -97.9741
-0.000314949     -117.569
-0.000367441     -137.164
-0.000419932     -156.758
-0.000472424     -176.353
-0.000524915     -195.948
-0.000577407     -215.543
-0.000629898     -235.138
-0.00068239     -254.733
-0.000734881     -274.327
-0.000787373     -293.922
-0.000839864     -313.517
-0.000892356     -333.112
-0.000944847     -352.707
-0.000997339     -372.301
-0.00104983     -391.896
-0.00110232     -411.491
-0.00115481     -431.086
-0.0012073     -450.681
-0.0012598     -470.275
-0.00131229     -489.87
-0.0012598     -470.275
-0.0012073     -450.681
-0.00115481     -431.086
-0.00110232     -411.491
-0.00104983     -391.896
-0.000997339     -372.301
-0.000944847     -352.707
-0.000892356     -333.112
-0.000839864     -313.517
-0.000787373     -293.922
-0.000734881     -274.327
-0.00068239     -254.733
-0.000629898     -235.138
-0.000577407     -215.543
-0.000524915     -195.948
-0.000472424     -176.353
-0.000419932     -156.758
-0.000367441     -137.164
-0.000314949     -117.569
-0.000262458     -97.9741
-0.000209966     -78.3792
-0.000157475     -58.7844
-0.000104983     -39.1896
-5.24915e-05     -19.5948
-5.0822e-19     4.6187e-14
5.24915e-05     19.5948
0.000104983     39.1896
0.000157475     58.7844
0.000209966     78.3792
0.000262458     97.9741
0.000314949     117.569
0.000367441     137.164
0.000419932     156.758
0.000472424     176.353
0.000524915     195.948
0.000577407     215.543
0.000629898     235.138
0.00068239     254.733
0.000734881     274.327
0.000787373     293.922
0.000839864     313.517
0.000892356     333.112
0.000944847     352.707
0.000997339     372.301
0.00104983     391.896
0.00110232     411.491
0.00115481     431.086
0.0012073     450.681
0.0012598     470.275
0.00131229     489.87
0.0012598     470.275
0.0012073     450.681
0.00115481     431.086
0.00110232     411.491
0.00104983     391.896
0.000997339     372.301
0.000944847     352.707
0.000892356     333.112
0.000839864     313.517
0.000787373     293.922
0.000734881     274.327
0.00068239     254.733
0.000629898     235.138
0.000577407     215.543
0.000524915     195.948
0.000472424     176.353
0.000419932     156.758
0.000367441     137.164
0.000314949     117.569
0.000262458     97.9741
0.000209966     78.3792
0.000157475     58.7844
0.000104983     39.1896
5.24915e-05     19.5948
-5.75982e-19     -6.44016e-14
-5.24915e-05     -19.5948
-0.000104983     -39.1896
-0.000157475     -58.7844
-0.000209966     -78.3792
-0.000262458     -97.9741
-0.000314949     -117.569
-0.000367441     -137.164
-0.000419932     -156.758
-0.000472424     -176.353
-0.000524915     -195.948
-0.000577407     -215.543
-0.000629898     -235.138
-0.00068239     -254.733
-0.000734881     -274.327
-0.000787373     -293.922
-0.000839864     -313.517
-0.000892356     -333.112
-0.000944847     -352.707
-0.000997339     -372.301
-0.00104983     -391.896
-0.00110232     -411.491
-0.00115481     -431.086
-0.0012073     -450.681
-0.0012598     -470.275
-0.00131229     -489.87
-0.00125105     -467.01
-0.00118981     -444.149
-0.00112857     -421.288
-0.00106733     -398.428
-0.00100609     -375.567
-0.000944847     -352.707
-0.000883607     -329.846
-0.000822367     -306.985
-0.000761127     -284.125
-0.000699887     -261.264
-0.000638647     -238.404
-0.000577407     -215.543
-0.000516167     -192.682
-0.000454926     -169.822
-0.000393686     -146.961
-0.000332446     -124.1
-0.000271206     -101.24
-0.000209966     -78.3792
-0.000148726     -55.5186
-8.74859e-05     -32.658
-2.62458e-05     -9.79741
3.49943e-05     13.0632
9.62344e-05     35.9238
0.000157475     58.7844
0.000218715     81.6451
0.000279955     104.506
0.000341195     127.366
0.000402435     150.227
0.000463675     173.088
0.000524915     195.948
0.000586155     218.809
0.000647395     241.669
0.000708635     264.53
0.000769876     287.391
0.000831116     310.251
0.000892356     333.112
0.000953596     355.972
0.00101484     378.833
0.00107608     401.694
0.00113732     424.554
0.00119856     447.415
0.0012598     470.275
0.00132104     493.136
0.00138228     515.997
0.00143435     535.437
0.00143594     536.028
0.00143752     536.619
0.0014391     537.21
0.00144069     537.801
0.00144227     538.392
0.00137228     512.266
0.00130229     486.14
0.00123231     460.013
0.00116232     433.887
0.00109233     407.76
0.00102234     381.634
0.00095235     355.507
0.000882362     329.381
0.000812373     303.255
0.000742384     277.128
0.000672396     251.002
0.000602407     224.875
0.000532418     198.749
0.000462429     172.623
0.000392441     146.496
0.000322452     120.37
0.000252463     94.2433
0.000182475     68.1169
0.000112486     41.9905
4.24974e-05     15.864
-2.74913e-05     -10.2624
-9.748e-05     -36.3888
-0.000167469     -62.5152
-0.000237457     -88.6416
-0.000307446     -114.768
-0.000377435     -140.894
-0.000447423     -167.021
-0.000517412     -193.147
-0.000587401     -219.274
-0.00065739     -245.4
-0.000727378     -271.527
-0.000797367     -297.653
-0.000867356     -323.779
-0.000937344     -349.906
-0.00100733     -376.032
-0.00107732     -402.159
-0.00114731     -428.285
-0.0012173     -454.411
-0.00128729     -480.538
-0.00135728     -506.664
-0.00142599     -532.313
-0.0014278     -532.989
-0.0014296     -533.664
-0.00143141     -534.34
-0.00143322     -535.015
-0.00143503     -535.69
-0.00143684     -536.366
-0.00143865     -537.041
-0.00144046     -537.717
-0.00144227     -538.392
-0.00137228     -512.266
-0.00130229     -486.14
-0.00123231     -460.013
-0.00116232     -433.887
-0.00109233     -407.76
-0.00102234     -381.634
-0.00095235     -355.507
-0.000882362     -329.381
-0.000812373     -303.255
-0.000742384     -277.128
-0.000672396     -251.002
-0.000602407     -224.875
-0.000532418     -198.749
-0.000462429     -172.623
-0.000392441     -146.496
-0.000322452     -120.37
-0.000252463     -94.2433
-0.000182475     -68.1169
-0.000112486     -41.9905
-4.24974e-05     -15.864
2.74913e-05     10.2624
9.748e-05     36.3888
0.000167469     62.5152
0.000237457     88.6416
0.000307446     114.768
0.000377435     140.894
0.000447423     167.021
0.000517412     193.147
0.000587401     219.274
0.00065739     245.4
0.000727378     271.527
0.000797367     297.653
0.000867356     323.779
0.000937344     349.906
0.00100733     376.032
0.00107732     402.159
0.00114731     428.285
0.0012173     454.411
0.00128729     480.538
0.00135728     506.664
0.00142599     532.313
0.0014278     532.989
0.0014296     533.664
0.00143141     534.34
0.00143322     535.015
0.00143503     535.69
0.00143684     536.366
0.00143865     537.041
0.00144046     537.717
0.00144227     538.392
0.00137228     512.266
0.00130229     486.14
0.00123231     460.013
0.00116232     433.887
0.00109233     407.76
0.00102234     381.634
0.00095235     355.507
0.000882362     329.381
0.000812373     303.255
0.000742384     277.128
0.000672396     251.002
0.000602407     224.875
0.000532418     198.749
0.000462429     172.623
0.000392441     146.496
0.000322452     120.37
0.000252463     94.2433
0.000182475     68.1169
0.000112486     41.9905
4.24974e-05     15.864
-2.74913e-05     -10.2624
-9.748e-05     -36.3888
-0.000167469     -62.5152
-0.000237457     -88.6416
-0.000307446     -114.768
-0.000377435     -140.894
-0.000447423     -167.021
-0.000517412     -193.147
-0.000587401     -219.274
-0.00065739     -245.4
-0.000727378     -271.527
-0.000797367     -297.653
-0.000867356     -323.779
-0.000937344     -349.906
-0.00100733     -376.032
-0.00107732     -402.159
-0.00114731     -428.285
-0.0012173     -454.411
-0.00128729     -480.538
-0.00135728     -506.664
-0.00142599     -532.313
-0.0014278     -532.989
-0.0014296     -533.664
-0.00143141     -534.34
-0.00143322     -535.015
-0.00143503     -535.69
-0.00143684     -536.366
-0.00143865     -537.041
-0.00144046     -537.717
-0.00144227     -538.392
-0.00135479     -505.734
-0.0012673     -473.076
-0.00117981     -440.418
-0.00109233     -407.76
-0.00100484     -375.102
-0.000917356     -342.444
-0.00082987     -309.786
-0.000742384     -277.128
-0.000654898     -244.47
-0.000567413     -211.812
-0.000479927     -179.154
-0.000392441     -146.496
-0.000304955     -113.838
-0.000217469     -81.1801
-0.000129983     -48.5221
-4.24974e-05     -15.864
4.49885e-05     16.794
0.000132474     49.452
0.00021996     82.11
0.000307446     114.768
0.000394932     147.426
0.000482418     180.084
0.000569904     212.742
0.00065739     245.4
0.000744875     278.058
0.000832361     310.716
0.000919847     343.374
0.00100733     376.032
0.00109482     408.69
0.0011823     441.348
0.00126979     474.006
0.00135728     506.664
0.00142644     532.482
0.0014287     533.326
0.00143096     534.171
0.00143322     535.015
0.00143549     535.859
0.00143775     536.704
0.00144001     537.548
0.00144227     538.392
0.00144453     539.237
0.00144679     540.081
0.00144906     540.925
0.00145132     541.77
0.00145358     542.614
0.00145584     543.458
0.0014581     544.303
0.00146037     545.147
0.00146263     545.991
0.00146489     546.836
0.00135991     507.646
0.00125492     468.456
0.00114994     429.267
0.00104496     390.077
0.000939974     350.888
0.000834991     311.698
0.000730008     272.508
0.000625025     233.319
0.000520042     194.129
0.000415059     154.939
0.000310076     115.75
0.000205093     76.5602
0.00010011     37.3705
-4.87308e-06     -1.8191
-0.000109856     -41.0087
-0.000214839     -80.1983
-0.000319822     -119.388
-0.000424805     -158.578
-0.000529788     -197.767
-0.000634771     -236.957
-0.000739754     -276.146
-0.000844737     -315.336
-0.00094972     -354.526
-0.0010547     -393.715
-0.00115969     -432.905
-0.00126467     -472.095
-0.00136965     -511.284
-0.00140518     -524.545
-0.00140789     -525.559
-0.00141061     -526.572
-0.00141332     -527.585
-0.00141603     -528.598
-0.00141875     -529.611
-0.00142146     -530.625
-0.00142418     -531.638
-0.00142689     -532.651
-0.0014296     -533.664
-0.00143232     -534.677
-0.00143503     -535.69
-0.00143775     -536.704
-0.00144046     -537.717
-0.00144318     -538.73
-0.00144589     -539.743
-0.0014486     -540.756
-0.00145132     -541.77
-0.00145403     -542.783
-0.00145675     -543.796
-0.00145946     -544.809
-0.00146218     -545.822
-0.00146489     -546.836
-0.00135991     -507.646
-0.00125492     -468.456
-0.00114994     -429.267
-0.00104496     -390.077
-0.000939974     -350.888
-0.000834991     -311.698
-0.000730008     -272.508
-0.000625025     -233.319
-0.000520042     -194.129
-0.000415059     -154.939
-0.000310076     -115.75
-0.000205093     -76.5602
-0.00010011     -37.3705
4.87308e-06     1.8191
0.000109856     41.0087
0.000214839     80.1983
0.000319822     119.388
0.000424805     158.578
0.000529788     197.767
0.000634771     236.957
0.000739754     276.146
0.000844737     315.336
0.00094972     354.526
0.0010547     393.715
0.00115969     432.905
0.00126467     472.095
0.00136965     511.284
0.00140518     524.545
0.00140789     525.559
0.00141061     526.572
0.00141332     527.585
0.00141603     528.598
0.00141875     529.611
0.00142146     530.625
0.00142418     531.638
0.00142689     532.651
0.0014296     533.664
0.00143232     534.677
0.00143503     535.69
0.00143775     536.704
0.00144046     537.717
0.00144318     538.73
0.00144589     539.743
0.0014486     540.756
0.00145132     541.77
0.00145403     542.783
0.00145675     543.796
0.00145946     544.809
0.00146218     545.822
0.00146489     546.836
0.00135991     507.646
0.00125492     468.456
0.00114994     429.267
0.00104496     390.077
0.000939974     350.888
0.000834991     311.698
0.000730008     272.508
0.000625025     233.319
0.000520042     194.129
0.000415059     154.939
0.000310076     115.75
0.000205093     76.5602
0.00010011     37.3705
-4.87308e-06     -1.8191
-0.000109856     -41.0087
-0.000214839     -80.1983
-0.000319822     -119.388
-0.000424805     -158.578
-0.000529788     -197.767
-0.000634771     -236.957
-0.000739754     -276.146
-0.000844737     -315.336
-0.00094972     -354.526
-0.0010547     -393.715
-0.00115969     -432.905
-0.00126467     -472.095
-0.00136965     -511.284
-0.00140518     -524.545
-0.00140789     -525.559
-0.00141061     -526.572
-0.00141332     -527.585
-0.00141603     -528.598
-0.00141875     -529.611
-0.00142146     -530.625
-0.00142418     -531.638
-0.00142689     -532.651
-0.0014296     -533.664
-0.00143232     -534.677
-0.00143503     -535.69
-0.00143775     -536.704
-0.00144046     -537.717
-0.00144318     -538.73
-0.00144589     -539.743
-0.0014486     -540.756
-0.00145132     -541.77
-0.00145403     -542.783
-0.00145675     -543.796
-0.00145946     -544.809
-0.00146218     -545.822
-0.00146489     -546.836
-0.00134241     -501.114
-0.00121993     -455.393
-0.00109745     -409.672
-0.000974969     -363.951
-0.000852488     -318.229
-0.000730008     -272.508
-0.000607528     -226.787
-0.000485048     -181.066
-0.000362568     -135.345
-0.000240087     -89.6234
-0.000117607     -43.9021
4.87308e-06     1.8191
0.000127353     47.5403
0.000249834     93.2616
0.000372314     138.983
0.000494794     184.704
0.000617274     230.425
0.000739754     276.146
0.000862235     321.868
0.000984715     367.589
0.00110719     413.31
0.00122968     459.031
0.00135216     504.753
0.00140518     524.545
0.00140834     525.727
0.00141151     526.909
0.00141468     528.092
0.00141784     529.274
0.00142101     530.456
0.00142418     531.638
0.00142734     532.82
0.00143051     534.002
0.00143368     535.184
0.00143684     536.366
0.00144001     537.548
0.00144318     538.73
0.00144634     539.912
0.00144951     541.094
0.00145268     542.276
0.00145584     543.458
0.00145901     544.64
0.00146218     545.822
0.00146534     547.005
0.00146851     548.187
0.00147167     549.369
0.00147484     550.551
0.00147801     551.733
0.00148117     552.915
0.00148434     554.097
0.00148751     555.279
0.00134753     503.026
0.00120755     450.773
0.00106758     398.52
0.000927598     346.268
0.000787621     294.015
0.000647643     241.762
0.000507666     189.509
0.000367689     137.256
0.000227711     85.0034
8.77339e-05     32.7506
-5.22435e-05     -19.5022
-0.000192221     -71.7551
-0.000332198     -124.008
-0.000472176     -176.261
-0.000612153     -228.514
-0.00075213     -280.766
-0.000892108     -333.019
-0.00103209     -385.272
-0.00117206     -437.525
-0.00131204     -489.778
-0.00138256     -516.102
-0.00138618     -517.453
-0.0013898     -518.804
-0.00139342     -520.155
-0.00139703     -521.506
-0.00140065     -522.857
-0.00140427     -524.208
-0.00140789     -525.559
-0.00141151     -526.909
-0.00141513     -528.26
-0.00141875     -529.611
-0.00142237     -530.962
-0.00142599     -532.313
-0.0014296     -533.664
-0.00143322     -535.015
-0.00143684     -536.366
-0.00144046     -537.717
-0.00144408     -539.068
-0.0014477     -540.419
-0.00145132     -541.77
-0.00145494     -543.121
-0.00145856     -544.471
-0.00146218     -545.822
-0.00146579     -547.173
-0.00146941     -548.524
-0.00147303     -549.875
-0.00147665     -551.226
-0.00148027     -552.577
-0.00148389     -553.928
-0.00148751     -555.279
-0.00134753     -503.026
-0.00120755     -450.773
-0.00106758     -398.52
-0.000927598     -346.268
-0.000787621     -294.015
-0.000647643     -241.762
-0.000507666     -189.509
-0.000367689     -137.256
-0.000227711     -85.0034
-8.77339e-05     -32.7506
5.22435e-05     19.5022
0.000192221     71.7551
0.000332198     124.008
0.000472176     176.261
0.000612153     228.514
0.00075213     280.766
0.000892108     333.019
0.00103209     385.272
0.00117206     437.525
0.00131204     489.778
0.00138256     516.102
0.00138618     517.453
0.0013898     518.804
0.00139342     520.155
0.00139703     521.506
0.00140065     522.857
0.00140427     524.208
0.00140789     525.559
0.00141151     526.909
0.00141513     528.26
0.00141875     529.611
0.00142237     530.962
0.00142599     532.313
0.0014296     533.664
0.00143322     535.015
0.00143684     536.366
0.00144046     537.717
0.00144408     539.068
0.0014477     540.419
0.00145132     541.77
0.00145494     543.121
0.00145856     544.471
0.00146218     545.822
0.00146579     547.173
0.00146941     548.524
0.00147303     549.875
0.00147665     551.226
0.00148027     552.577
0.00148389     553.928
0.00148751     555.279
0.00134753     503.026
0.00120755     450.773
0.00106758     398.52
0.000927598     346.268
0.000787621     294.015
0.000647643     241.762
0.000507666     189.509
0.000367689     137.256
0.000227711     85.0034
8.77339e-05     32.7506
-5.22435e-05     -19.5022
-0.000192221     -71.7551
-0.000332198     -124.008
-0.000472176     -176.261
-0.000612153     -228.514
-0.00075213     -280.766
-0.000892108     -333.019
-0.00103209     -385.272
-0.00117206     -437.525
-0.00131204     -489.778
-0.00138256     -516.102
-0.00138618     -517.453
-0.0013898     -518.804
-0.00139342     -520.155
-0.00139703     -521.506
-0.00140065     -522.857
-0.00140427     -524.208
-0.00140789     -525.559
-0.00141151     -526.909
-0.00141513     -528.26
-0.00141875     -529.611
-0.00142237     -530.962
-0.00142599     -532.313
-0.0014296     -533.664
-0.00143322     -535.015
-0.00143684     -536.366
-0.00144046     -537.717
-0.00144408     -539.068
-0.0014477     -540.419
-0.00145132     -541.77
-0.00145494     -543.121
-0.00145856     -544.471
-0.00146218     -545.822
-0.00146579     -547.173
-0.00146941     -548.524
-0.00147303     -549.875
-0.00147665     -551.226
-0.00148027     -552.577
-0.00148389     -553.928
-0.00148751     -555.279
-0.00133003     -496.494
-0.00117256     -437.71
-0.00101508     -378.926
-0.000857609     -320.141
-0.000700135     -261.357
-0.00054266     -202.572
-0.000385186     -143.788
-0.000227711     -85.0034
-7.02367e-05     -26.219
8.72379e-05     32.5654
0.000244712     91.3499
0.000402187     150.134
0.000559662     208.919
0.000717136     267.703
0.000874611     326.488
0.00103209     385.272
0.00118956     444.056
0.00134703     502.841
0.00138392     516.609
0.00138799     518.128
0.00139206     519.648
0.00139613     521.168
0.0014002     522.688
0.00140427     524.208
0.00140834     525.727
0.00141242     527.247
0.00141649     528.767
0.00142056     530.287
0.00142463     531.807
0.0014287     533.326
0.00143277     534.846
0.00143684     536.366
0.00144091     537.886
0.00144499     539.406
0.00144906     540.925
0.00145313     542.445
0.0014572     543.965
0.00146127     545.485
0.00146534     547.005
0.00146941     548.524
0.00147348     550.044
0.00147756     551.564
0.00148163     553.084
0.0014857     554.603
0.00148977     556.123
0.00149384     557.643
0.00149791     559.163
0.00150198     560.683
0.00150605     562.202
0.00151013     563.722
0.00133515     498.406
0.00116018     433.09
0.000985211     367.774
0.000810239     302.458
0.000635267     237.142
0.000460296     171.826
0.000285324     106.51
0.000110352     41.1939
-6.46196e-05     -24.1222
-0.000239591     -89.4382
-0.000414563     -154.754
-0.000589535     -220.07
-0.000764507     -285.386
-0.000939478     -350.702
-0.00111445     -416.018
-0.00128942     -481.334
-0.00136085     -507.997
-0.00136537     -509.685
-0.00136989     -511.374
-0.00137442     -513.062
-0.00137894     -514.751
-0.00138346     -516.44
-0.00138799     -518.128
-0.00139251     -519.817
-0.00139703     -521.506
-0.00140156     -523.194
-0.00140608     -524.883
-0.00141061     -526.572
-0.00141513     -528.26
-0.00141965     -529.949
-0.00142418     -531.638
-0.0014287     -533.326
-0.00143322     -535.015
-0.00143775     -536.704
-0.00144227     -538.392
-0.00144679     -540.081
-0.00145132     -541.77
-0.00145584     -543.458
-0.00146037     -545.147
-0.00146489     -546.836
-0.00146941     -548.524
-0.00147394     -550.213
-0.00147846     -551.902
-0.00148298     -553.59
-0.00148751     -555.279
-0.00149203     -556.968
-0.00149655     -558.656
-0.00150108     -560.345
-0.0015056     -562.034
-0.00151013     -563.722
-0.00133515     -498.406
-0.00116018     -433.09
-0.000985211     -367.774
-0.000810239     -302.458
-0.000635267     -237.142
-0.000460296     -171.826
-0.000285324     -106.51
-0.000110352     -41.1939
6.46196e-05     24.1222
0.000239591     89.4382
0.000414563     154.754
0.000589535     220.07
0.000764507     285.386
0.000939478     350.702
0.00111445     416.018
0.00128942     481.334
0.00136085     507.997
0.00136537     509.685
0.00136989     511.374
0.00137442     513.062
0.00137894     514.751
0.00138346     516.44
0.00138799     518.128
0.00139251     519.817
0.00139703     521.506
0.00140156     523.194
0.00140608     524.883
0.00141061     526.572
0.00141513     528.26
0.00141965     529.949
0.00142418     531.638
0.0014287     533.326
0.00143322     535.015
0.00143775     536.704
0.00144227     538.392
0.00144679     540.081
0.00145132     541.77
0.00145584     543.458
0.00146037     545.147
0.00146489     546.836
0.00146941     548.524
0.00147394     550.213
0.00147846     551.902
0.00148298     553.59
0.00148751     555.279
0.00149203     556.968
0.00149655     558.656
0.00150108     560.345
0.0015056     562.034
0.00151013     563.722
0.00133515     498.406
0.00116018     433.09
0.000985211     367.774
0.000810239     302.458
0.000635267     237.142
0.000460296     171.826
0.000285324     106.51
0.000110352     41.1939
-6.46196e-05     -24.1222
-0.000239591     -89.4382
-0.000414563     -154.754
-0.000589535     -220.07
-0.000764507     -285.386
-0.000939478     -350.702
-0.00111445     -416.018
-0.00128942     -481.334
-0.00136085     -507.997
-0.00136537     -509.685
-0.00136989     -511.374
-0.00137442     -513.062
-0.00137894     -514.751
-0.00138346     -516.44
-0.00138799     -518.128
-0.00139251     -519.817
-0.00139703     -521.506
-0.00140156     -523.194
-0.00140608     -524.883
-0.00141061     -526.572
-0.00141513     -528.26
-0.00141965     -529.949
-0.00142418     -531.638
-0.0014287     -533.326
-0.00143322     -535.015
-0.00143775     -536.704
-0.00144227     -538.392
-0.00144679     -540.081
-0.00145132     -541.77
-0.00145584     -543.458
-0.00146037     -545.147
-0.00146489     -546.836
-0.00146941     -548.524
-0.00147394     -550.213
-0.00147846     -551.902
-0.00148298     -553.59
-0.00148751     -555.279
-0.00149203     -556.968
-0.00149655     -558.656
-0.00150108     -560.345
-0.0015056     -562.034
-0.00151013     -563.722
-0.00142264     -531.064
-0.00133515     -498.406
-0.00124767     -465.748
-0.00116018     -433.09
-0.0010727     -400.432
-0.000985211     -367.774
-0.000897725     -335.116
-0.000810239     -302.458
-0.000722753     -269.8
-0.000635267     -237.142
-0.000547781     -204.484
-0.000460296     -171.826
-0.00037281     -139.168
-0.000285324     -106.51
-0.000197838     -73.8519
-0.000110352     -41.1939
-2.28663e-05     -8.53586
6.46196e-05     24.1222
0.000152105     56.7802
0.000239591     89.4382
0.000327077     122.096
0.000414563     154.754
0.000502049     187.412
0.000589535     220.07
0.000677021     252.728
0.000764507     285.386
0.000851992     318.044
0.000939478     350.702
0.00102696     383.36
0.00111445     416.018
0.00120194     448.676
0.00128942     481.334
0.00135858     507.152
0.00136085     507.997
0.00136311     508.841
0.00136537     509.685
0.00136763     510.53
0.00136989     511.374
0.00137215     512.218
0.00137442     513.062
0.00137668     513.907
0.00137894     514.751
0.0013812     515.596
0.00138346     516.44
0.00138573     517.284
0.00138799     518.128
0.00139025     518.973
0.00139251     519.817
0.00139477     520.661
0.00139703     521.506
