L_Link_disp     L_Link_shear
0     0
-3.38932e-05     -22.1609
-6.77864e-05     -44.3219
-0.00010168     -66.4828
-0.000135573     -88.6437
-0.000169466     -110.805
-0.000203359     -132.966
-0.000237252     -155.126
-0.000271145     -177.287
-0.000305039     -199.448
-0.000338932     -221.609
-0.000372825     -243.77
-0.000406718     -265.931
-0.000440611     -288.092
-0.000474505     -310.253
-0.000508398     -332.414
-0.000542291     -354.575
-0.000576184     -376.736
-0.000610077     -398.897
-0.000643971     -421.058
-0.000677864     -443.219
-0.000711757     -465.38
-0.00074565     -487.54
-0.000779543     -509.701
-0.000813436     -531.862
-0.00084733     -554.023
-0.000881223     -576.184
-0.000915116     -598.345
-0.000949009     -620.506
-0.000982902     -642.667
-0.0010168     -664.828
-0.00105069     -686.989
-0.00108458     -709.15
-0.00111848     -731.311
-0.00115237     -753.472
-0.00118626     -775.633
-0.00122015     -797.793
-0.00125405     -819.954
-0.00128794     -842.115
-0.00132183     -864.276
-0.00135573     -886.437
-0.00138962     -908.598
-0.00142351     -930.759
-0.00145741     -952.92
-0.0014913     -975.081
-0.00152519     -997.242
-0.00155909     -1019.4
-0.00159298     -1041.56
-0.00162687     -1063.72
-0.00166077     -1085.89
-0.00169466     -1108.05
-0.00172855     -1130.21
-0.00176245     -1152.37
-0.00179634     -1174.53
-0.00183023     -1196.69
-0.00186413     -1218.85
-0.00189802     -1241.01
-0.00193191     -1263.17
-0.0019658     -1285.33
-0.0019997     -1307.49
-0.00203359     -1329.66
-0.00206748     -1351.82
-0.00210138     -1373.98
-0.00213527     -1396.14
-0.00216916     -1418.3
-0.00220306     -1440.46
-0.00223695     -1462.62
-0.00227084     -1484.78
-0.00230474     -1506.94
-0.00233863     -1529.1
-0.00237252     -1551.27
-0.00240642     -1573.43
-0.00244031     -1595.59
-0.0024742     -1617.75
-0.0025081     -1639.91
-0.00254199     -1662.07
-0.00257588     -1684.23
-0.00260978     -1706.39
-0.00264367     -1728.55
-0.00267756     -1750.71
-0.00278979     -1769.83
-0.00300831     -1784.8
-0.00328759     -1797.42
-0.0036073     -1808.46
-0.00395641     -1818.36
-0.00432811     -1827.37
-0.00471776     -1835.69
-0.00510849     -1843.17
-0.00549314     -1849.9
-0.00587299     -1856.04
-0.00624896     -1861.72
-0.00662173     -1867.02
-0.00699177     -1871.99
-0.00735948     -1876.69
-0.00772513     -1881.15
-0.00808898     -1885.41
-0.00845122     -1889.47
-0.008812     -1893.37
-0.00917147     -1897.12
-0.00952973     -1900.73
-0.0098869     -1904.21
-0.00981911     -1859.89
-0.00975132     -1815.57
-0.00968354     -1771.25
-0.00961575     -1726.92
-0.00954796     -1682.6
-0.00948018     -1638.28
-0.00941239     -1593.96
-0.0093446     -1549.64
-0.00927682     -1505.31
-0.00920903     -1460.99
-0.00914124     -1416.67
-0.00907346     -1372.35
-0.00900567     -1328.03
-0.00893789     -1283.71
-0.0088701     -1239.38
-0.00880231     -1195.06
-0.00873453     -1150.74
-0.00866674     -1106.42
-0.00859895     -1062.1
-0.00853117     -1017.77
-0.00846338     -973.453
-0.00839559     -929.131
-0.00832781     -884.809
-0.00826002     -840.487
-0.00819224     -796.165
-0.00812445     -751.843
-0.00805666     -707.521
-0.00798888     -663.2
-0.00792109     -618.878
-0.0078533     -574.556
-0.00778552     -530.234
-0.00771773     -485.912
-0.00764994     -441.59
-0.00758216     -397.268
-0.00751437     -352.947
-0.00744659     -308.625
-0.0073788     -264.303
-0.00731101     -219.981
-0.00724323     -175.659
-0.00717544     -131.337
-0.00710765     -87.0154
-0.00703987     -42.6935
-0.00697208     1.62835
-0.00690429     45.9502
-0.00683651     90.2721
-0.00676872     134.594
-0.00670094     178.916
-0.00663315     223.238
-0.00656536     267.56
-0.00649758     311.881
-0.00642979     356.203
-0.006362     400.525
-0.00629422     444.847
-0.00622643     489.169
-0.00615864     533.491
-0.00609086     577.812
-0.00602307     622.134
-0.00595529     666.456
-0.0058875     710.778
-0.00581971     755.1
-0.00575193     799.422
-0.00568414     843.744
-0.00561635     888.065
-0.00554857     932.387
-0.00548078     976.709
-0.00541299     1021.03
-0.00534521     1065.35
-0.00527742     1109.67
-0.00520964     1154
-0.00514185     1198.32
-0.00507406     1242.64
-0.00500628     1286.96
-0.00493849     1331.28
-0.0048707     1375.61
-0.00480292     1419.93
-0.00473513     1464.25
-0.00466734     1508.57
-0.00459956     1552.89
-0.00453177     1597.22
-0.00424784     1633.13
-0.00371173     1659.23
-0.00305071     1680.47
-0.00231181     1698.68
-0.00151846     1714.77
-0.000684274     1729.28
0.000181982     1742.54
0.00107429     1754.78
0.00197071     1765.97
0.00283834     1775.95
0.00368314     1785
0.00450986     1793.32
0.00532184     1801.05
0.00612151     1808.28
0.0069107     1815.09
0.00769085     1821.54
0.00846307     1827.66
0.00922829     1833.5
0.00998726     1839.09
0.0107406     1844.45
0.0114889     1849.61
0.0114211     1805.28
0.0113533     1760.96
0.0112855     1716.64
0.0112177     1672.32
0.0111499     1628
0.0110821     1583.68
0.0110144     1539.35
0.0109466     1495.03
0.0108788     1450.71
0.010811     1406.39
0.0107432     1362.07
0.0106754     1317.74
0.0106076     1273.42
0.0105399     1229.1
0.0104721     1184.78
0.0104043     1140.46
0.0103365     1096.13
0.0102687     1051.81
0.0102009     1007.49
0.0101331     963.169
0.0100653     918.847
0.00999756     874.526
0.00992978     830.204
0.00986199     785.882
0.0097942     741.56
0.00972642     697.238
0.00965863     652.916
0.00959084     608.594
0.00952306     564.273
0.00945527     519.951
0.00938749     475.629
0.0093197     431.307
0.00925191     386.985
0.00918413     342.663
0.00911634     298.341
0.00904855     254.02
0.00898077     209.698
0.00891298     165.376
0.00884519     121.054
0.00877741     76.7322
0.00870962     32.4103
0.00864184     -11.9116
0.00857405     -56.2334
0.00850626     -100.555
0.00843848     -144.877
0.00837069     -189.199
0.0083029     -233.521
0.00823512     -277.843
0.00816733     -322.165
0.00809954     -366.486
0.00803176     -410.808
0.00796397     -455.13
0.00789618     -499.452
0.0078284     -543.774
0.00776061     -588.096
0.00769283     -632.418
0.00762504     -676.739
0.00755725     -721.061
0.00748947     -765.383
0.00742168     -809.705
0.00735389     -854.027
0.00728611     -898.349
0.00721832     -942.671
0.00715054     -986.992
0.00708275     -1031.31
0.00701496     -1075.64
0.00694718     -1119.96
0.00687939     -1164.28
0.0068116     -1208.6
0.00674382     -1252.92
0.00667603     -1297.25
0.00660824     -1341.57
0.00654046     -1385.89
0.00647267     -1430.21
0.00640489     -1474.53
0.0063371     -1518.85
0.00626931     -1563.18
0.00620153     -1607.5
0.00613374     -1651.82
0.00583695     -1687.23
0.00528125     -1712.57
0.00460089     -1733.06
0.00384372     -1750.56
0.00303318     -1765.99
0.00218279     -1779.86
0.00130118     -1792.52
0.00039427     -1804.19
-0.000527227     -1814.98
-0.00142201     -1824.62
-0.0022906     -1833.32
-0.00313857     -1841.3
-0.00396984     -1848.69
-0.00478723     -1855.59
-0.00559285     -1862.08
-0.00638834     -1868.21
-0.00717499     -1874.03
-0.00795384     -1879.57
-0.00872573     -1884.86
-0.00949139     -1889.94
-0.0102514     -1894.81
-0.0101836     -1850.49
-0.0101158     -1806.17
-0.010048     -1761.85
-0.00998025     -1717.53
-0.00991246     -1673.2
-0.00984468     -1628.88
-0.00977689     -1584.56
-0.0097091     -1540.24
-0.00964132     -1495.92
-0.00957353     -1451.6
-0.00950575     -1407.27
-0.00943796     -1362.95
-0.00937017     -1318.63
-0.00930239     -1274.31
-0.0092346     -1229.99
-0.00916681     -1185.66
-0.00909903     -1141.34
-0.00903124     -1097.02
-0.00896345     -1052.7
-0.00889567     -1008.38
-0.00882788     -964.055
-0.0087601     -919.733
-0.00869231     -875.411
-0.00862452     -831.089
-0.00855674     -786.768
-0.00848895     -742.446
-0.00842116     -698.124
-0.00835338     -653.802
-0.00828559     -609.48
-0.0082178     -565.158
-0.00815002     -520.836
-0.00808223     -476.515
-0.00801445     -432.193
-0.00794666     -387.871
-0.00787887     -343.549
-0.00781109     -299.227
-0.0077433     -254.905
-0.00767551     -210.583
-0.00760773     -166.262
-0.00753994     -121.94
-0.00747215     -77.6179
-0.00740437     -33.296
-0.00733658     11.0258
-0.0072688     55.3477
-0.00720101     99.6695
-0.00713322     143.991
-0.00706544     188.313
-0.00699765     232.635
-0.00692986     276.957
-0.00686208     321.279
-0.00679429     365.601
-0.0067265     409.923
-0.00665872     454.244
-0.00659093     498.566
-0.00652314     542.888
-0.00645536     587.21
-0.00638757     631.532
-0.00631979     675.854
-0.006252     720.176
-0.00618421     764.497
-0.00611643     808.819
-0.00604864     853.141
-0.00598085     897.463
-0.00591307     941.785
-0.00584528     986.107
-0.00577749     1030.43
-0.00570971     1074.75
-0.00564192     1119.07
-0.00557414     1163.39
-0.00550635     1207.72
-0.00543856     1252.04
-0.00537078     1296.36
-0.00530299     1340.68
-0.0052352     1385
-0.00516742     1429.33
-0.00509963     1473.65
-0.00503185     1517.97
-0.00496406     1562.29
-0.00489627     1606.61
-0.00461024     1642.44
-0.00407088     1668.42
-0.00340662     1689.53
-0.00266467     1707.63
-0.00186843     1723.61
-0.00103153     1738.01
-0.000162688     1751.16
0.000732075     1763.31
0.00163299     1774.43
0.00250508     1784.36
0.00335385     1793.35
0.00418416     1801.62
0.00499944     1809.29
0.00580218     1816.47
0.00659424     1823.22
0.0073771     1829.61
0.00815189     1835.69
0.00891955     1841.48
0.00968086     1847.02
0.0104364     1852.33
0.0111869     1857.44
0.0110852     1790.96
0.0109835     1724.48
0.0108818     1657.99
0.0107801     1591.51
0.0106785     1525.03
0.0105768     1458.55
0.0104751     1392.06
0.0103734     1325.58
0.0102717     1259.1
0.0101701     1192.61
0.0100684     1126.13
0.0099667     1059.65
0.00986502     993.166
0.00976334     926.683
0.00966166     860.2
0.00955998     793.717
0.0094583     727.235
0.00935662     660.752
0.00925494     594.269
0.00915326     527.786
0.00905158     461.303
0.0089499     394.821
0.00884822     328.338
0.00874654     261.855
0.00864486     195.372
0.00854318     128.89
0.00844151     62.4068
0.00833983     -4.076
0.00823815     -70.5588
0.00813647     -137.042
0.00803479     -203.524
0.00793311     -270.007
0.00783143     -336.49
0.00772975     -402.973
0.00762807     -469.456
0.00752639     -535.938
0.00742471     -602.421
0.00732303     -668.904
0.00722135     -735.387
0.00711967     -801.869
0.00701799     -868.352
0.00691631     -934.835
0.00681463     -1001.32
0.00671295     -1067.8
0.00661127     -1134.28
0.00650959     -1200.77
0.00640791     -1267.25
0.00630623     -1333.73
0.00620455     -1400.21
0.00610287     -1466.7
0.0060012     -1533.18
0.00589952     -1599.66
0.00573813     -1663.82
0.00499055     -1705.18
0.00394448     -1734.92
0.0027517     -1758.95
0.00146759     -1779.43
0.000119611     -1797.42
-0.00124687     -1813.24
-0.0025531     -1826.7
-0.00381373     -1838.5
-0.00504063     -1849.1
-0.00624141     -1858.75
-0.00742118     -1867.65
-0.00858362     -1875.93
-0.00973144     -1883.68
-0.0108667     -1890.98
-0.0119911     -1897.89
-0.0131059     -1904.45
-0.0142121     -1910.7
-0.0153108     -1916.67
-0.0164025     -1922.4
-0.017488     -1927.89
-0.0185677     -1933.18
-0.0196423     -1938.28
-0.020712     -1943.21
-0.0217772     -1947.97
-0.0228384     -1952.58
-0.0238956     -1957.05
-0.0249492     -1961.38
-0.0259995     -1965.59
-0.0270466     -1969.69
-0.0280907     -1973.67
-0.029132     -1977.55
-0.0301707     -1981.33
-0.0312068     -1985.02
-0.0322405     -1988.62
-0.033272     -1992.14
-0.0343013     -1995.57
-0.0353286     -1998.93
-0.0363539     -2002.22
-0.0373773     -2005.43
-0.0383989     -2008.58
-0.0394188     -2011.66
-0.0404371     -2014.68
-0.0414538     -2017.64
-0.042469     -2020.55
-0.0434827     -2023.39
-0.0444951     -2026.19
-0.0455061     -2028.93
-0.0453705     -1940.29
-0.0452349     -1851.65
-0.0450994     -1763
-0.0449638     -1674.36
-0.0448282     -1585.72
-0.0446926     -1497.07
-0.0445571     -1408.43
-0.0444215     -1319.78
-0.0442859     -1231.14
-0.0441503     -1142.5
-0.0440148     -1053.85
-0.0438792     -965.21
-0.0437436     -876.566
-0.0436081     -787.922
-0.0434725     -699.279
-0.0433369     -610.635
-0.0432013     -521.991
-0.0430658     -433.347
-0.0429302     -344.704
-0.0427946     -256.06
-0.042659     -167.416
-0.0425235     -78.7726
-0.0423879     9.87113
-0.0422523     98.5148
-0.0421168     187.159
-0.0419812     275.802
-0.0418456     364.446
-0.04171     453.09
-0.0415745     541.733
-0.0414389     630.377
-0.0413033     719.021
-0.0411678     807.665
-0.0410322     896.308
-0.0408966     984.952
-0.040761     1073.6
-0.0406255     1162.24
-0.0404899     1250.88
-0.0403543     1339.53
-0.0402187     1428.17
-0.0398984     1509.63
-0.038784     1560.19
-0.037327     1597.42
-0.0356933     1627.77
-0.0339931     1653.14
-0.0323614     1673.84
-0.0307793     1691.54
-0.0292323     1707.16
-0.0277115     1721.24
-0.0262115     1734.1
-0.0247283     1745.97
-0.0232592     1757.03
-0.021802     1767.39
-0.0203551     1777.16
-0.0189173     1786.4
-0.0174875     1795.18
-0.0160649     1803.55
-0.0146487     1811.55
-0.0132384     1819.21
-0.0118334     1826.57
-0.0104333     1833.66
-0.00903773     1840.48
-0.00764632     1847.07
-0.00625878     1853.44
-0.00487486     1859.6
-0.00349432     1865.58
-0.00211695     1871.37
-0.000742553     1877
0.000629036     1882.47
0.00199797     1887.79
0.00336441     1892.97
0.00472846     1898.02
0.00609025     1902.94
0.0074499     1907.74
0.00880749     1912.42
0.0101631     1917
0.0115169     1921.48
0.0128689     1925.85
0.0142192     1930.13
0.0155678     1934.32
0.0169149     1938.42
0.0182604     1942.44
0.0196045     1946.37
0.0209472     1950.23
0.0222885     1954.02
0.0236286     1957.73
0.0249674     1961.37
0.0263049     1964.95
0.0276413     1968.46
0.0289766     1971.91
0.0303107     1975.29
0.0316438     1978.62
0.0329759     1981.9
0.0343069     1985.12
0.035637     1988.28
0.0369662     1991.39
0.0382944     1994.46
0.0396217     1997.47
0.0409482     2000.44
0.0422738     2003.36
0.0435987     2006.23
0.0434631     1917.59
0.0433275     1828.95
0.0431919     1740.3
0.0430564     1651.66
0.0429208     1563.01
0.0427852     1474.37
0.0426497     1385.73
0.0425141     1297.08
0.0423785     1208.44
0.0422429     1119.8
0.0421074     1031.15
0.0419718     942.509
0.0418362     853.865
0.0417006     765.221
0.0415651     676.577
0.0414295     587.934
0.0412939     499.29
0.0411584     410.646
0.0410228     322.003
0.0408872     233.359
0.0407516     144.715
0.0406161     56.0714
0.0404805     -32.5723
0.0403449     -121.216
0.0402093     -209.86
0.0400738     -298.503
0.0399382     -387.147
0.0398026     -475.791
0.0396671     -564.435
0.0395315     -653.078
0.0393959     -741.722
0.0392603     -830.366
0.0391248     -919.009
0.0389892     -1007.65
0.0388536     -1096.3
0.038718     -1184.94
0.0385825     -1273.58
0.0384469     -1362.23
0.0383113     -1450.87
0.0379871     -1532.18
0.0368594     -1582.22
0.0353896     -1618.95
0.0337444     -1648.86
0.0320293     -1673.9
0.030387     -1694.27
0.0287988     -1711.65
0.0272484     -1726.96
0.0257263     -1740.74
0.0242264     -1753.32
0.0227444     -1764.92
0.0212774     -1775.73
0.0198231     -1785.85
0.0183797     -1795.38
0.0169459     -1804.4
0.0155205     -1812.97
0.0141026     -1821.13
0.0126915     -1828.93
0.0112865     -1836.41
0.00988713     -1843.58
0.00849284     -1850.49
0.00710325     -1857.14
0.00571799     -1863.56
0.00433676     -1869.76
0.00295927     -1875.77
0.00158527     -1881.59
0.000214549     -1887.23
-0.0011531     -1892.71
-0.00251787     -1898.04
-0.0038799     -1903.22
-0.00523937     -1908.26
-0.00659639     -1913.17
-0.00795111     -1917.96
-0.00930363     -1922.63
-0.0106541     -1927.19
-0.0120025     -1931.65
-0.013349     -1936
-0.0146938     -1940.26
-0.0160367     -1944.42
-0.0173781     -1948.49
-0.0187178     -1952.48
-0.020056     -1956.39
-0.0213927     -1960.22
-0.022728     -1963.97
-0.024062     -1967.65
-0.0253947     -1971.26
-0.026726     -1974.8
-0.0280562     -1978.27
-0.0293852     -1981.69
-0.0307131     -1985.04
-0.0320398     -1988.33
-0.0333655     -1991.57
-0.0346902     -1994.75
-0.0360139     -1997.87
-0.0373366     -2000.95
-0.0386584     -2003.97
-0.0399793     -2006.95
-0.0412993     -2009.87
-0.0426184     -2012.76
-0.0439367     -2015.59
-0.0452543     -2018.38
-0.0451187     -1929.74
-0.0449831     -1841.1
-0.0448475     -1752.45
-0.044712     -1663.81
-0.0445764     -1575.17
-0.0444408     -1486.52
-0.0443053     -1397.88
-0.0441697     -1309.23
-0.0440341     -1220.59
-0.0438985     -1131.95
-0.043763     -1043.3
-0.0436274     -954.659
-0.0434918     -866.015
-0.0433562     -777.372
-0.0432207     -688.728
-0.0430851     -600.084
-0.0429495     -511.441
-0.042814     -422.797
-0.0426784     -334.153
-0.0425428     -245.509
-0.0424072     -156.866
-0.0422717     -68.222
-0.0421361     20.4217
-0.0420005     109.065
-0.0418649     197.709
-0.0417294     286.353
-0.0415938     374.997
-0.0414582     463.64
-0.0413227     552.284
-0.0411871     640.928
-0.0410515     729.571
-0.0409159     818.215
-0.0407804     906.859
-0.0406448     995.503
-0.0405092     1084.15
-0.0403736     1172.79
-0.0402381     1261.43
-0.0401025     1350.08
-0.0399669     1438.72
-0.0396448     1520.11
-0.0385243     1570.43
-0.0370613     1607.43
-0.0354223     1637.58
-0.033715     1662.8
-0.0320773     1683.36
-0.0304907     1700.93
-0.0289401     1716.42
-0.0274165     1730.37
-0.0259142     1743.12
-0.0244291     1754.88
-0.0229584     1765.83
-0.0215     1776.1
-0.0200521     1785.77
-0.0186134     1794.92
-0.017183     1803.61
-0.0157598     1811.89
-0.0143432     1819.81
-0.0129326     1827.39
-0.0115275     1834.68
-0.0101273     1841.68
-0.0087317     1848.43
-0.00734036     1854.95
-0.00595297     1861.25
-0.00456925     1867.35
-0.00318896     1873.25
-0.0018119     1878.98
-0.000437862     1884.55
0.000933325     1889.95
0.00230182     1895.21
0.00366777     1900.34
0.0050313     1905.32
0.00639255     1910.19
0.00775161     1914.93
0.0091086     1919.56
0.0104636     1924.09
0.0118167     1928.51
0.013168     1932.83
0.0145176     1937.06
0.0158655     1941.2
0.0172118     1945.25
0.0185566     1949.22
0.0198999     1953.1
0.0212418     1956.92
0.0225823     1960.65
0.0239216     1964.32
0.0252595     1967.92
0.0265962     1971.45
0.0279317     1974.92
0.0292661     1978.32
0.0305994     1981.67
0.0319316     1984.95
0.0332628     1988.18
0.0345929     1991.36
0.0359221     1994.48
0.0372503     1997.56
0.0385776     2000.58
0.039904     2003.55
0.0412295     2006.48
0.0425542     2009.36
0.0438781     2012.2
0.0437086     1901.4
0.0435392     1790.59
0.0433697     1679.79
0.0432002     1568.98
0.0430308     1458.18
0.0428613     1347.37
0.0426918     1236.57
0.0425224     1125.77
0.0423529     1014.96
0.0421834     904.156
0.042014     793.351
0.0418445     682.547
0.041675     571.742
0.0415056     460.937
0.0413361     350.133
0.0411666     239.328
0.0409972     128.523
0.0408277     17.7188
0.0406582     -93.0858
0.0404888     -203.89
0.0403193     -314.695
0.0401498     -425.5
0.0399804     -536.304
0.0398109     -647.109
0.0396414     -757.914
0.039472     -868.718
0.0393025     -979.523
0.039133     -1090.33
0.0389636     -1201.13
0.0387941     -1311.94
0.0386246     -1422.74
0.0382722     -1526.43
0.0368054     -1586.76
0.0348797     -1629.23
0.0327512     -1662.96
0.0306918     -1689.17
0.0287155     -1710.64
0.0267933     -1729.1
0.0249095     -1745.43
0.0230549     -1760.16
0.0212234     -1773.62
0.0194107     -1786.06
0.0176138     -1797.63
0.0158304     -1808.47
0.0140585     -1818.67
0.0122969     -1828.32
0.0105443     -1837.48
0.00879978     -1846.21
0.00706253     -1854.53
0.00533187     -1862.5
0.00360722     -1870.15
0.00188807     -1877.5
0.000174004     -1884.57
-0.00153538     -1891.39
-0.00324041     -1897.97
-0.00494139     -1904.34
-0.00663858     -1910.5
-0.00833223     -1916.47
-0.0100226     -1922.26
-0.0117098     -1927.88
-0.013394     -1933.34
-0.0150754     -1938.65
-0.0167543     -1943.82
-0.0184306     -1948.85
-0.0201045     -1953.76
-0.0217761     -1958.54
-0.0234456     -1963.2
-0.0251131     -1967.76
-0.0267786     -1972.2
-0.0284421     -1976.55
-0.0301039     -1980.8
-0.031764     -1984.95
-0.0334224     -1989.01
-0.0350793     -1992.99
-0.0367346     -1996.89
-0.0383884     -2000.7
-0.0400408     -2004.44
-0.0416919     -2008.1
-0.0433416     -2011.7
-0.0449901     -2015.22
-0.0466373     -2018.68
-0.0482834     -2022.07
-0.0499283     -2025.4
-0.0515721     -2028.66
-0.0532149     -2031.87
-0.0548566     -2035.03
-0.0564973     -2038.13
-0.058137     -2041.17
-0.0597758     -2044.16
-0.0614137     -2047.1
-0.0630507     -2050
-0.0646868     -2052.84
-0.0663221     -2055.64
-0.0679566     -2058.39
-0.0695902     -2061.1
-0.0712231     -2063.77
-0.0728553     -2066.4
-0.0744867     -2068.98
-0.0761175     -2071.52
-0.0777475     -2074.03
-0.0775442     -1941.06
-0.0773408     -1808.1
-0.0771374     -1675.13
-0.0769341     -1542.17
-0.0767307     -1409.2
-0.0765274     -1276.24
-0.076324     -1143.27
-0.0761206     -1010.31
-0.0759173     -877.34
-0.0757139     -744.375
-0.0755106     -611.409
-0.0753072     -478.443
-0.0751038     -345.478
-0.0749005     -212.512
-0.0746971     -79.5467
-0.0744938     53.4189
-0.0742904     186.384
-0.074087     319.35
-0.0738837     452.316
-0.0736803     585.281
-0.073477     718.247
-0.0732736     851.212
-0.0730703     984.178
-0.0728669     1117.14
-0.0726635     1250.11
-0.0724602     1383.07
-0.0716715     1493.27
-0.0696357     1554.94
-0.0671798     1599.98
-0.0647497     1633.5
-0.0624194     1660.03
-0.0601507     1682.43
-0.0579245     1702.02
-0.0557299     1719.53
-0.0535599     1735.44
-0.0514098     1750.05
-0.0492764     1763.59
-0.0471571     1776.23
-0.0450499     1788.09
-0.0429534     1799.27
-0.0408663     1809.86
-0.0387876     1819.92
-0.0367164     1829.5
-0.0346521     1838.65
-0.0325941     1847.42
-0.0305418     1855.82
-0.0284947     1863.9
-0.0264526     1871.68
-0.0244149     1879.18
-0.0223815     1886.42
-0.0203521     1893.41
-0.0183264     1900.18
-0.0163041     1906.74
-0.0142851     1913.1
-0.0122692     1919.27
-0.0102563     1925.26
-0.00824607     1931.09
-0.00623852     1936.75
-0.00423348     1942.27
-0.00223082     1947.64
-0.000230444     1952.88
0.00176776     1957.98
0.00376388     1962.96
0.00575801     1967.82
0.00775023     1972.57
0.00974062     1977.21
0.0117292     1981.74
0.0137162     1986.17
0.0157015     1990.51
0.0176852     1994.75
0.0196674     1998.91
0.0216482     2002.97
0.0236276     2006.96
0.0256056     2010.86
0.0275822     2014.69
0.0295576     2018.44
0.0315318     2022.12
0.0335048     2025.73
0.0354766     2029.27
0.0374474     2032.75
0.039417     2036.16
0.0413855     2039.51
0.0433531     2042.8
0.0453196     2046.04
0.0472852     2049.21
0.0492499     2052.33
0.0512136     2055.4
0.0531764     2058.42
0.0551384     2061.38
0.0570995     2064.3
0.0590599     2067.17
0.0610194     2069.99
0.0629781     2072.77
0.0649361     2075.5
0.0668933     2078.19
0.0688498     2080.83
0.0708056     2083.44
0.0727607     2086
0.0747151     2088.53
0.0766689     2091.02
0.0764656     1958.05
0.0762622     1825.09
0.0760588     1692.12
0.0758555     1559.15
0.0756521     1426.19
0.0754488     1293.22
0.0752454     1160.26
0.075042     1027.29
0.0748387     894.327
0.0746353     761.361
0.074432     628.396
0.0742286     495.43
0.0740253     362.465
0.0738219     229.499
0.0736185     96.5335
0.0734152     -36.432
0.0732118     -169.398
0.0730085     -302.363
0.0728051     -435.329
0.0726017     -568.294
0.0723984     -701.26
0.072195     -834.225
0.0719917     -967.191
0.0717883     -1100.16
0.0715849     -1233.12
0.0713816     -1366.09
0.0705999     -1476.55
0.0685778     -1538.76
0.0661356     -1584.23
0.0637228     -1618.03
0.0614074     -1644.82
0.0591521     -1667.45
0.0569382     -1687.26
0.0547551     -1704.98
0.0525961     -1721.07
0.0504565     -1735.87
0.0483331     -1749.58
0.0462235     -1762.38
0.0441257     -1774.4
0.0420383     -1785.74
0.03996     -1796.47
0.0378899     -1806.67
0.0358271     -1816.4
0.033771     -1825.68
0.031721     -1834.58
0.0296765     -1843.11
0.0276372     -1851.31
0.0256026     -1859.21
0.0235724     -1866.83
0.0215463     -1874.18
0.019524     -1881.29
0.0175053     -1888.18
0.01549     -1894.84
0.0134778     -1901.31
0.0114686     -1907.58
0.00946229     -1913.68
0.00745863     -1919.6
0.00545751     -1925.37
0.00345881     -1930.98
0.00146242     -1936.45
-0.000531783     -1941.78
-0.00252389     -1946.98
-0.00451399     -1952.05
-0.00650217     -1957
-0.00848851     -1961.83
-0.0104731     -1966.56
-0.012456     -1971.18
-0.0144372     -1975.7
-0.0164169     -1980.12
-0.0183951     -1984.45
-0.0203719     -1988.68
-0.0223472     -1992.83
-0.0243212     -1996.9
-0.0262939     -2000.88
-0.0282653     -2004.79
-0.0302356     -2008.61
-0.0322046     -2012.37
-0.0341725     -2016.06
-0.0361393     -2019.67
-0.038105     -2023.22
-0.0400697     -2026.71
-0.0420334     -2030.13
-0.0439961     -2033.49
-0.0459578     -2036.8
-0.0479186     -2040.04
-0.0498786     -2043.23
-0.0518376     -2046.37
-0.0537959     -2049.45
-0.0557533     -2052.49
-0.0577099     -2055.47
-0.0596657     -2058.4
-0.0616207     -2061.29
-0.063575     -2064.13
-0.0655286     -2066.93
-0.0674815     -2069.68
-0.0694337     -2072.39
-0.0713852     -2075.06
-0.0733361     -2077.68
-0.0752864     -2080.27
-0.077236     -2082.82
-0.0770326     -1949.85
-0.0768293     -1816.89
-0.0766259     -1683.92
-0.0764226     -1550.96
-0.0762192     -1417.99
-0.0760158     -1285.02
-0.0758125     -1152.06
-0.0756091     -1019.09
-0.0754058     -886.128
-0.0752024     -753.162
-0.074999     -620.196
-0.0747957     -487.231
-0.0745923     -354.265
-0.074389     -221.3
-0.0741856     -88.3341
-0.0739822     44.6314
-0.0737789     177.597
-0.0735755     310.563
-0.0733722     443.528
-0.0731688     576.494
-0.0729655     709.459
-0.0727621     842.425
-0.0725587     975.39
-0.0723554     1108.36
-0.072152     1241.32
-0.0719487     1374.29
-0.0711636     1484.62
-0.069135     1546.57
-0.0666862     1591.83
-0.0642649     1625.5
-0.0619422     1652.17
-0.0596802     1674.69
-0.0574602     1694.39
-0.0552713     1712.01
-0.0531068     1728.02
-0.0509619     1742.73
-0.0488335     1756.36
-0.0467189     1769.08
-0.0446164     1781.03
-0.0425243     1792.29
-0.0404415     1802.96
-0.038367     1813.09
-0.0362999     1822.74
-0.0342396     1831.97
-0.0321855     1840.8
-0.030137     1849.27
-0.0280937     1857.42
-0.0260552     1865.26
-0.0240212     1872.82
-0.0219913     1880.12
-0.0199653     1887.17
-0.0179429     1894
-0.015924     1900.61
-0.0139083     1907.03
-0.0118957     1913.25
-0.00988588     1919.3
-0.00787883     1925.18
-0.00587437     1930.89
-0.00387236     1936.46
-0.00187271     1941.88
0.000124711     1947.17
0.00211999     1952.32
0.00411324     1957.35
0.00610452     1962.25
0.00809394     1967.05
0.0100816     1971.73
0.0120674     1976.31
0.0140517     1980.79
0.0160343     1985.17
0.0180154     1989.45
0.019995     1993.65
0.0219732     1997.76
0.02395     2001.79
0.0259255     2005.73
0.0278997     2009.6
0.0298726     2013.39
0.0318443     2017.11
0.0338149     2020.76
0.0357843     2024.34
0.0377527     2027.86
0.03972     2031.31
0.0416862     2034.69
0.0436515     2038.02
0.0456157     2041.29
0.0475791     2044.5
0.0495415     2047.66
0.051503     2050.76
0.0534637     2053.81
0.0554235     2056.81
0.0573825     2059.77
0.0593407     2062.67
0.0612981     2065.52
0.0632547     2068.33
0.0652106     2071.1
0.0671658     2073.82
0.0691203     2076.5
0.0710741     2079.14
0.0730272     2081.73
0.0749796     2084.29
0.0769314     2086.81
0.0766942     1931.68
0.0764569     1776.56
0.0762197     1621.43
0.0759824     1466.3
0.0757452     1311.18
0.0755079     1156.05
0.0752707     1000.92
0.0750334     845.798
0.0747962     690.672
0.0745589     535.545
0.0743217     380.419
0.0740844     225.292
0.0738472     70.1656
0.0736099     -84.9609
0.0733727     -240.087
0.0731354     -395.214
0.0728982     -550.34
0.0726609     -705.467
0.0724237     -860.593
0.0721864     -1015.72
0.0719491     -1170.85
0.0717119     -1325.97
0.0711262     -1467.54
0.0688431     -1543.07
0.0659851     -1594.77
0.0632002     -1631.65
0.0605271     -1660.57
0.0579219     -1684.86
0.0553632     -1706.02
0.0528388     -1724.88
0.0503411     -1741.97
0.047865     -1757.63
0.0454068     -1772.12
0.0429638     -1785.62
0.0405339     -1798.26
0.0381154     -1810.16
0.035707     -1821.42
0.0333076     -1832.09
0.0309163     -1842.24
0.0285323     -1851.93
0.026155     -1861.2
0.0237838     -1870.07
0.0214182     -1878.59
0.0190578     -1886.78
0.0167022     -1894.67
0.0143511     -1902.27
0.0120042     -1909.61
0.00966123     -1916.71
0.00732194     -1923.57
0.00498612     -1930.22
0.00265356     -1936.67
0.000324097     -1942.92
-0.00200244     -1948.99
-0.0043262     -1954.9
-0.00664732     -1960.63
-0.00896594     -1966.21
-0.0112822     -1971.65
-0.0135961     -1976.94
-0.0159079     -1982.1
-0.0182175     -1987.13
-0.0205252     -1992.04
-0.022831     -1996.83
-0.0251349     -2001.51
-0.0274371     -2006.08
-0.0297375     -2010.54
-0.0320364     -2014.91
-0.0343336     -2019.18
-0.0366294     -2023.35
-0.0389237     -2027.44
-0.0412166     -2031.44
-0.0435081     -2035.36
-0.0457983     -2039.2
-0.0480872     -2042.96
-0.050375     -2046.64
-0.0526615     -2050.25
-0.0549468     -2053.8
-0.0572311     -2057.27
-0.0595143     -2060.68
-0.0617964     -2064.02
-0.0640775     -2067.3
-0.0663576     -2070.52
-0.0686368     -2073.69
-0.070915     -2076.79
-0.0731924     -2079.84
-0.0754688     -2082.84
-0.0777444     -2085.78
-0.0800192     -2088.67
-0.0822931     -2091.52
-0.0845663     -2094.31
-0.0868387     -2097.06
-0.0891103     -2099.76
-0.0913812     -2102.41
-0.0936514     -2105.03
-0.0959209     -2107.6
-0.0981898     -2110.12
-0.100458     -2112.61
-0.102725     -2115.06
-0.104992     -2117.47
-0.107259     -2119.84
-0.109524     -2122.18
-0.109253     -1944.89
-0.108982     -1767.6
-0.108711     -1590.31
-0.10844     -1413.03
-0.108169     -1235.74
-0.107898     -1058.45
-0.107626     -881.164
-0.107355     -703.877
-0.107084     -526.59
-0.106813     -349.302
-0.106542     -172.015
-0.106271     5.2727
-0.105999     182.56
-0.105728     359.848
-0.105457     537.135
-0.105186     714.422
-0.104915     891.71
-0.104644     1069
-0.104373     1246.28
-0.103953     1417.78
-0.101487     1509.69
-0.0982611     1568.47
-0.0951433     1609.08
-0.0921394     1640.77
-0.0892043     1667.29
-0.0863162     1690.35
-0.0834629     1710.86
-0.0806367     1729.42
-0.0778324     1746.4
-0.0750462     1762.08
-0.0722756     1776.67
-0.0695182     1790.32
-0.0667725     1803.16
-0.0640371     1815.28
-0.0613108     1826.77
-0.0585929     1837.69
-0.0558825     1848.09
-0.0531789     1858.03
-0.0504815     1867.54
-0.04779     1876.66
-0.0451038     1885.42
-0.0424225     1893.85
-0.0397459     1901.97
-0.0370736     1909.8
-0.0344054     1917.36
-0.0317409     1924.67
-0.0290801     1931.75
-0.0264226     1938.6
-0.0237684     1945.24
-0.0211171     1951.69
-0.0184688     1957.94
-0.0158232     1964.02
-0.0131802     1969.93
-0.0105396     1975.68
-0.00790151     1981.27
-0.00526563     1986.72
-0.00263193     1992.03
-3.15824e-07     1997.2
0.00262931     2002.25
0.00525701     2007.17
0.00788288     2011.98
0.010507     2016.67
0.0131294     2021.26
0.0157501     2025.73
0.0183693     2030.11
0.0209869     2034.4
0.0236031     2038.59
0.0262178     2042.68
0.0288311     2046.69
0.0314432     2050.62
0.0340539     2054.47
0.0366634     2058.24
0.0392717     2061.93
0.0418788     2065.54
0.0444847     2069.09
0.0470896     2072.57
0.0496934     2075.97
0.0522962     2079.32
0.0548979     2082.6
0.0574987     2085.82
0.0600985     2088.98
0.0626974     2092.08
0.0652953     2095.12
0.0678924     2098.11
0.0704887     2101.05
0.0730841     2103.93
0.0756787     2106.76
0.0782725     2109.55
0.0808656     2112.28
0.0834579     2114.97
0.0860495     2117.61
0.0886403     2120.21
0.0912305     2122.77
0.0938199     2125.28
0.0964087     2127.75
0.0989969     2130.18
0.101584     2132.57
0.104171     2134.92
0.106758     2137.23
0.109343     2139.51
0.109072     1962.22
0.108801     1784.93
0.10853     1607.64
0.108259     1430.36
0.107988     1253.07
0.107717     1075.78
0.107445     898.494
0.107174     721.207
0.106903     543.919
0.106632     366.632
0.106361     189.345
0.10609     12.0571
0.105818     -165.23
0.105547     -342.518
0.105276     -519.805
0.105005     -697.093
0.104734     -874.38
0.104463     -1051.67
0.104192     -1228.95
0.103774     -1400.54
0.101326     -1493.14
0.098119     -1552.43
0.0950179     -1593.45
0.0920263     -1625.49
0.0891011     -1652.34
0.0862214     -1675.69
0.0833754     -1696.47
0.0805556     -1715.28
0.077757     -1732.5
0.074976     -1748.4
0.07221     -1763.21
0.069457     -1777.06
0.0667153     -1790.09
0.0639836     -1802.4
0.0612608     -1814.07
0.0585461     -1825.16
0.0558386     -1835.73
0.0531379     -1845.82
0.0504432     -1855.49
0.0477542     -1864.76
0.0450703     -1873.67
0.0423913     -1882.24
0.0397168     -1890.5
0.0370466     -1898.47
0.0343802     -1906.16
0.0317176     -1913.61
0.0290585     -1920.81
0.0264027     -1927.78
0.02375     -1934.55
0.0211002     -1941.11
0.0184533     -1947.48
0.0158091     -1953.67
0.0131674     -1959.69
0.0105281     -1965.55
0.00789116     -1971.25
0.00525644     -1976.81
0.00262383     -1982.22
-6.73923e-06     -1987.49
-0.00263536     -1992.64
-0.0052621     -1997.66
-0.00788704     -2002.57
-0.0105102     -2007.36
-0.0131318     -2012.03
-0.0157517     -2016.61
-0.0183701     -2021.08
-0.020987     -2025.45
-0.0236024     -2029.73
-0.0262164     -2033.91
-0.0288291     -2038.01
-0.0314405     -2042.02
-0.0340506     -2045.95
-0.0366595     -2049.8
-0.0392673     -2053.57
-0.0418738     -2057.27
-0.0444793     -2060.9
-0.0470836     -2064.45
-0.0496869     -2067.94
-0.0522892     -2071.36
-0.0548906     -2074.72
-0.0574909     -2078.01
-0.0600903     -2081.24
-0.0626888     -2084.42
-0.0652864     -2087.53
-0.0678831     -2090.59
-0.0704791     -2093.6
-0.0730741     -2096.55
-0.0756684     -2099.45
-0.0782619     -2102.31
-0.0808547     -2105.11
-0.0834467     -2107.86
-0.086038     -2110.57
-0.0886286     -2113.23
-0.0912185     -2115.85
-0.0938078     -2118.43
-0.0963964     -2120.96
-0.0989843     -2123.45
-0.101572     -2125.9
-0.104158     -2128.32
-0.106744     -2130.69
-0.10933     -2133.03
-0.109059     -1955.74
-0.108788     -1778.45
-0.108517     -1601.16
-0.108245     -1423.88
-0.107974     -1246.59
-0.107703     -1069.3
-0.107432     -892.015
-0.107161     -714.727
-0.10689     -537.44
-0.106619     -360.152
-0.106347     -182.865
-0.106076     -5.57756
-0.105805     171.71
-0.105534     348.997
-0.105263     526.285
-0.104992     703.572
-0.104721     880.86
-0.104449     1058.15
-0.104178     1235.43
-0.10376     1406.98
-0.101305     1499.33
-0.0980912     1558.43
-0.0949843     1599.29
-0.0919885     1631.2
-0.0890602     1657.92
-0.0861779     1681.16
-0.0833297     1701.84
-0.0805081     1720.55
-0.077708     1737.68
-0.0749257     1753.5
-0.0721586     1768.22
-0.0694045     1782
-0.0666619     1794.96
-0.0639294     1807.2
-0.0612059     1818.79
-0.0584906     1829.82
-0.0557826     1840.32
-0.0530814     1850.36
-0.0503863     1859.97
-0.0476969     1869.19
-0.0450128     1878.04
-0.0423335     1886.56
-0.0396588     1894.76
-0.0369883     1902.68
-0.0343218     1910.32
-0.0316591     1917.72
-0.0289999     1924.87
-0.026344     1931.8
-0.0236913     1938.52
-0.0210415     1945.03
-0.0183946     1951.36
-0.0157504     1957.51
-0.0131087     1963.49
-0.0104695     1969.31
-0.00783263     1974.97
-0.00519798     1980.48
-0.00256548     1985.86
6.49734e-05     1991.09
0.00269346     1996.2
0.00532007     2001.19
0.00794486     2006.06
0.0105679     2010.81
0.0131893     2015.45
0.015809     2019.99
0.0184272     2024.43
0.0210439     2028.77
0.0236591     2033.01
0.026273     2037.16
0.0288854     2041.23
0.0314966     2045.21
0.0341065     2049.11
0.0367152     2052.93
0.0393226     2056.67
0.041929     2060.34
0.0445342     2063.93
0.0471383     2067.46
0.0497413     2070.92
0.0523434     2074.31
0.0549444     2077.64
0.0575445     2080.9
0.0601436     2084.11
0.0627418     2087.25
0.0653392     2090.34
0.0679356     2093.38
0.0705312     2096.36
0.0731261     2099.29
0.0757201     2102.16
0.0783133     2104.99
0.0809058     2107.77
0.0834975     2110.5
0.0860885     2113.18
0.0886788     2115.82
0.0912684     2118.41
0.0938574     2120.97
0.0964457     2123.47
0.0990333     2125.94
0.10162     2128.37
0.104207     2130.76
0.106793     2133.11
0.109378     2135.43
0.109073     1935.98
0.108768     1736.53
0.108463     1537.08
0.108158     1337.63
0.107853     1138.19
0.107548     938.737
0.107243     739.289
0.106938     539.84
0.106632     340.392
0.106327     140.943
0.106022     -58.5049
0.105717     -257.953
0.105412     -457.402
0.105107     -656.85
0.104802     -856.298
0.104497     -1055.75
0.104192     -1255.2
0.103343     -1433.47
0.100145     -1522.69
0.0965387     -1578.83
0.0931278     -1618.36
0.0898162     -1649.99
0.0865675     -1676.78
0.083363     -1700.22
0.0801918     -1721.16
0.077047     -1740.15
0.0739235     -1757.56
0.0708181     -1773.66
0.067728     -1788.65
0.0646511     -1802.67
0.061586     -1815.87
0.0585311     -1828.33
0.0554856     -1840.13
0.0524483     -1851.35
0.0494187     -1862.03
0.046396     -1872.23
0.0433797     -1881.99
0.0403692     -1891.35
0.0373642     -1900.33
0.0343642     -1908.97
0.031369     -1917.28
0.0283781     -1925.29
0.0253914     -1933.03
0.0224086     -1940.5
0.0194294     -1947.73
0.0164537     -1954.72
0.0134812     -1961.5
0.0105119     -1968.07
0.00754545     -1974.44
0.00458184     -1980.62
0.0016209     -1986.64
-0.0013375     -1992.48
-0.00429348     -1998.16
-0.00724714     -2003.69
-0.0101986     -2009.07
-0.0131479     -2014.31
-0.0160952     -2019.42
-0.0190405     -2024.41
-0.0219839     -2029.27
-0.0249255     -2034.01
-0.0278654     -2038.64
-0.0308036     -2043.15
-0.0337402     -2047.57
-0.0366752     -2051.88
-0.0396088     -2056.1
-0.0425409     -2060.22
-0.0454715     -2064.25
-0.0484009     -2068.19
-0.0513289     -2072.05
-0.0542556     -2075.83
-0.0571811     -2079.53
-0.0601054     -2083.15
-0.0630286     -2086.69
-0.0659506     -2090.17
-0.0688716     -2093.57
-0.0717915     -2096.91
-0.0747104     -2100.18
-0.0776283     -2103.38
-0.0805452     -2106.53
-0.0834612     -2109.61
-0.0863763     -2112.64
-0.0892905     -2115.6
-0.0922038     -2118.52
-0.0951163     -2121.37
-0.098028     -2124.18
-0.100939     -2126.94
-0.103849     -2129.64
-0.106758     -2132.3
-0.109667     -2134.9
-0.112575     -2137.47
-0.115482     -2139.98
-0.118388     -2142.46
-0.121294     -2144.89
-0.124199     -2147.28
-0.127104     -2149.62
-0.130008     -2151.93
-0.132911     -2154.2
-0.135814     -2156.43
-0.138716     -2158.62
-0.141618     -2160.78
-0.141279     -1939.17
-0.14094     -1717.56
-0.140601     -1495.95
-0.140262     -1274.34
-0.139923     -1052.73
-0.139584     -831.126
-0.139245     -609.516
-0.138906     -387.907
-0.138567     -166.298
-0.138229     55.3116
-0.13789     276.921
-0.137551     498.53
-0.137212     720.139
-0.136873     941.749
-0.136534     1163.36
-0.136067     1379.98
-0.132781     1492.39
-0.128806     1556.75
-0.125049     1600.58
-0.1214     1635.17
-0.117817     1664.25
-0.114281     1689.57
-0.11078     1712.1
-0.107307     1732.48
-0.103855     1751.11
-0.100422     1768.3
-0.0970054     1784.27
-0.0936022     1799.2
-0.0902111     1813.21
-0.0868307     1826.43
-0.0834599     1838.93
-0.0800977     1850.8
-0.0767433     1862.09
-0.0733961     1872.85
-0.0700555     1883.14
-0.066721     1893
-0.0633921     1902.44
-0.0600684     1911.52
-0.0567496     1920.25
-0.0534353     1928.65
-0.0501253     1936.76
-0.0468194     1944.58
-0.0435173     1952.13
-0.0402187     1959.44
-0.0369235     1966.51
-0.0336315     1973.36
-0.0303426     1980
-0.0270566     1986.44
-0.0237734     1992.7
-0.0204927     1998.77
-0.0172146     2004.67
-0.013939     2010.41
-0.0106656     2015.99
-0.00739439     2021.42
-0.00412533     2026.71
-0.000858303     2031.86
0.00240677     2036.88
0.00566997     2041.78
0.00893136     2046.55
0.012191     2051.21
0.015449     2055.76
0.0187053     2060.2
0.0219601     2064.53
0.0252134     2068.77
0.0284652     2072.91
0.0317157     2076.95
0.0349647     2080.91
0.0382125     2084.78
0.0414589     2088.56
0.0447041     2092.26
0.0479482     2095.89
0.051191     2099.44
0.0544327     2102.91
0.0576734     2106.31
0.060913     2109.65
0.0641515     2112.91
0.067389     2116.11
0.0706256     2119.25
0.0738612     2122.32
0.0770959     2125.33
0.0803297     2128.29
0.0835626     2131.18
0.0867947     2134.03
0.090026     2136.82
0.0932564     2139.55
0.0964861     2142.24
0.099715     2144.87
0.102943     2147.46
0.106171     2149.99
0.109397     2152.49
0.112623     2154.93
0.115849     2157.34
0.119073     2159.7
0.122297     2162.02
0.125521     2164.29
0.128744     2166.53
0.131966     2168.73
0.135152     2170.87
0.138213     2172.88
0.141275     2174.87
0.140936     1953.26
0.140597     1731.65
0.140258     1510.04
0.13992     1288.43
0.139581     1066.82
0.139242     845.215
0.138903     623.606
0.138564     401.997
0.138225     180.387
0.137886     -41.2219
0.137547     -262.831
0.137208     -484.44
0.136869     -706.05
0.13653     -927.659
0.136191     -1149.27
0.135726     -1365.95
0.132459     -1479.01
0.128501     -1543.85
0.124756     -1588.06
0.121115     -1622.99
0.117539     -1652.37
0.114009     -1677.95
0.110512     -1700.73
0.107042     -1721.34
0.103593     -1740.18
0.100163     -1757.57
0.0967485     -1773.74
0.0933472     -1788.84
0.0899577     -1803.04
0.0865787     -1816.42
0.083209     -1829.08
0.0798478     -1841.1
0.0764943     -1852.54
0.0731479     -1863.45
0.0698078     -1873.88
0.0664738     -1883.86
0.0631452     -1893.44
0.0598218     -1902.64
0.0565032     -1911.49
0.053189     -1920.02
0.0498791     -1928.24
0.0465731     -1936.17
0.0432709     -1943.84
0.0399722     -1951.26
0.0366768     -1958.43
0.0333846     -1965.39
0.0300954     -1972.13
0.026809     -1978.67
0.0235254     -1985.02
0.0202444     -1991.19
0.0169659     -1997.18
0.0136897     -2003.01
0.0104158     -2008.68
0.00714415     -2014.2
0.00387455     -2019.57
0.000606964     -2024.81
-0.00265869     -2029.92
-0.00592249     -2034.9
-0.0091845     -2039.75
-0.0124448     -2044.49
-0.0157034     -2049.12
-0.0189604     -2053.63
-0.0222159     -2058.04
-0.0254699     -2062.35
-0.0287224     -2066.57
-0.0319735     -2070.69
-0.0352233     -2074.71
-0.0384718     -2078.65
-0.041719     -2082.51
-0.0449649     -2086.28
-0.0482097     -2089.97
-0.0514533     -2093.59
-0.0546958     -2097.12
-0.0579372     -2100.59
-0.0611776     -2103.99
-0.0644169     -2107.32
-0.0676552     -2110.58
-0.0708926     -2113.78
-0.074129     -2116.91
-0.0773645     -2119.98
-0.080599     -2123
-0.0838328     -2125.95
-0.0870656     -2128.85
-0.0902977     -2131.7
-0.0935289     -2134.49
-0.0967594     -2137.23
-0.0999891     -2139.92
-0.103218     -2142.56
-0.106446     -2145.15
-0.109674     -2147.7
-0.112901     -2150.2
-0.116127     -2152.65
-0.119352     -2155.06
-0.122577     -2157.43
-0.125801     -2159.76
-0.129025     -2162.05
-0.132248     -2164.29
-0.13543     -2166.48
-0.138488     -2168.54
-0.141548     -2170.57
-0.141209     -1948.96
-0.14087     -1727.35
-0.140531     -1505.74
-0.140192     -1284.13
-0.139854     -1062.52
-0.139515     -840.912
-0.139176     -619.302
-0.138837     -397.693
-0.138498     -176.084
-0.138159     45.5256
-0.13782     267.135
-0.137481     488.744
-0.137142     710.353
-0.136803     931.963
-0.136464     1153.57
-0.135998     1370.24
-0.132725     1483.1
-0.128762     1547.79
-0.125014     1591.88
-0.121372     1626.7
-0.117794     1655.98
-0.114263     1681.49
-0.110766     1704.19
-0.107295     1724.72
-0.103847     1743.5
-0.100416     1760.82
-0.0970016     1776.93
-0.0936005     1791.98
-0.0902112     1806.12
-0.0868325     1819.45
-0.0834632     1832.06
-0.0801024     1844.03
-0.0767493     1855.42
-0.0734034     1866.29
-0.0700638     1876.67
-0.0667303     1886.62
-0.0634023     1896.16
-0.0600795     1905.32
-0.0567615     1914.13
-0.053448     1922.62
-0.0501387     1930.8
-0.0468334     1938.7
-0.0435318     1946.34
-0.0402338     1953.72
-0.0369391     1960.87
-0.0336476     1967.79
-0.0303591     1974.5
-0.0270735     1981.01
-0.0237906     1987.33
-0.0205103     1993.47
-0.0172325     1999.43
-0.0139571     2005.23
-0.0106839     2010.88
-0.00741299     2016.37
-0.00414413     2021.72
-0.000877287     2026.93
0.00238763     2032.01
0.00565068     2036.96
0.00891194     2041.79
0.0121715     2046.51
0.0154294     2051.11
0.0186856     2055.6
0.0219404     2059.99
0.0251936     2064.28
0.0284454     2068.47
0.0316958     2072.57
0.0349448     2076.57
0.0381925     2080.49
0.041439     2084.32
0.0446843     2088.08
0.0479283     2091.75
0.0511712     2095.34
0.054413     2098.86
0.0576537     2102.31
0.0608933     2105.69
0.0641319     2109
0.0673695     2112.24
0.0706062     2115.42
0.0738419     2118.53
0.0770767     2121.59
0.0803105     2124.58
0.0835436     2127.52
0.0867758     2130.41
0.0900071     2133.23
0.0932377     2136.01
0.0964675     2138.73
0.0996965     2141.4
0.102925     2144.03
0.106152     2146.6
0.109379     2149.13
0.112605     2151.62
0.115831     2154.06
0.119056     2156.45
0.12228     2158.81
0.125504     2161.12
0.128726     2163.39
0.131949     2165.62
0.135171     2167.82
0.138392     2169.98
0.141475     2172
