U_Link_disp     U_Link_shear
0     0
-3.34358e-05     -15.4319
-6.68716e-05     -30.8638
-0.000100307     -46.2957
-0.000133743     -61.7276
-0.000167179     -77.1595
-0.000200615     -92.5914
-0.000234051     -108.023
-0.000267486     -123.455
-0.000300922     -138.887
-0.000334358     -154.319
-0.000367794     -169.751
-0.00040123     -185.183
-0.000434665     -200.615
-0.000468101     -216.047
-0.000501537     -231.479
-0.000534973     -246.91
-0.000568409     -262.342
-0.000601844     -277.774
-0.00063528     -293.206
-0.000668716     -308.638
-0.000702152     -324.07
-0.000735587     -339.502
-0.000769023     -354.934
-0.000802459     -370.366
-0.000835895     -385.798
-0.000869331     -401.23
-0.000902766     -416.661
-0.000936202     -432.093
-0.000969638     -447.525
-0.00100307     -462.957
-0.00103651     -478.389
-0.00106995     -493.821
-0.00110338     -509.253
-0.00113682     -524.685
-0.00117025     -540.117
-0.00120369     -555.549
-0.00123712     -570.981
-0.00127056     -586.412
-0.001304     -601.844
-0.00133743     -617.276
-0.00137087     -632.708
-0.0014043     -648.14
-0.00143774     -663.572
-0.00147117     -679.004
-0.00150461     -694.436
-0.00153805     -709.868
-0.00157148     -725.3
-0.00160492     -740.731
-0.00163835     -756.163
-0.00167179     -771.595
-0.00170523     -787.027
-0.00173866     -802.459
-0.0017721     -817.891
-0.00180553     -833.323
-0.00183897     -848.755
-0.0018724     -864.187
-0.00190584     -879.619
-0.00193928     -895.051
-0.00197271     -910.482
-0.00200615     -925.914
-0.00203958     -941.346
-0.00207302     -956.778
-0.00210646     -972.21
-0.00213989     -987.642
-0.00217333     -1003.07
-0.00220676     -1018.51
-0.0022402     -1033.94
-0.00227363     -1049.37
-0.00230707     -1064.8
-0.00234051     -1080.23
-0.00237394     -1095.67
-0.00240738     -1111.1
-0.00244081     -1126.53
-0.00247425     -1141.96
-0.00250768     -1157.39
-0.00254112     -1172.82
-0.00257456     -1188.26
-0.00260799     -1203.69
-0.00264143     -1219.12
-0.00267486     -1234.55
-0.0027083     -1249.98
-0.00274174     -1265.42
-0.00277527     -1280.85
-0.00280936     -1296.26
-0.00284576     -1311.6
-0.00288953     -1326.73
-0.00295232     -1341.27
-0.00305341     -1354.6
-0.00321192     -1366.07
-0.0034338     -1375.44
-0.00371035     -1382.91
-0.00402748     -1388.89
-0.00437261     -1393.76
-0.0047365     -1397.8
-0.00511284     -1401.23
-0.0054974     -1404.19
-0.00588738     -1406.78
-0.0062809     -1409.07
-0.00667671     -1411.13
-0.00707396     -1413
-0.00700709     -1382.13
-0.00694022     -1351.27
-0.00687334     -1320.41
-0.00680647     -1289.54
-0.0067396     -1258.68
-0.00667273     -1227.81
-0.00660586     -1196.95
-0.00653899     -1166.09
-0.00647211     -1135.22
-0.00640524     -1104.36
-0.00633837     -1073.49
-0.0062715     -1042.63
-0.00620463     -1011.77
-0.00613776     -980.903
-0.00607089     -950.04
-0.00600401     -919.176
-0.00593714     -888.312
-0.00587027     -857.448
-0.0058034     -826.584
-0.00573653     -795.721
-0.00566966     -764.857
-0.00560278     -733.993
-0.00553591     -703.129
-0.00546904     -672.265
-0.00540217     -641.402
-0.0053353     -610.538
-0.00526843     -579.674
-0.00520155     -548.81
-0.00513468     -517.946
-0.00506781     -487.082
-0.00500094     -456.219
-0.00493407     -425.355
-0.0048672     -394.491
-0.00480033     -363.627
-0.00473345     -332.763
-0.00466658     -301.9
-0.00459971     -271.036
-0.00453284     -240.172
-0.00446597     -209.308
-0.0043991     -178.444
-0.00433222     -147.581
-0.00426535     -116.717
-0.00419848     -85.853
-0.00413161     -54.9891
-0.00406474     -24.1253
-0.00399787     6.73848
-0.00393099     37.6023
-0.00386412     68.4661
-0.00379725     99.3299
-0.00373038     130.194
-0.00366351     161.058
-0.00359664     191.921
-0.00352976     222.785
-0.00346289     253.649
-0.00339602     284.513
-0.00332915     315.377
-0.00326228     346.24
-0.00319541     377.104
-0.00312854     407.968
-0.00306166     438.832
-0.00299479     469.696
-0.00292792     500.559
-0.00286105     531.423
-0.00279418     562.287
-0.00272731     593.151
-0.00266043     624.015
-0.00259356     654.878
-0.00252669     685.742
-0.00245982     716.606
-0.00239295     747.47
-0.00232608     778.334
-0.0022592     809.198
-0.00219233     840.061
-0.00212546     870.925
-0.00205859     901.789
-0.00199172     932.653
-0.00192485     963.517
-0.00185798     994.38
-0.0017911     1025.24
-0.00172423     1056.11
-0.00165736     1086.97
-0.00159042     1117.83
-0.00152248     1148.67
-0.00144754     1179.3
-0.00134173     1209.03
-0.00114567     1236.04
-0.0007895     1258.06
-0.000263993     1274.56
0.000384815     1286.72
0.00110837     1295.94
0.00187409     1303.19
0.00266271     1309.08
0.00346321     1314.01
0.00426933     1318.23
0.0050776     1321.9
0.00588609     1325.15
0.00669381     1328.06
0.00750026     1330.7
0.00830525     1333.11
0.00910874     1335.33
0.00904187     1304.46
0.008975     1273.6
0.00890813     1242.73
0.00884126     1211.87
0.00877438     1181.01
0.00870751     1150.14
0.00864064     1119.28
0.00857377     1088.42
0.0085069     1057.55
0.00844003     1026.69
0.00837315     995.824
0.00830628     964.96
0.00823941     934.097
0.00817254     903.233
0.00810567     872.369
0.0080388     841.505
0.00797192     810.641
0.00790505     779.778
0.00783818     748.914
0.00777131     718.05
0.00770444     687.186
0.00763757     656.322
0.0075707     625.458
0.00750382     594.595
0.00743695     563.731
0.00737008     532.867
0.00730321     502.003
0.00723634     471.139
0.00716947     440.276
0.00710259     409.412
0.00703572     378.548
0.00696885     347.684
0.00690198     316.82
0.00683511     285.957
0.00676824     255.093
0.00670136     224.229
0.00663449     193.365
0.00656762     162.501
0.00650075     131.638
0.00643388     100.774
0.00636701     69.9099
0.00630014     39.0461
0.00623326     8.18231
0.00616639     -22.6815
0.00609952     -53.5453
0.00603265     -84.4091
0.00596578     -115.273
0.00589891     -146.137
0.00583203     -177.001
0.00576516     -207.864
0.00569829     -238.728
0.00563142     -269.592
0.00556455     -300.456
0.00549768     -331.32
0.0054308     -362.183
0.00536393     -393.047
0.00529706     -423.911
0.00523019     -454.775
0.00516332     -485.639
0.00509645     -516.503
0.00502957     -547.366
0.0049627     -578.23
0.00489583     -609.094
0.00482896     -639.958
0.00476209     -670.822
0.00469522     -701.685
0.00462835     -732.549
0.00456147     -763.413
0.0044946     -794.277
0.00442773     -825.141
0.00436086     -856.004
0.00429399     -886.868
0.00422712     -917.732
0.00416024     -948.596
0.00409337     -979.46
0.0040265     -1010.32
0.00395963     -1041.19
0.00389276     -1072.05
0.00382589     -1102.91
0.00375901     -1133.78
0.00369214     -1164.64
0.00362512     -1195.5
0.0035556     -1226.29
0.00346774     -1256.56
0.00330253     -1284.57
0.00296165     -1307.33
0.00241692     -1323.73
0.00172826     -1335.29
0.000959235     -1343.77
0.000149483     -1350.29
-0.000679094     -1355.5
-0.00151477     -1359.82
-0.00235142     -1363.48
-0.00318603     -1366.65
-0.00401724     -1369.45
-0.0048446     -1371.95
-0.00566814     -1374.2
-0.00648808     -1376.26
-0.00730475     -1378.15
-0.00811851     -1379.9
-0.00805164     -1349.04
-0.00798477     -1318.18
-0.0079179     -1287.31
-0.00785103     -1256.45
-0.00778415     -1225.58
-0.00771728     -1194.72
-0.00765041     -1163.86
-0.00758354     -1132.99
-0.00751667     -1102.13
-0.0074498     -1071.26
-0.00738292     -1040.4
-0.00731605     -1009.54
-0.00724918     -978.673
-0.00718231     -947.81
-0.00711544     -916.946
-0.00704857     -886.082
-0.00698169     -855.218
-0.00691482     -824.354
-0.00684795     -793.49
-0.00678108     -762.627
-0.00671421     -731.763
-0.00664734     -700.899
-0.00658047     -670.035
-0.00651359     -639.171
-0.00644672     -608.308
-0.00637985     -577.444
-0.00631298     -546.58
-0.00624611     -515.716
-0.00617924     -484.852
-0.00611236     -453.989
-0.00604549     -423.125
-0.00597862     -392.261
-0.00591175     -361.397
-0.00584488     -330.533
-0.00577801     -299.67
-0.00571113     -268.806
-0.00564426     -237.942
-0.00557739     -207.078
-0.00551052     -176.214
-0.00544365     -145.35
-0.00537678     -114.487
-0.0053099     -83.6228
-0.00524303     -52.759
-0.00517616     -21.8952
-0.00510929     8.9686
-0.00504242     39.8324
-0.00497555     70.6962
-0.00490868     101.56
-0.0048418     132.424
-0.00477493     163.288
-0.00470806     194.151
-0.00464119     225.015
-0.00457432     255.879
-0.00450745     286.743
-0.00444057     317.607
-0.0043737     348.471
-0.00430683     379.334
-0.00423996     410.198
-0.00417309     441.062
-0.00410622     471.926
-0.00403934     502.79
-0.00397247     533.653
-0.0039056     564.517
-0.00383873     595.381
-0.00377186     626.245
-0.00370499     657.109
-0.00363812     687.972
-0.00357124     718.836
-0.00350437     749.7
-0.0034375     780.564
-0.00337063     811.428
-0.00330376     842.292
-0.00323689     873.155
-0.00317001     904.019
-0.00310314     934.883
-0.00303627     965.747
-0.0029694     996.611
-0.00290253     1027.47
-0.00283566     1058.34
-0.00276878     1089.2
-0.00270191     1120.07
-0.00263495     1150.93
-0.00256653     1181.75
-0.00248778     1212.27
-0.00236364     1241.47
-0.00211697     1267
-0.0016845     1286.76
-0.00108628     1301.1
-0.000380922     1311.6
0.000384823     1319.59
0.00118256     1325.92
0.0019962     1331.1
0.0028168     1335.46
0.00363947     1339.21
0.00446162     1342.49
0.00528198     1345.4
0.00609997     1348.02
0.00691543     1350.4
0.00772841     1352.58
0.00853906     1354.59
0.00843876     1308.29
0.00833845     1262
0.00823814     1215.7
0.00813783     1169.41
0.00803753     1123.11
0.00793722     1076.81
0.00783691     1030.52
0.00773661     984.223
0.0076363     937.927
0.00753599     891.631
0.00743568     845.335
0.00733538     799.04
0.00723507     752.744
0.00713476     706.448
0.00703445     660.153
0.00693415     613.857
0.00683384     567.561
0.00673353     521.265
0.00663322     474.97
0.00653292     428.674
0.00643261     382.378
0.0063323     336.083
0.00623199     289.787
0.00613169     243.491
0.00603138     197.195
0.00593107     150.9
0.00583076     104.604
0.00573046     58.3082
0.00563015     12.0125
0.00552984     -34.2832
0.00542954     -80.5789
0.00532923     -126.875
0.00522892     -173.17
0.00512861     -219.466
0.00502831     -265.762
0.004928     -312.057
0.00482769     -358.353
0.00472738     -404.649
0.00462708     -450.945
0.00452677     -497.24
0.00442646     -543.536
0.00432615     -589.832
0.00422585     -636.128
0.00412554     -682.423
0.00402523     -728.719
0.00392492     -775.015
0.00382462     -821.31
0.00372431     -867.606
0.003624     -913.902
0.00352369     -960.198
0.00342339     -1006.49
0.00332308     -1052.79
0.00322277     -1099.08
0.00312246     -1145.38
0.00302161     -1191.66
0.00290389     -1237.46
0.0026368     -1278.89
0.00197109     -1308.1
0.00096041     -1325.84
-0.000207506     -1337.28
-0.00143222     -1345.38
-0.00267251     -1351.54
-0.00391255     -1356.49
-0.00514694     -1360.6
-0.00637444     -1364.12
-0.00759537     -1367.2
-0.00881058     -1369.94
-0.010021     -1372.4
-0.0112275     -1374.65
-0.0124307     -1376.71
-0.0136313     -1378.61
-0.0148298     -1380.39
-0.0160265     -1382.05
-0.0172218     -1383.61
-0.0184159     -1385.08
-0.0196091     -1386.48
-0.0208015     -1387.8
-0.0219933     -1389.07
-0.0231846     -1390.28
-0.0243754     -1391.43
-0.025566     -1392.54
-0.0267562     -1393.61
-0.0279463     -1394.63
-0.0291362     -1395.62
-0.0303259     -1396.58
-0.0315156     -1397.5
-0.0327052     -1398.39
-0.0338948     -1399.26
-0.0350843     -1400.1
-0.0362739     -1400.92
-0.0374634     -1401.72
-0.038653     -1402.49
-0.0398426     -1403.24
-0.0410322     -1403.98
-0.0422219     -1404.69
-0.0434116     -1405.39
-0.0446014     -1406.08
-0.0457913     -1406.75
-0.0469812     -1407.4
-0.0481712     -1408.04
-0.0480374     -1346.31
-0.0479037     -1284.58
-0.0477699     -1222.86
-0.0476362     -1161.13
-0.0475024     -1099.4
-0.0473687     -1037.67
-0.047235     -975.947
-0.0471012     -914.219
-0.0469675     -852.491
-0.0468337     -790.764
-0.0467     -729.036
-0.0465662     -667.308
-0.0464325     -605.581
-0.0462988     -543.853
-0.046165     -482.126
-0.0460313     -420.398
-0.0458975     -358.67
-0.0457638     -296.943
-0.04563     -235.215
-0.0454963     -173.487
-0.0453626     -111.76
-0.0452288     -50.0322
-0.0450951     11.6954
-0.0449613     73.423
-0.0448276     135.151
-0.0446938     196.878
-0.0445601     258.606
-0.0444264     320.334
-0.0442926     382.061
-0.0441589     443.789
-0.0440251     505.516
-0.0438914     567.244
-0.0437576     628.972
-0.0436239     690.699
-0.0434901     752.427
-0.0433564     814.154
-0.0432227     875.882
-0.0430889     937.61
-0.0429552     999.337
-0.0428214     1061.06
-0.0426876     1122.79
-0.0425449     1184.26
-0.0422362     1240.86
-0.0413299     1279
-0.0399235     1300.13
-0.03833     1313.1
-0.036684     1322.11
-0.035031     1328.92
-0.0333847     1334.38
-0.0317482     1338.91
-0.0301211     1342.81
-0.0285019     1346.21
-0.0268892     1349.25
-0.0252817     1351.98
-0.0236783     1354.48
-0.0220782     1356.78
-0.0204806     1358.9
-0.0188852     1360.88
-0.0172913     1362.74
-0.0156988     1364.48
-0.0141073     1366.13
-0.0125166     1367.69
-0.0109267     1369.18
-0.0093372     1370.59
-0.00774816     1371.95
-0.00615945     1373.24
-0.00457099     1374.49
-0.00298272     1375.68
-0.00139459     1376.84
0.000193441     1377.95
0.0017814     1379.02
0.00336933     1380.06
0.00495724     1381.07
0.00654516     1382.05
0.0081331     1383
0.00972108     1383.92
0.0113091     1384.81
0.0128972     1385.69
0.0144853     1386.54
0.0160735     1387.37
0.0176618     1388.18
0.0192502     1388.97
0.0208386     1389.74
0.0224271     1390.5
0.0240158     1391.24
0.0256044     1391.96
0.0271932     1392.67
0.0287821     1393.37
0.0303711     1394.05
0.0319601     1394.72
0.0335492     1395.38
0.0351384     1396.02
0.0367277     1396.66
0.0383171     1397.28
0.0399066     1397.89
0.0414962     1398.49
0.0430858     1399.09
0.0446755     1399.67
0.0462653     1400.25
0.0478552     1400.81
0.0477214     1339.09
0.0475877     1277.36
0.047454     1215.63
0.0473202     1153.9
0.0471865     1092.18
0.0470527     1030.45
0.046919     968.72
0.0467852     906.993
0.0466515     845.265
0.0465178     783.538
0.046384     721.81
0.0462503     660.082
0.0461165     598.355
0.0459828     536.627
0.045849     474.9
0.0457153     413.172
0.0455815     351.444
0.0454478     289.717
0.0453141     227.989
0.0451803     166.261
0.0450466     104.534
0.0449128     42.8061
0.0447791     -18.9215
0.0446453     -80.6491
0.0445116     -142.377
0.0443779     -204.104
0.0442441     -265.832
0.0441104     -327.56
0.0439766     -389.287
0.0438429     -451.015
0.0437091     -512.742
0.0435754     -574.47
0.0434417     -636.198
0.0433079     -697.925
0.0431742     -759.653
0.0430404     -821.381
0.0429067     -883.108
0.0427729     -944.836
0.0426392     -1006.56
0.0425055     -1068.29
0.0423716     -1130.02
0.0422281     -1191.47
0.0419059     -1247.65
0.0409711     -1284.75
0.0395547     -1305.16
0.0379664     -1317.7
0.0363323     -1326.45
0.0346928     -1333.08
0.0330597     -1338.41
0.0314353     -1342.85
0.029819     -1346.67
0.0282094     -1350.01
0.0266052     -1353
0.0250052     -1355.69
0.0234085     -1358.15
0.0218143     -1360.41
0.0202222     -1362.51
0.0186315     -1364.46
0.0170421     -1366.29
0.0154536     -1368.02
0.0138658     -1369.64
0.0122786     -1371.19
0.0106917     -1372.65
0.0091052     -1374.05
0.00751888     -1375.39
0.0059327     -1376.67
0.00434661     -1377.9
0.00276056     -1379.08
0.00117452     -1380.22
-0.000411531     -1381.32
-0.00199763     -1382.38
-0.00358379     -1383.41
-0.00517003     -1384.41
-0.00675636     -1385.37
-0.00834278     -1386.31
-0.00992932     -1387.22
-0.011516     -1388.11
-0.0131027     -1388.97
-0.0146896     -1389.81
-0.0162766     -1390.63
-0.0178637     -1391.43
-0.019451     -1392.22
-0.0210383     -1392.98
-0.0226258     -1393.73
-0.0242134     -1394.46
-0.0258012     -1395.18
-0.027389     -1395.88
-0.028977     -1396.57
-0.0305651     -1397.24
-0.0321533     -1397.9
-0.0337416     -1398.56
-0.03533     -1399.19
-0.0369186     -1399.82
-0.0385072     -1400.44
-0.040096     -1401.04
-0.0416848     -1401.64
-0.0432738     -1402.23
-0.0448628     -1402.81
-0.046452     -1403.38
-0.0480412     -1403.94
-0.0479075     -1342.21
-0.0477737     -1280.48
-0.04764     -1218.75
-0.0475063     -1157.03
-0.0473725     -1095.3
-0.0472388     -1033.57
-0.047105     -971.843
-0.0469713     -910.115
-0.0468375     -848.387
-0.0467038     -786.66
-0.0465701     -724.932
-0.0464363     -663.205
-0.0463026     -601.477
-0.0461688     -539.749
-0.0460351     -478.022
-0.0459013     -416.294
-0.0457676     -354.566
-0.0456339     -292.839
-0.0455001     -231.111
-0.0453664     -169.384
-0.0452326     -107.656
-0.0450989     -45.9284
-0.0449651     15.7993
-0.0448314     77.5269
-0.0446976     139.255
-0.0445639     200.982
-0.0444302     262.71
-0.0442964     324.437
-0.0441627     386.165
-0.0440289     447.893
-0.0438952     509.62
-0.0437614     571.348
-0.0436277     633.076
-0.043494     694.803
-0.0433602     756.531
-0.0432265     818.258
-0.0430927     879.986
-0.042959     941.714
-0.0428252     1003.44
-0.0426915     1065.17
-0.0425577     1126.89
-0.0424145     1188.35
-0.0420983     1244.72
-0.0411754     1282.28
-0.0397619     1303
-0.0381695     1315.74
-0.0365283     1324.6
-0.0348811     1331.32
-0.0332407     1336.69
-0.0316097     1341.18
-0.0299875     1345.03
-0.0283727     1348.4
-0.0267639     1351.4
-0.0251598     1354.11
-0.0235595     1356.59
-0.0219621     1358.86
-0.0203671     1360.97
-0.0187738     1362.94
-0.017182     1364.78
-0.0155913     1366.51
-0.0140015     1368.14
-0.0124124     1369.69
-0.0108239     1371.17
-0.00923577     1372.58
-0.00764797     1373.92
-0.00606041     1375.21
-0.00447304     1376.44
-0.00288578     1377.63
-0.00129861     1378.78
0.000288522     1379.88
0.00187564     1380.95
0.00346276     1381.98
0.00504991     1382.98
0.00663711     1383.95
0.00822436     1384.89
0.00981168     1385.81
0.0113991     1386.7
0.0129866     1387.56
0.0145741     1388.41
0.0161618     1389.23
0.0177495     1390.04
0.0193374     1390.82
0.0209254     1391.59
0.0225134     1392.34
0.0241016     1393.08
0.0256898     1393.8
0.0272782     1394.5
0.0288667     1395.19
0.0304552     1395.87
0.0320439     1396.54
0.0336327     1397.19
0.0352215     1397.83
0.0368105     1398.46
0.0383995     1399.08
0.0399887     1399.69
0.0415779     1400.29
0.0431673     1400.88
0.0447567     1401.46
0.0463462     1402.03
0.0479358     1402.6
0.0477686     1325.44
0.0476014     1248.28
0.0474342     1171.12
0.0472671     1093.96
0.0470999     1016.8
0.0469327     939.639
0.0467655     862.479
0.0465984     785.32
0.0464312     708.16
0.046264     631.001
0.0460968     553.841
0.0459296     476.682
0.0457625     399.522
0.0455953     322.363
0.0454281     245.203
0.0452609     168.044
0.0450937     90.8842
0.0449266     13.7247
0.0447594     -63.4349
0.0445922     -140.594
0.044425     -217.754
0.0442578     -294.913
0.0440907     -372.073
0.0439235     -449.233
0.0437563     -526.392
0.0435891     -603.552
0.043422     -680.711
0.0432548     -757.871
0.0430876     -835.03
0.0429204     -912.19
0.0427532     -989.349
0.0425861     -1066.51
0.0424186     -1143.66
0.0422001     -1219.34
0.0413574     -1276.08
0.0396513     -1304.05
0.0376543     -1319.18
0.0356022     -1329.05
0.0335527     -1336.29
0.0315167     -1341.99
0.0294939     -1346.69
0.0274815     -1350.71
0.0254771     -1354.21
0.0234785     -1357.32
0.0214842     -1360.13
0.0194931     -1362.69
0.0175043     -1365.03
0.0155172     -1367.21
0.0135313     -1369.23
0.0115464     -1371.13
0.0095621     -1372.91
0.00757827     -1374.6
0.00559474     -1376.19
0.00361139     -1377.71
0.00162814     -1379.16
-0.000355078     -1380.54
-0.00233832     -1381.86
-0.00432163     -1383.13
-0.00630503     -1384.36
-0.00828854     -1385.54
-0.0102722     -1386.67
-0.012256     -1387.77
-0.01424     -1388.84
-0.0162241     -1389.87
-0.0182084     -1390.87
-0.0201929     -1391.84
-0.0221775     -1392.78
-0.0241624     -1393.7
-0.0261474     -1394.6
-0.0281325     -1395.47
-0.0301179     -1396.32
-0.0321034     -1397.15
-0.0340891     -1397.96
-0.0360749     -1398.76
-0.0380609     -1399.54
-0.0400471     -1400.3
-0.0420334     -1401.04
-0.0440199     -1401.77
-0.0460065     -1402.49
-0.0479932     -1403.2
-0.0499801     -1403.89
-0.0519671     -1404.56
-0.0539543     -1405.23
-0.0559416     -1405.89
-0.057929     -1406.53
-0.0599165     -1407.17
-0.0619042     -1407.79
-0.0638919     -1408.4
-0.0658798     -1409.01
-0.0678678     -1409.61
-0.0698559     -1410.2
-0.0718441     -1410.78
-0.0736961     -1411.31
-0.0753167     -1411.77
-0.0769366     -1412.22
-0.0785558     -1412.67
-0.0801742     -1413.12
-0.0817921     -1413.56
-0.0834094     -1414
-0.085026     -1414.43
-0.0848254     -1321.84
-0.0846248     -1229.25
-0.0844242     -1136.66
-0.0842236     -1044.06
-0.084023     -951.472
-0.0838224     -858.881
-0.0836217     -766.289
-0.0834211     -673.698
-0.0832205     -581.106
-0.0830199     -488.515
-0.0828193     -395.924
-0.0826187     -303.332
-0.0824181     -210.741
-0.0822174     -118.149
-0.0820168     -25.5579
-0.0818162     67.0336
-0.0816156     159.625
-0.081415     252.216
-0.0812144     344.808
-0.0810138     437.399
-0.0808131     529.991
-0.0806125     622.582
-0.0804119     715.174
-0.0802113     807.765
-0.0800107     900.356
-0.0798101     992.948
-0.0796094     1085.54
-0.0794011     1177.91
-0.0787527     1257.16
-0.076848     1295.71
-0.074457     1313.99
-0.0719933     1325.16
-0.0695384     1333.11
-0.0671026     1339.27
-0.0646829     1344.31
-0.0622752     1348.58
-0.0598759     1352.3
-0.0574826     1355.59
-0.0550933     1358.55
-0.052707     1361.25
-0.0503227     1363.72
-0.0479398     1366
-0.0455579     1368.13
-0.0431766     1370.12
-0.0407957     1371.99
-0.0384151     1373.76
-0.0360346     1375.43
-0.0336541     1377.02
-0.0312735     1378.54
-0.0288928     1379.99
-0.026512     1381.38
-0.024131     1382.71
-0.0217497     1383.99
-0.0193683     1385.23
-0.0169867     1386.42
-0.0146048     1387.57
-0.0122227     1388.69
-0.00984033     1389.77
-0.00745776     1390.82
-0.00507495     1391.84
-0.00269193     1392.83
-0.000308683     1393.8
0.00207478     1394.74
0.00445845     1395.66
0.00684233     1396.55
0.00922641     1397.43
0.0116107     1398.28
0.0139952     1399.12
0.0163798     1399.94
0.0187646     1400.74
0.0211496     1401.53
0.0235348     1402.3
0.0259202     1403.06
0.0283057     1403.8
0.0306913     1404.53
0.0330771     1405.25
0.0354631     1405.95
0.0378491     1406.65
0.0402354     1407.33
0.0426217     1408
0.0450082     1408.66
0.0473948     1409.31
0.0497815     1409.96
0.0521684     1410.59
0.0545553     1411.22
0.0569424     1411.83
0.0593296     1412.44
0.0615757     1413
0.0635172     1413.49
0.065458     1413.96
0.067398     1414.44
0.0693374     1414.91
0.0712762     1415.37
0.0732143     1415.83
0.0751519     1416.28
0.077089     1416.73
0.0790255     1417.18
0.0809616     1417.62
0.0828972     1418.06
0.0848323     1418.49
0.0846317     1325.9
0.0844311     1233.31
0.0842305     1140.72
0.0840299     1048.13
0.0838292     955.535
0.0836286     862.944
0.083428     770.352
0.0832274     677.761
0.0830268     585.169
0.0828262     492.578
0.0826256     399.987
0.0824249     307.395
0.0822243     214.804
0.0820237     122.212
0.0818231     29.6209
0.0816225     -62.9705
0.0814219     -155.562
0.0812213     -248.153
0.0810206     -340.745
0.08082     -433.336
0.0806194     -525.928
0.0804188     -618.519
0.0802182     -711.111
0.0800176     -803.702
0.079817     -896.293
0.0796163     -988.885
0.0794157     -1081.48
0.0792077     -1173.86
0.0785749     -1253.56
0.0766929     -1292.74
0.0743136     -1311.31
0.071857     -1322.64
0.069407     -1330.69
0.0669748     -1336.92
0.064558     -1342.02
0.0621526     -1346.34
0.0597552     -1350.09
0.0573634     -1353.42
0.0549756     -1356.41
0.0525904     -1359.13
0.0502072     -1361.62
0.0478253     -1363.93
0.0454443     -1366.07
0.0430639     -1368.08
0.0406838     -1369.97
0.0383038     -1371.75
0.0359239     -1373.44
0.033544     -1375.04
0.031164     -1376.57
0.0287839     -1378.03
0.0264035     -1379.43
0.024023     -1380.77
0.0216422     -1382.07
0.0192612     -1383.31
0.01688     -1384.51
0.0144985     -1385.68
0.0121167     -1386.8
0.00973475     -1387.89
0.00735252     -1388.95
0.00497004     -1389.98
0.00258733     -1390.98
0.000204386     -1391.95
-0.00217879     -1392.9
-0.00456218     -1393.82
-0.00694579     -1394.72
-0.00932961     -1395.6
-0.0117136     -1396.47
-0.0140979     -1397.31
-0.0164823     -1398.13
-0.0188669     -1398.94
-0.0212516     -1399.73
-0.0236366     -1400.51
-0.0260217     -1401.27
-0.028407     -1402.02
-0.0307925     -1402.76
-0.0331781     -1403.48
-0.0355638     -1404.19
-0.0379497     -1404.89
-0.0403358     -1405.57
-0.042722     -1406.25
-0.0451083     -1406.92
-0.0474947     -1407.57
-0.0498813     -1408.22
-0.052268     -1408.86
-0.0546548     -1409.48
-0.0570417     -1410.1
-0.0594287     -1410.72
-0.0616533     -1411.28
-0.0635948     -1411.76
-0.0655355     -1412.24
-0.0674755     -1412.72
-0.0694148     -1413.19
-0.0713536     -1413.66
-0.0732917     -1414.12
-0.0752292     -1414.58
-0.0771662     -1415.03
-0.0791027     -1415.48
-0.0810387     -1415.92
-0.0829743     -1416.36
-0.0849094     -1416.8
-0.0847088     -1324.21
-0.0845081     -1231.62
-0.0843075     -1139.03
-0.0841069     -1046.43
-0.0839063     -953.842
-0.0837057     -861.251
-0.0835051     -768.659
-0.0833044     -676.068
-0.0831038     -583.477
-0.0829032     -490.885
-0.0827026     -398.294
-0.082502     -305.702
-0.0823014     -213.111
-0.0821008     -120.519
-0.0819001     -27.928
-0.0816995     64.6634
-0.0814989     157.255
-0.0812983     249.846
-0.0810977     342.438
-0.0808971     435.029
-0.0806965     527.621
-0.0804958     620.212
-0.0802952     712.803
-0.0800946     805.395
-0.079894     897.986
-0.0796934     990.578
-0.0794928     1083.17
-0.0792846     1175.55
-0.0786453     1255.06
-0.076754     1293.98
-0.0743699     1312.43
-0.0719105     1323.69
-0.0694585     1331.7
-0.0670249     1337.9
-0.064607     1342.97
-0.0622007     1347.27
-0.0598026     1351.01
-0.0574102     1354.32
-0.0550218     1357.3
-0.0526362     1360.01
-0.0502526     1362.49
-0.0478703     1364.79
-0.0454889     1366.93
-0.0431082     1368.93
-0.0407278     1370.81
-0.0383476     1372.58
-0.0359674     1374.27
-0.0335873     1375.86
-0.0312071     1377.39
-0.0288267     1378.85
-0.0264462     1380.24
-0.0240654     1381.58
-0.0216845     1382.87
-0.0193033     1384.11
-0.0169219     1385.31
-0.0145403     1386.47
-0.0121584     1387.59
-0.00977627     1388.67
-0.0073939     1389.73
-0.00501129     1390.75
-0.00262846     1391.75
-0.000245396     1392.72
0.00213789     1393.66
0.00452139     1394.59
0.00690511     1395.49
0.00928903     1396.36
0.0116732     1397.22
0.0140575     1398.06
0.016442     1398.89
0.0188267     1399.69
0.0212115     1400.48
0.0235966     1401.26
0.0259818     1402.02
0.0283672     1402.76
0.0307527     1403.5
0.0331384     1404.22
0.0355242     1404.92
0.0379102     1405.62
0.0402963     1406.3
0.0426825     1406.98
0.0450689     1407.64
0.0474554     1408.3
0.0498421     1408.94
0.0522288     1409.58
0.0546157     1410.2
0.0570026     1410.82
0.0593897     1411.43
0.0616227     1412
0.0635642     1412.48
0.0655049     1412.96
0.067445     1413.44
0.0693843     1413.91
0.0713231     1414.37
0.0732612     1414.83
0.0751987     1415.29
0.0771358     1415.74
0.0790723     1416.19
0.0810083     1416.63
0.0829438     1417.07
0.084879     1417.5
0.0846449     1309.48
0.0844109     1201.46
0.0841768     1093.43
0.0839428     985.411
0.0837087     877.388
0.0834747     769.365
0.0832406     661.341
0.0830066     553.318
0.0827725     445.295
0.0825385     337.271
0.0823044     229.248
0.0820704     121.225
0.0818363     13.2012
0.0816023     -94.8221
0.0813682     -202.845
0.0811342     -310.869
0.0809001     -418.892
0.0806661     -526.915
0.080432     -634.939
0.080198     -742.962
0.0799639     -850.985
0.0797299     -959.009
0.0794958     -1067.03
0.0792546     -1174.85
0.078379     -1263.62
0.07596     -1301.02
0.0731227     -1318.28
0.070256     -1328.95
0.0674119     -1336.64
0.0645899     -1342.66
0.0617837     -1347.61
0.0589879     -1351.84
0.0561991     -1355.54
0.0534148     -1358.82
0.0506335     -1361.78
0.0478542     -1364.48
0.0450761     -1366.97
0.0422987     -1369.26
0.0395218     -1371.41
0.0367451     -1373.41
0.0339683     -1375.3
0.0311915     -1377.09
0.0284144     -1378.78
0.0256371     -1380.4
0.0228596     -1381.93
0.0200817     -1383.4
0.0173035     -1384.82
0.014525     -1386.17
0.0117462     -1387.48
0.00896698     -1388.74
0.00618748     -1389.95
0.00340766     -1391.13
0.000627524     -1392.27
-0.00215292     -1393.37
-0.00493366     -1394.45
-0.00771468     -1395.49
-0.010496     -1396.51
-0.0132776     -1397.5
-0.0160594     -1398.46
-0.0188415     -1399.41
-0.0216238     -1400.33
-0.0244064     -1401.23
-0.0271892     -1402.11
-0.0299722     -1402.97
-0.0327554     -1403.81
-0.0355389     -1404.64
-0.0383225     -1405.45
-0.0411063     -1406.25
-0.0438903     -1407.03
-0.0466745     -1407.8
-0.0494588     -1408.56
-0.0522433     -1409.3
-0.055028     -1410.03
-0.0578128     -1410.75
-0.0605978     -1411.46
-0.0629282     -1412.04
-0.0651926     -1412.6
-0.067456     -1413.16
-0.0697185     -1413.71
-0.0719802     -1414.25
-0.0742411     -1414.78
-0.0765012     -1415.31
-0.0787606     -1415.84
-0.0810193     -1416.35
-0.0832774     -1416.87
-0.0855349     -1417.38
-0.0877919     -1417.88
-0.0900483     -1418.38
-0.0923042     -1418.87
-0.0945596     -1419.36
-0.0968146     -1419.84
-0.0990691     -1420.32
-0.101323     -1420.79
-0.103577     -1421.26
-0.10583     -1421.73
-0.108083     -1422.19
-0.110336     -1422.65
-0.112588     -1423.11
-0.11484     -1423.56
-0.117092     -1424.01
-0.116825     -1300.55
-0.116557     -1177.1
-0.11629     -1053.64
-0.116022     -930.188
-0.115755     -806.733
-0.115487     -683.278
-0.11522     -559.822
-0.114952     -436.367
-0.114685     -312.912
-0.114417     -189.457
-0.11415     -66.0014
-0.113882     57.4538
-0.113615     180.909
-0.113347     304.364
-0.11308     427.82
-0.112812     551.275
-0.112545     674.73
-0.112278     798.185
-0.11201     921.641
-0.111743     1045.1
-0.111468     1168.36
-0.110352     1266.19
-0.107437     1302.84
-0.104165     1319.55
-0.100895     1329.99
-0.0976557     1337.57
-0.0944406     1343.55
-0.091241     1348.51
-0.0880512     1352.75
-0.0848676     1356.46
-0.0816878     1359.77
-0.0785105     1362.76
-0.0753347     1365.49
-0.0721597     1368
-0.0689851     1370.33
-0.0658107     1372.51
-0.0626363     1374.55
-0.0594616     1376.47
-0.0562867     1378.29
-0.0531115     1380.01
-0.049936     1381.66
-0.04676     1383.23
-0.0435837     1384.73
-0.0404069     1386.17
-0.0372298     1387.56
-0.0340523     1388.9
-0.0308744     1390.19
-0.0276962     1391.43
-0.0245176     1392.64
-0.0213386     1393.81
-0.0181593     1394.95
-0.0149797     1396.05
-0.0117998     1397.13
-0.00861959     1398.17
-0.00543908     1399.19
-0.0022583     1400.19
0.000922755     1401.16
0.00410406     1402.11
0.00728561     1403.04
0.0104674     1403.95
0.0136494     1404.84
0.0168316     1405.72
0.0200141     1406.58
0.0231967     1407.42
0.0263795     1408.25
0.0294277     1409.02
0.0320169     1409.67
0.0346048     1410.32
0.0371914     1410.95
0.0397769     1411.57
0.0423614     1412.19
0.0449448     1412.8
0.0475273     1413.4
0.0501089     1413.99
0.0526897     1414.58
0.0552697     1415.16
0.057849     1415.74
0.0604276     1416.3
0.0630056     1416.86
0.065583     1417.42
0.0681598     1417.97
0.0707361     1418.51
0.0733119     1419.05
0.0758872     1419.59
0.0784621     1420.11
0.0810365     1420.64
0.0836106     1421.16
0.0861842     1421.67
0.0887575     1422.18
0.0913305     1422.69
0.0939031     1423.19
0.0964754     1423.68
0.0990474     1424.18
0.101619     1424.67
0.104191     1425.15
0.106762     1425.63
0.109333     1426.11
0.111903     1426.59
0.114474     1427.06
0.117044     1427.52
0.116777     1304.07
0.116509     1180.61
0.116242     1057.16
0.115974     933.703
0.115707     810.248
0.115439     686.793
0.115172     563.337
0.114904     439.882
0.114637     316.427
0.114369     192.972
0.114102     69.5165
0.113834     -53.9387
0.113567     -177.394
0.113299     -300.849
0.113032     -424.304
0.112764     -547.76
0.112497     -671.215
0.112229     -794.67
0.111962     -918.125
0.111694     -1041.58
0.111421     -1164.86
0.110324     -1263.29
0.107424     -1300.49
0.104156     -1317.4
0.100886     -1327.95
0.0976467     -1335.61
0.0944313     -1341.64
0.0912315     -1346.64
0.0880415     -1350.91
0.0848577     -1354.65
0.0816778     -1357.99
0.0785004     -1361
0.0753246     -1363.75
0.0721495     -1366.28
0.0689749     -1368.62
0.0658005     -1370.81
0.0626261     -1372.87
0.0594514     -1374.8
0.0562765     -1376.63
0.0531014     -1378.37
0.0499258     -1380.02
0.0467499     -1381.6
0.0435736     -1383.11
0.0403969     -1384.56
0.0372198     -1385.96
0.0340423     -1387.3
0.0308645     -1388.6
0.0276862     -1389.86
0.0245077     -1391.07
0.0213287     -1392.25
0.0181495     -1393.39
0.0149699     -1394.5
0.01179     -1395.58
0.00860982     -1396.63
0.00542934     -1397.66
0.00224859     -1398.66
-0.000932429     -1399.64
-0.0041137     -1400.6
-0.00729522     -1401.53
-0.010477     -1402.45
-0.013659     -1403.34
-0.0168412     -1404.22
-0.0200236     -1405.08
-0.0232062     -1405.93
-0.026389     -1406.76
-0.0294367     -1407.54
-0.0320261     -1408.2
-0.0346142     -1408.84
-0.037201     -1409.48
-0.0397867     -1410.11
-0.0423713     -1410.73
-0.0449549     -1411.34
-0.0475376     -1411.94
-0.0501193     -1412.54
-0.0527003     -1413.13
-0.0552805     -1413.71
-0.0578599     -1414.29
-0.0604387     -1414.86
-0.0630168     -1415.42
-0.0655943     -1415.98
-0.0681712     -1416.53
-0.0707476     -1417.08
-0.0733235     -1417.62
-0.075899     -1418.16
-0.0784739     -1418.69
-0.0810485     -1419.21
-0.0836226     -1419.73
-0.0861963     -1420.25
-0.0887697     -1420.76
-0.0913427     -1421.27
-0.0939154     -1421.77
-0.0964878     -1422.27
-0.0990599     -1422.77
-0.101632     -1423.26
-0.104203     -1423.75
-0.106775     -1424.23
-0.109346     -1424.71
-0.111916     -1425.19
-0.114487     -1425.66
-0.117057     -1426.13
-0.11679     -1302.67
-0.116522     -1179.22
-0.116255     -1055.76
-0.115987     -932.307
-0.11572     -808.852
-0.115452     -685.396
-0.115185     -561.941
-0.114917     -438.486
-0.11465     -315.031
-0.114382     -191.575
-0.114115     -68.1202
-0.113847     55.3351
-0.11358     178.79
-0.113312     302.246
-0.113045     425.701
-0.112777     549.156
-0.11251     672.611
-0.112242     796.067
-0.111975     919.522
-0.111708     1042.98
-0.111434     1166.25
-0.110329     1264.44
-0.107423     1301.42
-0.104154     1318.25
-0.100884     1328.76
-0.0976452     1336.39
-0.0944301     1342.4
-0.0912305     1347.38
-0.0880406     1351.64
-0.084857     1355.37
-0.0816773     1358.69
-0.0785     1361.7
-0.0753241     1364.44
-0.0721492     1366.96
-0.0689746     1369.3
-0.0658002     1371.48
-0.0626258     1373.53
-0.0594512     1375.46
-0.0562764     1377.29
-0.0531012     1379.02
-0.0499257     1380.67
-0.0467497     1382.25
-0.0435734     1383.75
-0.0403967     1385.2
-0.0372197     1386.59
-0.0340422     1387.94
-0.0308643     1389.23
-0.0276861     1390.48
-0.0245076     1391.69
-0.0213286     1392.87
-0.0181494     1394.01
-0.0149698     1395.12
-0.0117899     1396.19
-0.00860972     1397.24
-0.00542924     1398.27
-0.00224849     1399.27
0.000932536     1400.24
0.00411381     1401.2
0.00729534     1402.13
0.0104771     1403.04
0.0136591     1403.94
0.0168413     1404.82
0.0200237     1405.68
0.0232063     1406.52
0.0263891     1407.35
0.0294361     1408.13
0.0320254     1408.78
0.0346134     1409.43
0.0372002     1410.06
0.0397858     1410.69
0.0423703     1411.31
0.0449538     1411.92
0.0475364     1412.52
0.050118     1413.12
0.0526989     1413.71
0.055279     1414.29
0.0578584     1414.86
0.0604371     1415.43
0.0630152     1415.99
0.0655926     1416.55
0.0681695     1417.1
0.0707459     1417.65
0.0733217     1418.19
0.0758971     1418.72
0.078472     1419.25
0.0810465     1419.78
0.0836206     1420.3
0.0861943     1420.81
0.0887676     1421.33
0.0913406     1421.83
0.0939132     1422.33
0.0964856     1422.83
0.0990576     1423.33
0.101629     1423.82
0.104201     1424.3
0.106772     1424.79
0.109343     1425.27
0.111914     1425.74
0.114484     1426.21
0.117055     1426.68
0.116754     1287.79
0.116453     1148.91
0.116152     1010.02
0.115851     871.133
0.11555     732.246
0.115249     593.359
0.114948     454.472
0.114647     315.585
0.114346     176.698
0.114046     37.8105
0.113745     -101.077
0.113444     -239.964
0.113143     -378.851
0.112842     -517.738
0.112541     -656.625
0.11224     -795.512
0.111939     -934.399
0.111638     -1073.29
0.111262     -1209.99
0.108987     -1287.09
0.105392     -1312.76
0.101704     -1326.24
0.0980536     -1335.31
0.0944346     -1342.17
0.0908355     -1347.71
0.0872482     -1352.39
0.083668     -1356.43
0.080092     -1360
0.0765184     -1363.21
0.0729462     -1366.12
0.0693747     -1368.79
0.0658034     -1371.26
0.0622321     -1373.55
0.0586606     -1375.7
0.0550887     -1377.72
0.0515164     -1379.63
0.0479436     -1381.44
0.0443704     -1383.16
0.0407966     -1384.8
0.0372224     -1386.37
0.0336477     -1387.88
0.0300725     -1389.33
0.0264969     -1390.72
0.0229208     -1392.07
0.0193443     -1393.37
0.0157673     -1394.62
0.01219     -1395.84
0.00861228     -1397.03
0.0050342     -1398.18
0.00145578     -1399.3
-0.00212297     -1400.39
-0.00570205     -1401.45
-0.00928142     -1402.49
-0.0128611     -1403.5
-0.016441     -1404.49
-0.0200212     -1405.46
-0.0236017     -1406.41
-0.0271824     -1407.34
-0.0304053     -1408.16
-0.0333177     -1408.89
-0.0362285     -1409.61
-0.0391377     -1410.32
-0.0420456     -1411.02
-0.0449521     -1411.71
-0.0478575     -1412.39
-0.0507618     -1413.05
-0.053665     -1413.71
-0.0565673     -1414.37
-0.0594687     -1415.01
-0.0623693     -1415.65
-0.0652691     -1416.27
-0.0681681     -1416.89
-0.0710665     -1417.51
-0.0739643     -1418.11
-0.0768615     -1418.72
-0.0797581     -1419.31
-0.0826541     -1419.9
-0.0855497     -1420.48
-0.0884448     -1421.06
-0.0913395     -1421.63
-0.0942337     -1422.19
-0.0971275     -1422.75
-0.100021     -1423.31
-0.102914     -1423.86
-0.105807     -1424.4
-0.108699     -1424.94
-0.111592     -1425.48
-0.114483     -1426.01
-0.117375     -1426.54
-0.120266     -1427.06
-0.123158     -1427.58
-0.126048     -1428.09
-0.128939     -1428.61
-0.131829     -1429.11
-0.13472     -1429.62
-0.13761     -1430.12
-0.1405     -1430.62
-0.143389     -1431.11
-0.146279     -1431.6
-0.149168     -1432.09
-0.148834     -1277.77
-0.148499     -1123.45
-0.148165     -969.131
-0.147831     -814.812
-0.147496     -660.493
-0.147162     -506.174
-0.146828     -351.855
-0.146493     -197.535
-0.146159     -43.2164
-0.145825     111.103
-0.14549     265.422
-0.145156     419.741
-0.144822     574.06
-0.144487     728.379
-0.144153     882.698
-0.143818     1037.02
-0.143451     1190.39
-0.141143     1283.22
-0.13715     1311.34
-0.133058     1325.48
-0.129011     1334.86
-0.124998     1341.93
-0.121005     1347.63
-0.117024     1352.42
-0.113049     1356.57
-0.109077     1360.23
-0.105107     1363.51
-0.101139     1366.49
-0.0971701     1369.23
-0.0932017     1371.75
-0.0892329     1374.1
-0.0852638     1376.3
-0.0812941     1378.37
-0.0773238     1380.33
-0.073353     1382.18
-0.0693815     1383.95
-0.0654095     1385.63
-0.0614369     1387.24
-0.0574638     1388.79
-0.0534901     1390.27
-0.0495159     1391.71
-0.0455412     1393.09
-0.041566     1394.43
-0.0375904     1395.72
-0.0336144     1396.98
-0.029638     1398.2
-0.0256611     1399.38
-0.0216839     1400.54
-0.0177064     1401.66
-0.0137285     1402.76
-0.00975029     1403.83
-0.00577179     1404.88
-0.00207126     1405.83
0.00116536     1406.65
0.00439992     1407.45
0.00763261     1408.24
0.0108636     1409.02
0.014093     1409.79
0.0173209     1410.54
0.0205476     1411.28
0.023773     1412.01
0.0269973     1412.73
0.0302205     1413.45
0.0334428     1414.15
0.0366641     1414.84
0.0398847     1415.53
0.0431044     1416.2
0.0463234     1416.87
0.0495417     1417.53
0.0527594     1418.18
0.0559765     1418.83
0.0591931     1419.47
0.0624091     1420.1
0.0656246     1420.72
0.0688397     1421.34
0.0720543     1421.95
0.0752685     1422.56
0.0784824     1423.16
0.0816958     1423.76
0.084909     1424.35
0.0881217     1424.93
0.0913342     1425.51
0.0945464     1426.09
0.0977583     1426.66
0.10097     1427.22
0.104181     1427.79
0.107393     1428.34
0.110604     1428.9
0.113814     1429.44
0.117025     1429.99
0.120235     1430.53
0.123445     1431.07
0.126655     1431.6
0.129865     1432.13
0.133075     1432.66
0.136284     1433.18
0.139494     1433.7
0.142703     1434.22
0.145912     1434.73
0.149121     1435.24
0.148786     1280.92
0.148452     1126.61
0.148118     972.286
0.147783     817.967
0.147449     663.648
0.147115     509.329
0.14678     355.01
0.146446     200.691
0.146112     46.3718
0.145777     -107.947
0.145443     -262.266
0.145109     -416.585
0.144774     -570.904
0.14444     -725.223
0.144105     -879.543
0.143771     -1033.86
0.143405     -1187.26
0.141123     -1280.9
0.137138     -1309.37
0.133047     -1323.64
0.129     -1333.11
0.124987     -1340.23
0.120993     -1345.97
0.117012     -1350.8
0.113036     -1354.97
0.109065     -1358.65
0.105095     -1361.96
0.101126     -1364.96
0.097158     -1367.71
0.0931895     -1370.25
0.0892208     -1372.61
0.0852517     -1374.82
0.081282     -1376.9
0.0773118     -1378.87
0.073341     -1380.73
0.0693697     -1382.51
0.0653977     -1384.2
0.0614251     -1385.82
0.057452     -1387.38
0.0534784     -1388.87
0.0495043     -1390.31
0.0455296     -1391.7
0.0415545     -1393.04
0.0375789     -1394.34
0.0336029     -1395.6
0.0296265     -1396.83
0.0256498     -1398.02
0.0216726     -1399.18
0.0176951     -1400.31
0.0137173     -1401.41
0.00973909     -1402.49
0.00576062     -1403.54
0.00206112     -1404.5
-0.00117573     -1405.32
-0.0044105     -1406.13
-0.00764338     -1406.92
-0.0108745     -1407.7
-0.0141041     -1408.47
-0.0173323     -1409.23
-0.0205591     -1409.97
-0.0237846     -1410.71
-0.0270091     -1411.43
-0.0302324     -1412.15
-0.0334548     -1412.85
-0.0366763     -1413.55
-0.039897     -1414.24
-0.0431168     -1414.92
-0.0463359     -1415.59
-0.0495544     -1416.25
-0.0527722     -1416.9
-0.0559894     -1417.55
-0.059206     -1418.19
-0.0624221     -1418.83
-0.0656377     -1419.45
-0.0688528     -1420.07
-0.0720675     -1420.69
-0.0752818     -1421.3
-0.0784957     -1421.9
-0.0817093     -1422.5
-0.0849225     -1423.09
-0.0881353     -1423.68
-0.0913479     -1424.26
-0.0945601     -1424.84
-0.0977721     -1425.41
-0.100984     -1425.98
-0.104195     -1426.54
-0.107406     -1427.1
-0.110617     -1427.66
-0.113828     -1428.21
-0.117039     -1428.75
-0.120249     -1429.3
-0.123459     -1429.83
-0.126669     -1430.37
-0.129879     -1430.9
-0.133089     -1431.43
-0.136299     -1431.96
-0.139508     -1432.48
-0.142717     -1433
-0.145926     -1433.51
-0.149135     -1434.02
-0.148801     -1279.7
-0.148467     -1125.39
-0.148132     -971.066
-0.147798     -816.747
-0.147463     -662.428
-0.147129     -508.109
-0.146795     -353.79
-0.14646     -199.471
-0.146126     -45.1517
-0.145792     109.167
-0.145457     263.486
-0.145123     417.805
-0.144789     572.125
-0.144454     726.444
-0.14412     880.763
-0.143786     1035.08
-0.143419     1188.47
-0.141127     1281.8
-0.137139     1310.13
-0.133048     1324.35
-0.129001     1333.79
-0.124988     1340.89
-0.120995     1346.61
-0.117013     1351.42
-0.113038     1355.59
-0.109067     1359.26
-0.105097     1362.56
-0.101128     1365.55
-0.0971599     1368.29
-0.0931915     1370.83
-0.0892228     1373.19
-0.0852537     1375.39
-0.081284     1377.47
-0.0773138     1379.43
-0.073343     1381.29
-0.0693716     1383.06
-0.0653997     1384.75
-0.0614271     1386.37
-0.057454     1387.92
-0.0534803     1389.41
-0.0495062     1390.85
-0.0455315     1392.24
-0.0415564     1393.58
-0.0375808     1394.88
-0.0336048     1396.13
-0.0296284     1397.36
-0.0256516     1398.55
-0.0216745     1399.7
-0.017697     1400.83
-0.0137191     1401.93
-0.00974094     1403.01
-0.00576247     1404.06
-0.00206315     1405.01
0.0011736     1405.83
0.00440827     1406.64
0.00764107     1407.43
0.0108722     1408.21
0.0141017     1408.98
0.0173297     1409.73
0.0205564     1410.48
0.0237819     1411.21
0.0270063     1411.94
0.0302296     1412.65
0.033452     1413.35
0.0366734     1414.05
0.039894     1414.73
0.0431138     1415.41
0.0463329     1416.08
0.0495512     1416.74
0.052769     1417.4
0.0559861     1418.04
0.0592027     1418.68
0.0624188     1419.32
0.0656344     1419.94
0.0688495     1420.56
0.0720641     1421.18
0.0752784     1421.79
0.0784923     1422.39
0.0817058     1422.99
0.0849189     1423.58
0.0881318     1424.16
0.0913443     1424.74
0.0945565     1425.32
0.0977685     1425.89
0.10098     1426.46
0.104192     1427.02
0.107403     1427.58
0.110614     1428.13
0.113825     1428.68
0.117035     1429.23
0.120245     1429.77
0.123456     1430.31
0.126666     1430.85
0.129875     1431.38
0.133085     1431.91
0.136295     1432.43
0.139504     1432.95
0.142713     1433.47
0.145922     1433.98
0.149131     1434.49
