U_Link_disp     U_Link_shear
0     0
-3.22154e-05     -14.8686
-6.44308e-05     -29.7373
-9.66462e-05     -44.6059
-0.000128862     -59.4746
-0.000161077     -74.3432
-0.000193292     -89.2119
-0.000225508     -104.081
-0.000257723     -118.949
-0.000289939     -133.818
-0.000322154     -148.686
-0.000354369     -163.555
-0.000386585     -178.424
-0.0004188     -193.292
-0.000451016     -208.161
-0.000483231     -223.03
-0.000515446     -237.898
-0.000547662     -252.767
-0.000579877     -267.636
-0.000612093     -282.504
-0.000644308     -297.373
-0.000676524     -312.242
-0.000708739     -327.11
-0.000740954     -341.979
-0.00077317     -356.848
-0.000805385     -371.716
-0.000837601     -386.585
-0.000869816     -401.454
-0.000902031     -416.322
-0.000934247     -431.191
-0.000966462     -446.059
-0.000998678     -460.928
-0.00103089     -475.797
-0.00106311     -490.665
-0.00109532     -505.534
-0.00112754     -520.403
-0.00115975     -535.271
-0.00119197     -550.14
-0.00122419     -565.009
-0.0012564     -579.877
-0.00128862     -594.746
-0.00132083     -609.615
-0.00135305     -624.483
-0.00138526     -639.352
-0.00141748     -654.221
-0.00144969     -669.089
-0.00148191     -683.958
-0.00151412     -698.826
-0.00154634     -713.695
-0.00157855     -728.564
-0.00161077     -743.432
-0.00164299     -758.301
-0.0016752     -773.17
-0.00170742     -788.038
-0.00173963     -802.907
-0.00177185     -817.776
-0.00180406     -832.644
-0.00183628     -847.513
-0.00186849     -862.382
-0.00190071     -877.25
-0.00193292     -892.119
-0.00196514     -906.988
-0.00199736     -921.856
-0.00202957     -936.725
-0.00206179     -951.594
-0.002094     -966.462
-0.00212622     -981.331
-0.00215843     -996.199
-0.00219065     -1011.07
-0.00222286     -1025.94
-0.00225508     -1040.81
-0.00228729     -1055.67
-0.00231951     -1070.54
-0.00235172     -1085.41
-0.00238394     -1100.28
-0.00241616     -1115.15
-0.00244837     -1130.02
-0.00248059     -1144.89
-0.0025128     -1159.75
-0.00254502     -1174.62
-0.00257331     -1187.68
-0.00259628     -1198.28
-0.00261621     -1207.48
-0.00263411     -1215.75
-0.00265055     -1223.33
-0.00266585     -1230.39
-0.00268044     -1237.03
-0.00271641     -1243.06
-0.00277979     -1248.49
-0.00286435     -1253.45
-0.00296588     -1258.04
-0.00308138     -1262.32
-0.00320866     -1266.35
-0.00334603     -1270.16
-0.00349217     -1273.77
-0.00364605     -1277.22
-0.00380679     -1280.52
-0.0039737     -1283.69
-0.00414618     -1286.73
-0.00432373     -1289.67
-0.00450591     -1292.5
-0.00444148     -1262.77
-0.00437705     -1233.03
-0.00431262     -1203.29
-0.00424819     -1173.55
-0.00418376     -1143.82
-0.00411933     -1114.08
-0.00405489     -1084.34
-0.00399046     -1054.61
-0.00392603     -1024.87
-0.0038616     -995.131
-0.00379717     -965.393
-0.00373274     -935.656
-0.00366831     -905.919
-0.00360388     -876.181
-0.00353945     -846.444
-0.00347502     -816.707
-0.00341059     -786.969
-0.00334616     -757.232
-0.00328172     -727.495
-0.00321729     -697.758
-0.00315286     -668.02
-0.00308843     -638.283
-0.003024     -608.546
-0.00295957     -578.808
-0.00289514     -549.071
-0.00283071     -519.334
-0.00276628     -489.597
-0.00270185     -459.859
-0.00263742     -430.122
-0.00257299     -400.385
-0.00250856     -370.647
-0.00244412     -340.91
-0.00237969     -311.173
-0.00231526     -281.435
-0.00225083     -251.698
-0.0021864     -221.961
-0.00212197     -192.224
-0.00205754     -162.486
-0.00199311     -132.749
-0.00192868     -103.012
-0.00186425     -73.2743
-0.00179982     -43.537
-0.00173539     -13.7997
-0.00167095     15.9375
-0.00160652     45.6748
-0.00154209     75.4121
-0.00147766     105.149
-0.00141323     134.887
-0.0013488     164.624
-0.00128437     194.361
-0.00121994     224.099
-0.00115551     253.836
-0.00109108     283.573
-0.00102665     313.311
-0.000962216     343.048
-0.000897785     372.785
-0.000833354     402.522
-0.000768923     432.26
-0.000704492     461.997
-0.000640062     491.734
-0.000575631     521.472
-0.0005112     551.209
-0.000446769     580.946
-0.000382338     610.684
-0.000317908     640.421
-0.000253477     670.158
-0.000189046     699.895
-0.000124615     729.633
-6.01843e-05     759.37
4.24651e-06     789.107
6.86773e-05     818.845
0.000133108     848.582
0.000197539     878.319
0.00026197     908.057
0.000326401     937.794
0.000390831     967.531
0.000455262     997.268
0.000519693     1027.01
0.000584124     1056.74
0.000637732     1081.49
0.000678714     1100.4
0.000713442     1116.43
0.00074427     1130.66
0.000772372     1143.63
0.000798429     1155.65
0.000822881     1166.94
0.000846028     1177.62
0.000893295     1187.54
0.0010055     1196.38
0.00116828     1204.4
0.00137102     1211.75
0.00160633     1218.58
0.00186883     1224.95
0.00215447     1230.95
0.0024601     1236.62
0.00278324     1242.01
0.00312186     1247.14
0.0034743     1252.04
0.00383919     1256.74
0.00421534     1261.26
0.00415091     1231.52
0.00408648     1201.79
0.00402205     1172.05
0.00395762     1142.31
0.00389319     1112.57
0.00382876     1082.84
0.00376432     1053.1
0.00369989     1023.36
0.00363546     993.625
0.00357103     963.888
0.0035066     934.15
0.00344217     904.413
0.00337774     874.676
0.00331331     844.938
0.00324888     815.201
0.00318445     785.464
0.00312002     755.727
0.00305559     725.989
0.00299116     696.252
0.00292672     666.515
0.00286229     636.777
0.00279786     607.04
0.00273343     577.303
0.002669     547.565
0.00260457     517.828
0.00254014     488.091
0.00247571     458.353
0.00241128     428.616
0.00234685     398.879
0.00228242     369.142
0.00221799     339.404
0.00215355     309.667
0.00208912     279.93
0.00202469     250.192
0.00196026     220.455
0.00189583     190.718
0.0018314     160.981
0.00176697     131.243
0.00170254     101.506
0.00163811     71.7686
0.00157368     42.0313
0.00150925     12.294
0.00144482     -17.4433
0.00138038     -47.1806
0.00131595     -76.9179
0.00125152     -106.655
0.00118709     -136.392
0.00112266     -166.13
0.00105823     -195.867
0.0009938     -225.604
0.000929369     -255.342
0.000864938     -285.079
0.000800507     -314.816
0.000736077     -344.554
0.000671646     -374.291
0.000607215     -404.028
0.000542784     -433.765
0.000478353     -463.503
0.000413923     -493.24
0.000349492     -522.977
0.000285061     -552.715
0.00022063     -582.452
0.000156199     -612.189
9.17685e-05     -641.927
2.73377e-05     -671.664
-3.70931e-05     -701.401
-0.000101524     -731.138
-0.000165955     -760.876
-0.000230386     -790.613
-0.000294816     -820.35
-0.000359247     -850.088
-0.000423678     -879.825
-0.000488109     -909.562
-0.00055254     -939.299
-0.00061697     -969.037
-0.000681401     -998.774
-0.000745832     -1028.51
-0.000810263     -1058.25
-0.000874694     -1087.99
-0.000927658     -1112.43
-0.000967659     -1130.89
-0.00100142     -1146.47
-0.00103133     -1160.28
-0.00105857     -1172.85
-0.00108382     -1184.51
-0.0011075     -1195.44
-0.00112992     -1205.78
-0.0011604     -1215.55
-0.00125173     -1224.3
-0.00139753     -1232.19
-0.00158605     -1239.42
-0.00180916     -1246.11
-0.002061     -1252.34
-0.00233721     -1258.2
-0.00263439     -1263.73
-0.00294989     -1268.97
-0.00328155     -1273.96
-0.00362762     -1278.72
-0.00398662     -1283.28
-0.00435733     -1287.66
-0.0042929     -1257.92
-0.00422847     -1228.18
-0.00416404     -1198.45
-0.00409961     -1168.71
-0.00403518     -1138.97
-0.00397075     -1109.24
-0.00390631     -1079.5
-0.00384188     -1049.76
-0.00377745     -1020.02
-0.00371302     -990.287
-0.00364859     -960.549
-0.00358416     -930.812
-0.00351973     -901.075
-0.0034553     -871.337
-0.00339087     -841.6
-0.00332644     -811.863
-0.00326201     -782.125
-0.00319758     -752.388
-0.00313314     -722.651
-0.00306871     -692.914
-0.00300428     -663.176
-0.00293985     -633.439
-0.00287542     -603.702
-0.00281099     -573.964
-0.00274656     -544.227
-0.00268213     -514.49
-0.0026177     -484.753
-0.00255327     -455.015
-0.00248884     -425.278
-0.00242441     -395.541
-0.00235997     -365.803
-0.00229554     -336.066
-0.00223111     -306.329
-0.00216668     -276.591
-0.00210225     -246.854
-0.00203782     -217.117
-0.00197339     -187.38
-0.00190896     -157.642
-0.00184453     -127.905
-0.0017801     -98.1676
-0.00171567     -68.4303
-0.00165124     -38.693
-0.0015868     -8.95572
-0.00152237     20.7816
-0.00145794     50.5189
-0.00139351     80.2562
-0.00132908     109.993
-0.00126465     139.731
-0.00120022     169.468
-0.00113579     199.205
-0.00107136     228.943
-0.00100693     258.68
-0.000942497     288.417
-0.000878066     318.155
-0.000813635     347.892
-0.000749204     377.629
-0.000684774     407.366
-0.000620343     437.104
-0.000555912     466.841
-0.000491481     496.578
-0.00042705     526.316
-0.00036262     556.053
-0.000298189     585.79
-0.000233758     615.528
-0.000169327     645.265
-0.000104896     675.002
-4.04655e-05     704.739
2.39653e-05     734.477
8.83961e-05     764.214
0.000152827     793.951
0.000217258     823.689
0.000281689     853.426
0.000346119     883.163
0.00041055     912.901
0.000474981     942.638
0.000539412     972.375
0.000603843     1002.11
0.000668273     1031.85
0.000732704     1061.59
0.000786207     1086.28
0.000827027     1105.12
0.000861592     1121.07
0.000892268     1135.23
0.000920225     1148.14
0.000946146     1160.1
0.000970468     1171.32
0.000993492     1181.95
0.00103752     1191.85
0.00114634     1200.68
0.00130629     1208.67
0.0015066     1216
0.00173977     1222.8
0.00200036     1229.16
0.00228426     1235.14
0.00258831     1240.79
0.00290998     1246.15
0.00324724     1251.26
0.0035984     1256.14
0.00396209     1260.82
0.00433711     1265.31
0.00424046     1220.7
0.00414382     1176.1
0.00404717     1131.49
0.00395052     1086.89
0.00385388     1042.28
0.00375723     997.675
0.00366058     953.069
0.00356394     908.463
0.00346729     863.857
0.00337065     819.251
0.003274     774.646
0.00317735     730.04
0.00308071     685.434
0.00298406     640.828
0.00288741     596.222
0.00279077     551.616
0.00269412     507.01
0.00259748     462.404
0.00250083     417.798
0.00240418     373.192
0.00230754     328.586
0.00221089     283.98
0.00211424     239.374
0.0020176     194.768
0.00192095     150.162
0.00182431     105.556
0.00172766     60.9504
0.00163101     16.3444
0.00153437     -28.2615
0.00143772     -72.8675
0.00134107     -117.473
0.00124443     -162.079
0.00114778     -206.685
0.00105114     -251.291
0.00095449     -295.897
0.000857844     -340.503
0.000761197     -385.109
0.000664551     -429.715
0.000567905     -474.321
0.000471259     -518.927
0.000374612     -563.533
0.000277966     -608.139
0.00018132     -652.745
8.46738e-05     -697.351
-1.19724e-05     -741.957
-0.000108619     -786.563
-0.000205265     -831.169
-0.000301911     -875.775
-0.000398557     -920.38
-0.000495203     -964.986
-0.00059185     -1009.59
-0.000688496     -1054.2
-0.000782153     -1097.42
-0.000846459     -1127.1
-0.000895819     -1149.89
-0.000937835     -1169.28
-0.000975276     -1186.56
-0.00100952     -1202.36
-0.00108259     -1216.65
-0.00128667     -1228.81
-0.00158643     -1239.46
-0.00195668     -1249.01
-0.00238151     -1257.69
-0.00285021     -1265.68
-0.00335513     -1273.1
-0.00389062     -1280.04
-0.00445234     -1286.57
-0.00503688     -1292.73
-0.0056415     -1298.58
-0.00626398     -1304.15
-0.00690247     -1309.47
-0.0075554     -1314.56
-0.00822146     -1319.44
-0.0088995     -1324.13
-0.00958856     -1328.65
-0.0102878     -1333
-0.0109964     -1337.21
-0.0117137     -1341.28
-0.0124391     -1345.22
-0.0131722     -1349.04
-0.0139124     -1352.74
-0.0146593     -1356.34
-0.0154125     -1359.84
-0.0161717     -1363.25
-0.0169365     -1366.56
-0.0177067     -1369.79
-0.0184819     -1372.94
-0.0192619     -1376.02
-0.0200465     -1379.02
-0.0208355     -1381.95
-0.0216287     -1384.81
-0.0224258     -1387.61
-0.0232268     -1390.35
-0.0240314     -1393.03
-0.0248396     -1395.65
-0.0256511     -1398.22
-0.0264658     -1400.74
-0.0272837     -1403.21
-0.0281046     -1405.63
-0.0289283     -1408
-0.0287995     -1348.52
-0.0286706     -1289.05
-0.0285418     -1229.58
-0.0284129     -1170.1
-0.028284     -1110.63
-0.0281552     -1051.15
-0.0280263     -991.677
-0.0278974     -932.202
-0.0277686     -872.728
-0.0276397     -813.253
-0.0275109     -753.779
-0.027382     -694.304
-0.0272531     -634.829
-0.0271243     -575.355
-0.0269954     -515.88
-0.0268666     -456.406
-0.0267377     -396.931
-0.0266088     -337.456
-0.02648     -277.982
-0.0263511     -218.507
-0.0262222     -159.033
-0.0260934     -99.558
-0.0259645     -40.0834
-0.0258357     19.3912
-0.0257068     78.8658
-0.0255779     138.34
-0.0254491     197.815
-0.0253202     257.29
-0.0251914     316.764
-0.0250625     376.239
-0.0249336     435.713
-0.0248048     495.188
-0.0246759     554.663
-0.024547     614.137
-0.0244182     673.612
-0.0242893     733.086
-0.0241605     792.561
-0.0240316     852.036
-0.0239027     911.51
-0.0237831     966.716
-0.0237033     1003.57
-0.0236406     1032.51
-0.0235867     1057.36
-0.0234707     1078.88
-0.0231514     1096.49
-0.0226955     1111.57
-0.0221441     1124.88
-0.0215212     1136.87
-0.0208423     1147.83
-0.0201178     1157.96
-0.0193555     1167.38
-0.018561     1176.22
-0.0177388     1184.54
-0.0168922     1192.42
-0.0160242     1199.91
-0.015137     1207.05
-0.0142326     1213.87
-0.0133126     1220.4
-0.0123783     1226.68
-0.0114311     1232.72
-0.0104718     1238.53
-0.00950144     1244.15
-0.00852081     1249.58
-0.00753059     1254.83
-0.00653143     1259.92
-0.00552388     1264.86
-0.00450847     1269.66
-0.00348564     1274.32
-0.00245581     1278.85
-0.00141937     1283.26
-0.000376664     1287.56
0.000671992     1291.75
0.0017263     1295.84
0.002786     1299.83
0.00385083     1303.73
0.00492056     1307.54
0.00599499     1311.26
0.0070739     1314.9
0.00815712     1318.47
0.00924446     1321.96
0.0103358     1325.37
0.0114309     1328.72
0.0125297     1332.01
0.013632     1335.22
0.0147377     1338.38
0.0158467     1341.48
0.0169589     1344.52
0.0180742     1347.5
0.0191924     1350.43
0.0203135     1353.31
0.0214374     1356.14
0.0225639     1358.92
0.0236931     1361.65
0.0248248     1364.34
0.0259589     1366.98
0.0270954     1369.58
0.0282343     1372.14
0.0293754     1374.65
0.0305187     1377.13
0.0316641     1379.57
0.0315352     1320.09
0.0314063     1260.62
0.0312775     1201.15
0.0311486     1141.67
0.0310198     1082.2
0.0308909     1022.72
0.030762     963.247
0.0306332     903.772
0.0305043     844.298
0.0303755     784.823
0.0302466     725.348
0.0301177     665.874
0.0299889     606.399
0.02986     546.925
0.0297311     487.45
0.0296023     427.975
0.0294734     368.501
0.0293446     309.026
0.0292157     249.552
0.0290868     190.077
0.028958     130.602
0.0288291     71.1278
0.0287003     11.6532
0.0285714     -47.8214
0.0284425     -107.296
0.0283137     -166.771
0.0281848     -226.245
0.0280559     -285.72
0.0279271     -345.194
0.0277982     -404.669
0.0276694     -464.144
0.0275405     -523.618
0.0274116     -583.093
0.0272828     -642.567
0.0271539     -702.042
0.027025     -761.517
0.0268962     -820.991
0.0267673     -880.466
0.0266385     -939.94
0.026519     -995.055
0.0264399     -1031.6
0.0263778     -1060.24
0.0263245     -1084.83
0.026216     -1106.19
0.0258997     -1123.63
0.0254418     -1138.5
0.0248856     -1151.6
0.0242561     -1163.38
0.0235694     -1174.12
0.0228363     -1184.04
0.0220647     -1193.26
0.0212604     -1201.9
0.020428     -1210.03
0.019571     -1217.72
0.0186923     -1225.02
0.0177942     -1231.98
0.0168788     -1238.62
0.0159476     -1244.98
0.0150021     -1251.08
0.0140435     -1256.95
0.0130729     -1262.6
0.0120911     -1268.06
0.011099     -1273.33
0.0100974     -1278.42
0.0090867     -1283.36
0.00806766     -1288.14
0.00704074     -1292.79
0.00600642     -1297.3
0.00496511     -1301.69
0.00391719     -1305.96
0.00286303     -1310.11
0.00180294     -1314.16
0.000737217     -1318.11
-0.000333867     -1321.97
-0.00141006     -1325.73
-0.00249113     -1329.4
-0.00357685     -1332.99
-0.00466703     -1336.5
-0.00576148     -1339.94
-0.00686003     -1343.3
-0.0079625     -1346.59
-0.00906875     -1349.81
-0.0101786     -1352.97
-0.011292     -1356.06
-0.0124087     -1359.1
-0.0135287     -1362.08
-0.0146519     -1365
-0.015778     -1367.86
-0.0169071     -1370.68
-0.018039     -1373.44
-0.0191736     -1376.15
-0.0203109     -1378.82
-0.0214507     -1381.44
-0.0225931     -1384.01
-0.0237378     -1386.54
-0.0248849     -1389.03
-0.0260342     -1391.48
-0.0271858     -1393.89
-0.0283395     -1396.26
-0.0294953     -1398.59
-0.0293664     -1339.12
-0.0292376     -1279.65
-0.0291087     -1220.17
-0.0289798     -1160.7
-0.028851     -1101.22
-0.0287221     -1041.75
-0.0285933     -982.272
-0.0284644     -922.797
-0.0283355     -863.323
-0.0282067     -803.848
-0.0280778     -744.374
-0.027949     -684.899
-0.0278201     -625.424
-0.0276912     -565.95
-0.0275624     -506.475
-0.0274335     -447.001
-0.0273046     -387.526
-0.0271758     -328.051
-0.0270469     -268.577
-0.0269181     -209.102
-0.0267892     -149.628
-0.0266603     -90.1531
-0.0265315     -30.6785
-0.0264026     28.7961
-0.0262738     88.2707
-0.0261449     147.745
-0.026016     207.22
-0.0258872     266.695
-0.0257583     326.169
-0.0256294     385.644
-0.0255006     445.118
-0.0253717     504.593
-0.0252429     564.068
-0.025114     623.542
-0.0249851     683.017
-0.0248563     742.491
-0.0247274     801.966
-0.0245986     861.44
-0.0244697     920.915
-0.0243502     976.079
-0.0242706     1012.79
-0.0242082     1041.59
-0.0241546     1066.32
-0.0240425     1087.77
-0.0237262     1105.32
-0.0232716     1120.32
-0.0227206     1133.56
-0.0220976     1145.48
-0.021418     1156.37
-0.0206927     1166.42
-0.0199292     1175.77
-0.0191334     1184.54
-0.0183097     1192.8
-0.0174615     1200.62
-0.0165919     1208.04
-0.0157029     1215.12
-0.0147967     1221.88
-0.0138748     1228.36
-0.0129386     1234.57
-0.0119894     1240.56
-0.0110281     1246.32
-0.0100558     1251.88
-0.00907307     1257.26
-0.00808078     1262.46
-0.00707952     1267.5
-0.00606987     1272.39
-0.00505232     1277.13
-0.00402736     1281.75
-0.00299539     1286.23
-0.00195679     1290.6
-0.000911927     1294.85
0.000138894     1298.99
0.00119538     1303.04
0.00225725     1306.98
0.00332425     1310.84
0.00439617     1314.6
0.00547277     1318.28
0.00655387     1321.88
0.00763926     1325.4
0.00872879     1328.85
0.00982227     1332.23
0.0109196     1335.53
0.0120205     1338.77
0.013125     1341.95
0.0142329     1345.07
0.0153441     1348.13
0.0164585     1351.13
0.0175759     1354.07
0.0186963     1356.97
0.0198195     1359.81
0.0209455     1362.6
0.0220742     1365.34
0.0232055     1368.04
0.0243393     1370.69
0.0254756     1373.29
0.0266142     1375.86
0.0277552     1378.38
0.0288984     1380.86
0.0300438     1383.31
0.0311913     1385.71
0.0310302     1311.37
0.0308691     1237.03
0.030708     1162.68
0.030547     1088.34
0.0303859     1014
0.0302248     939.652
0.0300637     865.309
0.0299027     790.966
0.0297416     716.623
0.0295805     642.279
0.0294194     567.936
0.0292583     493.593
0.0290973     419.25
0.0289362     344.906
0.0287751     270.563
0.028614     196.22
0.028453     121.877
0.0282919     47.5333
0.0281308     -26.8099
0.0279697     -101.153
0.0278087     -175.496
0.0276476     -249.84
0.0274865     -324.183
0.0273254     -398.526
0.0271643     -472.869
0.0270033     -547.213
0.0268422     -621.556
0.0266811     -695.899
0.02652     -770.242
0.026359     -844.586
0.0261979     -918.929
0.026046     -989.043
0.0259498     -1033.41
0.0258767     -1067.16
0.0257903     -1095.59
0.0254225     -1117.99
0.024833     -1136.33
0.0241017     -1152.09
0.0232698     -1166.04
0.0223618     -1178.61
0.0213938     -1190.1
0.0203767     -1200.7
0.0193186     -1210.56
0.0182257     -1219.8
0.0171026     -1228.48
0.015953     -1236.7
0.0147801     -1244.49
0.0135862     -1251.91
0.0123735     -1258.98
0.0111438     -1265.75
0.00989861     -1272.25
0.00863914     -1278.48
0.00736657     -1284.48
0.00608188     -1290.26
0.00478596     -1295.84
0.00347959     -1301.23
0.00216344     -1306.45
0.000838147     -1311.5
-0.000495733     -1316.4
-0.00183769     -1321.15
-0.00318728     -1325.76
-0.00454407     -1330.25
-0.00590768     -1334.61
-0.00727775     -1338.86
-0.00865398     -1343
-0.0100361     -1347.03
-0.0114237     -1350.96
-0.0128167     -1354.79
-0.0142147     -1358.53
-0.0156176     -1362.19
-0.0170252     -1365.76
-0.0184373     -1369.25
-0.0198536     -1372.67
-0.021274     -1376.01
-0.0226984     -1379.28
-0.0241266     -1382.48
-0.0255585     -1385.61
-0.0269939     -1388.68
-0.0284327     -1391.69
-0.0298748     -1394.64
-0.03132     -1397.53
-0.0327684     -1400.37
-0.0342197     -1403.15
-0.0356739     -1405.89
-0.0371309     -1408.57
-0.0385906     -1411.2
-0.0400529     -1413.78
-0.0415177     -1416.32
-0.0429851     -1418.82
-0.0444547     -1421.27
-0.0459268     -1423.68
-0.047401     -1426.05
-0.0488775     -1428.38
-0.0503561     -1430.67
-0.0518368     -1432.92
-0.0533195     -1435.13
-0.0548042     -1437.31
-0.0562907     -1439.46
-0.0577792     -1441.57
-0.0592695     -1443.65
-0.0590762     -1354.44
-0.0588829     -1265.23
-0.0586896     -1176.01
-0.0584963     -1086.8
-0.058303     -997.591
-0.0581097     -908.379
-0.0579164     -819.167
-0.0577231     -729.955
-0.0575298     -640.743
-0.0573365     -551.531
-0.0571432     -462.319
-0.0569499     -373.107
-0.0567567     -283.896
-0.0565634     -194.684
-0.0563701     -105.472
-0.0561768     -16.2598
-0.0559835     72.952
-0.0557902     162.164
-0.0555969     251.376
-0.0554036     340.588
-0.0552103     429.8
-0.055017     519.012
-0.0548237     608.223
-0.0546304     697.435
-0.0544371     786.647
-0.0542439     875.859
-0.0540799     951.545
-0.0539783     998.412
-0.0538898     1035.35
-0.053459     1063.52
-0.052727     1085.86
-0.0518141     1104.74
-0.0507774     1121.26
-0.0496491     1136.04
-0.0484497     1149.47
-0.0471929     1161.81
-0.0458884     1173.25
-0.0445437     1183.93
-0.0431643     1193.95
-0.0417547     1203.41
-0.0403184     1212.36
-0.0388583     1220.86
-0.0373769     1228.97
-0.0358762     1236.71
-0.0343579     1244.12
-0.0328236     1251.24
-0.0312744     1258.07
-0.0297117     1264.65
-0.0281362     1270.99
-0.0265491     1277.12
-0.0249509     1283.04
-0.0233424     1288.77
-0.0217244     1294.31
-0.0200972     1299.69
-0.0184615     1304.91
-0.0168177     1309.98
-0.0151662     1314.91
-0.0135075     1319.7
-0.0118419     1324.36
-0.0101697     1328.91
-0.00849127     1333.33
-0.00680688     1337.65
-0.00511679     1341.86
-0.00342124     1345.97
-0.00172047     1349.98
-1.47008e-05     1353.9
0.00169588     1357.73
0.00341107     1361.48
0.00513071     1365.14
0.00685462     1368.73
0.00858264     1372.24
0.0103146     1375.67
0.0120504     1379.04
0.01379     1382.34
0.015533     1385.57
0.0172796     1388.73
0.0190295     1391.84
0.0207826     1394.89
0.0225388     1397.88
0.0242981     1400.81
0.0260603     1403.69
0.0278253     1406.51
0.0295932     1409.29
0.0313637     1412.01
0.0331368     1414.69
0.0349125     1417.32
0.0366906     1419.91
0.0384712     1422.45
0.0402541     1424.95
0.0420392     1427.4
0.0438266     1429.82
0.0456161     1432.2
0.0474078     1434.53
0.0492015     1436.83
0.0509971     1439.1
0.0527948     1441.32
0.0545943     1443.51
0.0563957     1445.67
0.0581989     1447.8
0.0600039     1449.89
0.0598106     1360.68
0.0596173     1271.46
0.0594241     1182.25
0.0592308     1093.04
0.0590375     1003.83
0.0588442     914.616
0.0586509     825.404
0.0584576     736.193
0.0582643     646.981
0.058071     557.769
0.0578777     468.557
0.0576844     379.345
0.0574911     290.133
0.0572978     200.921
0.0571045     111.709
0.0569112     22.4974
0.056718     -66.7145
0.0565247     -155.926
0.0563314     -245.138
0.0561381     -334.35
0.0559448     -423.562
0.0557515     -512.774
0.0555582     -601.986
0.0553649     -691.198
0.0551716     -780.41
0.0549783     -869.622
0.054814     -945.47
0.0547118     -992.651
0.0546198     -1029.83
0.0541775     -1058.11
0.053436     -1080.55
0.0525146     -1099.53
0.0514702     -1116.14
0.0503346     -1131
0.0491283     -1144.51
0.0478648     -1156.92
0.0465539     -1168.43
0.0452029     -1179.17
0.0438174     -1189.26
0.0424018     -1198.77
0.0409597     -1207.78
0.039494     -1216.34
0.038007     -1224.5
0.0365009     -1232.29
0.0349772     -1239.76
0.0334376     -1246.92
0.0318833     -1253.8
0.0303155     -1260.42
0.028735     -1266.81
0.0271429     -1272.98
0.0255399     -1278.94
0.0239266     -1284.71
0.0223038     -1290.29
0.020672     -1295.71
0.0190317     -1300.97
0.0173833     -1306.08
0.0157274     -1311.04
0.0140642     -1315.87
0.0123942     -1320.57
0.0107177     -1325.14
0.009035     -1329.6
0.00734638     -1333.95
0.0056521     -1338.2
0.00395242     -1342.34
0.00224756     -1346.38
0.000537739     -1350.33
-0.00117685     -1354.19
-0.00289601     -1357.97
-0.00461957     -1361.66
-0.00634736     -1365.28
-0.00807922     -1368.82
-0.00981502     -1372.28
-0.0115546     -1375.67
-0.0132979     -1379
-0.0150446     -1382.26
-0.0167948     -1385.45
-0.0185483     -1388.58
-0.020305     -1391.65
-0.0220648     -1394.67
-0.0238276     -1397.63
-0.0255933     -1400.53
-0.0273618     -1403.38
-0.0291331     -1406.18
-0.030907     -1408.93
-0.0326835     -1411.63
-0.0344625     -1414.29
-0.036244     -1416.9
-0.0380278     -1419.46
-0.039814     -1421.98
-0.0416023     -1424.46
-0.0433929     -1426.9
-0.0451856     -1429.3
-0.0469804     -1431.65
-0.0487772     -1433.98
-0.050576     -1436.26
-0.0523767     -1438.51
-0.0541793     -1440.72
-0.0559837     -1442.9
-0.0577899     -1445.04
-0.0595978     -1447.16
-0.0594046     -1357.94
-0.0592113     -1268.73
-0.059018     -1179.52
-0.0588247     -1090.31
-0.0586314     -1001.1
-0.0584381     -911.884
-0.0582448     -822.672
-0.0580515     -733.46
-0.0578582     -644.249
-0.0576649     -555.037
-0.0574716     -465.825
-0.0572783     -376.613
-0.057085     -287.401
-0.0568918     -198.189
-0.0566985     -108.977
-0.0565052     -19.7653
-0.0563119     69.4466
-0.0561186     158.659
-0.0559253     247.87
-0.055732     337.082
-0.0555387     426.294
-0.0553454     515.506
-0.0551521     604.718
-0.0549588     693.93
-0.0547655     783.142
-0.0545722     872.354
-0.0544081     948.124
-0.0543062     995.154
-0.0542159     1032.22
-0.0537794     1060.45
-0.0530426     1082.84
-0.0521256     1101.77
-0.0510851     1118.34
-0.0499534     1133.17
-0.0487506     1146.64
-0.0474906     1159.02
-0.0461831     1170.5
-0.0448355     1181.21
-0.0434532     1191.27
-0.0420408     1200.76
-0.0406018     1209.74
-0.0391391     1218.28
-0.0376551     1226.41
-0.0361519     1234.18
-0.0346311     1241.62
-0.0330944     1248.76
-0.0315429     1255.62
-0.0299778     1262.23
-0.0284     1268.6
-0.0268106     1274.75
-0.0252102     1280.69
-0.0235995     1286.44
-0.0219793     1292.01
-0.02035     1297.41
-0.0187122     1302.65
-0.0170663     1307.74
-0.0154128     1312.69
-0.0137521     1317.5
-0.0120844     1322.18
-0.0104103     1326.75
-0.00872994     1331.19
-0.00704363     1335.53
-0.00535164     1339.76
-0.00365422     1343.88
-0.0019516     1347.91
-0.000243991     1351.85
0.0014684     1355.7
0.00318539     1359.46
0.00490679     1363.14
0.00663246     1366.75
0.00836221     1370.27
0.0100959     1373.72
0.0118334     1377.1
0.0135746     1380.42
0.0153194     1383.66
0.0170676     1386.85
0.0188191     1389.97
0.0205738     1393.03
0.0223316     1396.03
0.0240925     1398.98
0.0258562     1401.87
0.0276229     1404.71
0.0293922     1407.5
0.0311643     1410.24
0.0329389     1412.93
0.0347161     1415.58
0.0364957     1418.17
0.0382777     1420.73
0.0400621     1423.24
0.0418487     1425.71
0.0436375     1428.14
0.0454284     1430.53
0.0472215     1432.88
0.0490166     1435.19
0.0508136     1437.46
0.0526126     1439.7
0.0544135     1441.91
0.0562163     1444.08
0.0580208     1446.21
0.0598271     1448.32
0.0596016     1344.23
0.0593761     1240.15
0.0591506     1136.07
0.0589251     1031.99
0.0586996     927.913
0.0584741     823.832
0.0582486     719.751
0.0580231     615.671
0.0577976     511.59
0.0575721     407.51
0.0573465     303.429
0.057121     199.349
0.0568955     95.2682
0.05667     -8.81232
0.0564445     -112.893
0.056219     -216.973
0.0559935     -321.054
0.055768     -425.134
0.0555425     -529.215
0.055317     -633.296
0.0550915     -737.376
0.054866     -841.457
0.0546579     -937.486
0.0545348     -994.289
0.0544004     -1036.7
0.0537817     -1067.61
0.0528217     -1091.87
0.0516601     -1112.27
0.0503617     -1130.05
0.0489626     -1145.9
0.0474855     -1160.26
0.0459457     -1173.43
0.0443539     -1185.61
0.0427182     -1196.96
0.0410449     -1207.59
0.0393387     -1217.6
0.0376035     -1227.06
0.0358426     -1236.04
0.0340586     -1244.57
0.0322537     -1252.72
0.0304299     -1260.51
0.0285887     -1267.97
0.0267315     -1275.13
0.0248597     -1282.01
0.0229742     -1288.63
0.021076     -1295.02
0.0191661     -1301.19
0.017245     -1307.15
0.0153137     -1312.91
0.0133726     -1318.5
0.0114223     -1323.91
0.00946331     -1329.16
0.00749616     -1334.25
0.00552124     -1339.2
0.00353895     -1344.01
0.00154964     -1348.69
-0.000446342     -1353.25
-0.00244869     -1357.68
-0.00445712     -1362.01
-0.00647137     -1366.22
-0.00849117     -1370.33
-0.0105163     -1374.34
-0.0125465     -1378.26
-0.0145817     -1382.08
-0.0166216     -1385.82
-0.018666     -1389.47
-0.0207147     -1393.04
-0.0227677     -1396.53
-0.0248247     -1399.95
-0.0268856     -1403.29
-0.0289503     -1406.56
-0.0310187     -1409.77
-0.0330906     -1412.91
-0.0351658     -1415.98
-0.0372444     -1419
-0.0393262     -1421.95
-0.0414111     -1424.85
-0.043499     -1427.69
-0.0455898     -1430.48
-0.0476834     -1433.21
-0.0497797     -1435.89
-0.0518787     -1438.53
-0.0539803     -1441.11
-0.0560845     -1443.65
-0.058191     -1446.14
-0.0603     -1448.59
-0.0624112     -1451
-0.0645247     -1453.36
-0.0666404     -1455.68
-0.0687583     -1457.96
-0.0708782     -1460.21
-0.0730002     -1462.41
-0.0751241     -1464.58
-0.07725     -1466.71
-0.0793777     -1468.81
-0.0815073     -1470.87
-0.0836387     -1472.9
-0.0857718     -1474.9
-0.0879066     -1476.86
-0.0900431     -1478.8
-0.0897854     -1359.85
-0.0895277     -1240.9
-0.08927     -1121.95
-0.0890122     -1003
-0.0887545     -884.05
-0.0884968     -765.101
-0.0882391     -646.151
-0.0879814     -527.202
-0.0877236     -408.253
-0.0874659     -289.304
-0.0872082     -170.355
-0.0869505     -51.4055
-0.0866927     67.5437
-0.086435     186.493
-0.0861773     305.442
-0.0859196     424.391
-0.0856618     543.34
-0.0854041     662.29
-0.0851464     781.239
-0.0848961     896.748
-0.0847483     964.988
-0.0845418     1013
-0.0837203     1046.77
-0.0825293     1073.17
-0.0811214     1095.31
-0.0795666     1114.56
-0.0779041     1131.71
-0.076158     1147.23
-0.0743448     1161.43
-0.0724761     1174.56
-0.0705604     1186.78
-0.0686044     1198.21
-0.0666133     1208.97
-0.0645913     1219.13
-0.0625417     1228.76
-0.0604675     1237.91
-0.0583709     1246.64
-0.056254     1254.97
-0.0541185     1262.95
-0.051966     1270.6
-0.0497978     1277.95
-0.0476149     1285.02
-0.0454186     1291.83
-0.0432096     1298.4
-0.0409888     1304.74
-0.0387568     1310.88
-0.0365145     1316.81
-0.0342624     1322.56
-0.0320009     1328.13
-0.0297308     1333.54
-0.0274522     1338.79
-0.0251658     1343.89
-0.0228719     1348.84
-0.0205709     1353.66
-0.018263     1358.35
-0.0159486     1362.92
-0.013628     1367.37
-0.0113015     1371.71
-0.00896924     1375.94
-0.00663151     1380.07
-0.00428854     1384.1
-0.00194052     1388.03
0.000412351     1391.87
0.00276989     1395.62
0.00513194     1399.29
0.00749831     1402.88
0.00986888     1406.39
0.0122435     1409.82
0.014622     1413.18
0.0170043     1416.46
0.0193902     1419.68
0.0217796     1422.83
0.0241725     1425.92
0.0265687     1428.95
0.0289681     1431.91
0.0313706     1434.82
0.0337761     1437.67
0.0361846     1440.47
0.0385959     1443.21
0.04101     1445.9
0.0434267     1448.54
0.0458461     1451.13
0.048268     1453.67
0.0506924     1456.17
0.0531192     1458.62
0.0555483     1461.03
0.0579797     1463.39
0.0604134     1465.71
0.0628492     1467.99
0.0652871     1470.24
0.0677271     1472.44
0.0701691     1474.61
0.0726131     1476.73
0.0750589     1478.83
0.0775067     1480.88
0.0799562     1482.91
0.0824076     1484.9
0.0848607     1486.86
0.0873155     1488.78
0.0897719     1490.68
0.0895142     1371.73
0.0892565     1252.78
0.0889988     1133.83
0.088741     1014.88
0.0884833     895.93
0.0882256     776.981
0.0879679     658.031
0.0877101     539.082
0.0874524     420.133
0.0871947     301.184
0.086937     182.235
0.0866793     63.2856
0.0864215     -55.6636
0.0861638     -174.613
0.0859061     -293.562
0.0856484     -412.511
0.0853906     -531.46
0.0851329     -650.41
0.0848752     -769.359
0.0846248     -884.918
0.0844761     -953.565
0.0842627     -1001.85
0.0834336     -1035.82
0.0822386     -1062.42
0.0808284     -1084.74
0.0792724     -1104.16
0.0776092     -1121.47
0.075863     -1137.14
0.0740499     -1151.49
0.0721814     -1164.75
0.0702663     -1177.1
0.0683111     -1188.66
0.0663208     -1199.54
0.0642997     -1209.81
0.0622512     -1219.56
0.060178     -1228.82
0.0580826     -1237.65
0.055967     -1246.08
0.0538328     -1254.16
0.0516817     -1261.91
0.0495148     -1269.36
0.0473334     -1276.52
0.0451385     -1283.42
0.0429309     -1290.08
0.0407116     -1296.52
0.0384812     -1302.74
0.0362404     -1308.76
0.0339898     -1314.59
0.0317299     -1320.24
0.0294613     -1325.73
0.0271844     -1331.05
0.0248995     -1336.23
0.0226072     -1341.26
0.0203078     -1346.15
0.0180015     -1350.92
0.0156888     -1355.56
0.0133698     -1360.08
0.0110448     -1364.49
0.00871421     -1368.79
0.00637811     -1372.98
0.00403676     -1377.08
0.00169036     -1381.08
-0.000660887     -1384.98
-0.00301681     -1388.8
-0.00537723     -1392.53
-0.00774199     -1396.18
-0.0101109     -1399.75
-0.0124839     -1403.25
-0.0148608     -1406.67
-0.0172415     -1410.01
-0.0196258     -1413.29
-0.0220136     -1416.5
-0.0244049     -1419.65
-0.0267995     -1422.73
-0.0291973     -1425.75
-0.0315982     -1428.72
-0.0340022     -1431.62
-0.0364091     -1434.47
-0.0388188     -1437.27
-0.0412313     -1440.01
-0.0436465     -1442.7
-0.0460643     -1445.34
-0.0484847     -1447.94
-0.0509075     -1450.49
-0.0533328     -1452.99
-0.0557604     -1455.45
-0.0581903     -1457.86
-0.0606224     -1460.23
-0.0630567     -1462.56
-0.0654931     -1464.85
-0.0679316     -1467.1
-0.0703721     -1469.32
-0.0728146     -1471.49
-0.075259     -1473.63
-0.0777053     -1475.73
-0.0801534     -1477.8
-0.0826033     -1479.84
-0.0850549     -1481.84
-0.0875083     -1483.81
-0.0899633     -1485.75
-0.0897055     -1366.8
-0.0894478     -1247.85
-0.0891901     -1128.9
-0.0889324     -1009.95
-0.0886747     -891.002
-0.0884169     -772.053
-0.0881592     -653.103
-0.0879015     -534.154
-0.0876438     -415.205
-0.087386     -296.256
-0.0871283     -177.307
-0.0868706     -58.3575
-0.0866129     60.5917
-0.0863551     179.541
-0.0860974     298.49
-0.0858397     417.439
-0.085582     536.388
-0.0853243     655.338
-0.0850665     774.287
-0.0848162     889.828
-0.0846678     958.323
-0.0844569     1006.51
-0.0836302     1040.4
-0.082436     1066.92
-0.081026     1089.16
-0.0794698     1108.52
-0.0778062     1125.76
-0.0760593     1141.36
-0.0742454     1155.66
-0.0723761     1168.86
-0.0704601     1181.16
-0.0685039     1192.67
-0.0665126     1203.5
-0.0644905     1213.73
-0.0624409     1223.42
-0.0603666     1232.64
-0.0582701     1241.42
-0.0561533     1249.82
-0.054018     1257.86
-0.0518657     1265.56
-0.0496976     1272.97
-0.047515     1280.09
-0.0453189     1286.96
-0.0431102     1293.58
-0.0408897     1299.98
-0.0386581     1306.16
-0.0364161     1312.15
-0.0341643     1317.94
-0.0319033     1323.56
-0.0296334     1329.02
-0.0273553     1334.31
-0.0250693     1339.45
-0.0227758     1344.45
-0.0204752     1349.32
-0.0181677     1354.05
-0.0158538     1358.66
-0.0135337     1363.15
-0.0112076     1367.53
-0.00887576     1371.8
-0.0065385     1375.97
-0.004196     1380.04
-0.00184845     1384.01
0.000503942     1387.89
0.002861     1391.68
0.00522256     1395.38
0.00758845     1399.01
0.00995852     1402.55
0.0123326     1406.02
0.0147106     1409.41
0.0170924     1412.73
0.0194778     1415.99
0.0218668     1419.17
0.0242592     1422.3
0.0266548     1425.35
0.0290537     1428.35
0.0314557     1431.29
0.0338607     1434.17
0.0362687     1437
0.0386795     1439.78
0.041093     1442.5
0.0435093     1445.17
0.0459281     1447.79
0.0483495     1450.36
0.0507734     1452.89
0.0531997     1455.37
0.0556283     1457.8
0.0580592     1460.19
0.0604924     1462.55
0.0629276     1464.86
0.0653651     1467.13
0.0678045     1469.36
0.070246     1471.55
0.0726895     1473.71
0.0751348     1475.83
0.0775821     1477.91
0.0800311     1479.96
0.082482     1481.98
0.0849346     1483.96
0.0873889     1485.91
0.0898448     1487.83
0.0895549     1354.01
0.0892649     1220.19
0.088975     1086.38
0.0886851     952.559
0.0883951     818.741
0.0881052     684.923
0.0878152     551.106
0.0875253     417.288
0.0872354     283.47
0.0869454     149.652
0.0866555     15.8342
0.0863656     -117.984
0.0860756     -251.801
0.0857857     -385.619
0.0854957     -519.437
0.0852058     -653.255
0.0849159     -787.073
0.0846532     -908.313
0.084571     -977.016
0.0840415     -1023.42
0.0828426     -1056.23
0.0813179     -1082.52
0.0795917     -1104.82
0.0777251     -1124.35
0.0757535     -1141.81
0.0736994     -1157.64
0.0715785     -1172.17
0.0694019     -1185.61
0.067178     -1198.12
0.0649133     -1209.84
0.0626129     -1220.87
0.060281     -1231.28
0.057921     -1241.15
0.0555356     -1250.52
0.0531274     -1259.46
0.0506984     -1267.99
0.0482502     -1276.15
0.0457845     -1283.97
0.0433026     -1291.48
0.0408056     -1298.71
0.0382947     -1305.66
0.0357707     -1312.36
0.0332345     -1318.83
0.0306868     -1325.08
0.0281284     -1331.13
0.0255598     -1336.98
0.0229816     -1342.64
0.0203944     -1348.13
0.0177985     -1353.46
0.0151944     -1358.63
0.0125826     -1363.66
0.00996343     -1368.54
0.00733717     -1373.29
0.00470417     -1377.91
0.00206473     -1382.41
-0.000580871     -1386.79
-0.00323237     -1391.06
-0.00588954     -1395.22
-0.00855213     -1399.28
-0.0112199     -1403.23
-0.0138928     -1407.1
-0.0165704     -1410.87
-0.0192528     -1414.55
-0.0219396     -1418.15
-0.0246307     -1421.67
-0.027326     -1425.11
-0.0300253     -1428.47
-0.0327285     -1431.76
-0.0354355     -1434.97
-0.0381461     -1438.12
-0.0408603     -1441.2
-0.0435778     -1444.22
-0.0462987     -1447.17
-0.0490228     -1450.06
-0.05175     -1452.9
-0.0544802     -1455.68
-0.0572133     -1458.4
-0.0599493     -1461.06
-0.0626881     -1463.68
-0.0654295     -1466.25
-0.0681735     -1468.76
-0.0709201     -1471.23
-0.0736692     -1473.65
-0.0764206     -1476.02
-0.0791744     -1478.35
-0.0819305     -1480.64
-0.0846888     -1482.89
-0.0874492     -1485.09
-0.0902118     -1487.26
-0.0929764     -1489.38
-0.0957431     -1491.47
-0.0985116     -1493.52
-0.101282     -1495.54
-0.104054     -1497.52
-0.106829     -1499.46
-0.109605     -1501.38
-0.112382     -1503.26
-0.115162     -1505.1
-0.117943     -1506.92
-0.120725     -1508.7
-0.120403     -1360.02
-0.120081     -1211.33
-0.119759     -1062.64
-0.119437     -913.956
-0.119115     -765.27
-0.118792     -616.583
-0.11847     -467.897
-0.118148     -319.21
-0.117826     -170.524
-0.117504     -21.8375
-0.117182     126.849
-0.116859     275.536
-0.116537     424.222
-0.116215     572.909
-0.115893     721.595
-0.115577     867.32
-0.115552     951.989
-0.114982     1004.84
-0.11361     1041.02
-0.111867     1069.64
-0.1099     1093.74
-0.107779     1114.74
-0.105543     1133.46
-0.103218     1150.39
-0.100821     1165.88
-0.0983642     1180.19
-0.0958563     1193.49
-0.0933047     1205.92
-0.090715     1217.6
-0.0880915     1228.62
-0.085438     1239.04
-0.0827576     1248.94
-0.0800527     1258.36
-0.0773257     1267.34
-0.0745783     1275.93
-0.0718122     1284.16
-0.069029     1292.05
-0.0662297     1299.62
-0.0634156     1306.91
-0.0605876     1313.93
-0.0577467     1320.7
-0.0548937     1327.24
-0.0520292     1333.55
-0.0491539     1339.65
-0.0462684     1345.56
-0.0433734     1351.29
-0.0404692     1356.83
-0.0375564     1362.22
-0.0346354     1367.44
-0.0317065     1372.51
-0.0287701     1377.44
-0.0258267     1382.23
-0.0228764     1386.9
-0.0199196     1391.43
-0.0169566     1395.85
-0.0139876     1400.15
-0.0110129     1404.35
-0.00803265     1408.44
-0.0050471     1412.42
-0.00205647     1416.31
0.00093908     1420.11
0.00393935     1423.81
0.00694418     1427.43
0.00995341     1430.97
0.0129669     1434.42
0.0159845     1437.8
0.019006     1441.1
0.0220314     1444.33
0.0250605     1447.48
0.0280932     1450.57
0.0311293     1453.59
0.0341688     1456.55
0.0372116     1459.45
0.0402576     1462.28
0.0433067     1465.06
0.0463587     1467.78
0.0494137     1470.44
0.0524714     1473.06
0.0555319     1475.62
0.0585951     1478.12
0.0616608     1480.58
0.0647291     1483
0.0677998     1485.36
0.0708729     1487.68
0.0739484     1489.96
0.0770261     1492.19
0.080106     1494.38
0.0831881     1496.53
0.0862722     1498.64
0.0893585     1500.71
0.0924467     1502.74
0.0955368     1504.74
0.0986289     1506.7
0.101723     1508.63
0.104818     1510.52
0.107916     1512.37
0.111015     1514.2
0.114114     1515.99
0.117206     1517.74
0.1203     1519.47
0.119978     1370.78
0.119655     1222.1
0.119333     1073.41
0.119011     924.724
0.118689     776.037
0.118367     627.351
0.118045     478.664
0.117723     329.978
0.1174     181.291
0.117078     32.6047
0.116756     -116.082
0.116434     -264.768
0.116112     -413.455
0.11579     -562.141
0.115467     -710.828
0.115152     -856.587
0.115122     -941.625
0.114547     -994.734
0.113172     -1031.13
0.111429     -1059.95
0.109463     -1084.23
0.107343     -1105.41
0.105109     -1124.28
0.102787     -1141.36
0.100392     -1157
0.0979376     -1171.44
0.0954326     -1184.86
0.0928838     -1197.42
0.090297     -1209.22
0.0876765     -1220.36
0.0850261     -1230.9
0.0823487     -1240.9
0.0796469     -1250.43
0.076923     -1259.51
0.0741787     -1268.2
0.0714158     -1276.52
0.0686357     -1284.51
0.0658396     -1292.18
0.0630286     -1299.56
0.0602038     -1306.67
0.057366     -1313.53
0.0545161     -1320.14
0.0516547     -1326.54
0.0487825     -1332.73
0.0459002     -1338.72
0.0430082     -1344.52
0.0401071     -1350.15
0.0371974     -1355.6
0.0342794     -1360.9
0.0313536     -1366.05
0.0284203     -1371.05
0.0254798     -1375.91
0.0225326     -1380.65
0.0195788     -1385.25
0.0166187     -1389.74
0.0136527     -1394.11
0.0106808     -1398.37
0.00770352     -1402.52
0.00472087     -1406.57
0.00173311     -1410.53
-0.00125958     -1414.39
-0.00425701     -1418.15
-0.00725902     -1421.83
-0.0102654     -1425.43
-0.0132761     -1428.94
-0.0162909     -1432.38
-0.0193097     -1435.73
-0.0223324     -1439.02
-0.0253588     -1442.23
-0.0283887     -1445.38
-0.0314222     -1448.45
-0.0344591     -1451.47
-0.0374993     -1454.42
-0.0405426     -1457.3
-0.0435891     -1460.13
-0.0466385     -1462.91
-0.0496909     -1465.62
-0.0527461     -1468.28
-0.0558041     -1470.89
-0.0588647     -1473.45
-0.061928     -1475.96
-0.0649938     -1478.42
-0.0680621     -1480.83
-0.0711327     -1483.2
-0.0742058     -1485.52
-0.0772811     -1487.8
-0.0803586     -1490.04
-0.0834383     -1492.23
-0.0865201     -1494.39
-0.089604     -1496.51
-0.0926899     -1498.58
-0.0957777     -1500.62
-0.0988675     -1502.63
-0.101959     -1504.59
-0.105053     -1506.53
-0.108148     -1508.43
-0.111245     -1510.29
-0.114341     -1512.12
-0.11743     -1513.92
-0.120522     -1515.68
-0.1202     -1367
-0.119877     -1218.31
-0.119555     -1069.62
-0.119233     -920.938
-0.118911     -772.251
-0.118589     -623.565
-0.118267     -474.878
-0.117945     -326.192
-0.117622     -177.505
-0.1173     -28.8187
-0.116978     119.868
-0.116656     268.554
-0.116334     417.241
-0.116012     565.927
-0.115689     714.614
-0.115374     860.363
-0.115346     945.289
-0.114771     998.317
-0.113397     1034.64
-0.111653     1063.39
-0.109686     1087.61
-0.107565     1108.73
-0.10533     1127.55
-0.103005     1144.58
-0.100609     1160.16
-0.098153     1174.56
-0.0956462     1187.94
-0.0930958     1200.45
-0.0905072     1212.21
-0.087885     1223.3
-0.0852328     1233.8
-0.0825537     1243.77
-0.0798502     1253.26
-0.0771245     1262.31
-0.0743785     1270.96
-0.0716138     1279.25
-0.068832     1287.2
-0.0660341     1294.84
-0.0632215     1302.19
-0.060395     1309.27
-0.0575555     1316.09
-0.0547038     1322.68
-0.0518408     1329.05
-0.048967     1335.21
-0.046083     1341.17
-0.0431894     1346.94
-0.0402867     1352.54
-0.0373753     1357.97
-0.0344557     1363.24
-0.0315283     1368.36
-0.0285934     1373.34
-0.0256513     1378.18
-0.0227025     1382.89
-0.0197472     1387.47
-0.0167856     1391.93
-0.013818     1396.28
-0.0108447     1400.51
-0.00786581     1404.64
-0.00488167     1408.67
-0.00189242     1412.6
0.00110174     1416.44
0.00410063     1420.18
0.00710409     1423.84
0.010112     1427.42
0.0131241     1430.91
0.0161403     1434.32
0.0191605     1437.66
0.0221845     1440.92
0.0252123     1444.12
0.0282437     1447.24
0.0312785     1450.3
0.0343167     1453.29
0.0373582     1456.22
0.0404029     1459.09
0.0434507     1461.9
0.0465015     1464.66
0.0495551     1467.35
0.0526116     1470
0.0556709     1472.59
0.0587328     1475.13
0.0617973     1477.62
0.0648644     1480.06
0.0679339     1482.46
0.0710058     1484.81
0.07408     1487.12
0.0771565     1489.38
0.0802353     1491.6
0.0833161     1493.78
0.0863991     1495.92
0.0894842     1498.02
0.0925712     1500.08
0.0956602     1502.1
0.0987511     1504.09
0.101844     1506.04
0.104938     1507.96
0.108035     1509.85
0.111133     1511.7
0.114233     1513.51
0.117334     1515.3
0.120428     1517.05
