  5    7    4    2    2    2    1
  1         0.0000        -3.0000
  2         0.0000         0.0000
  3         4.0000        -3.0000
  4         4.0000         0.0000
  5         8.0000        -3.0000
  0   -1
  0    0
  0    0
  0    0
 -1   -1
       0.0000         0.0000
       0.0000         0.0000
       0.0000         0.0000
      80.0000      -100.0000
       0.0000         0.0000
  1    2    1    1    0
  2    3    1    1    0
  3    4    2    1    0
  4    5    3    1    0
  1    3    4    2    0
  2    4    4    2    0
  3    5    4    2    0
100000000.00000          0.00000     20.30   2500.00      0.00
100000000.00000          0.00000     25.80   3500.00      0.00
150000000.00000          0.00000     25.80   3500.00      0.00
150000000.00000          0.00000     16.50   2200.00      0.00
        0.05000          0.00000          0.00000      0.00      0.00
        0.03000          0.00000          0.00000      0.00      0.00
      -0.0000         0.0000
       0.0000        -0.0000
      -0.0000        -0.0001
       0.0000        -0.0001
       0.0000         0.0000
     -20.0000         0.0000
      33.3333         0.0000
     -20.0000         0.0000
    -133.3333         0.0000
      -0.0000         0.0000
     -26.6667         0.0000
      26.6667         0.0000
 kN
 m
