TIME/STEP     base_shear_z
0     0
0.02     0.06797
0.04     0.03595
0.06     -0.2505
0.08     -0.5149
0.1     -0.422
0.12     0.1903
0.14     0.5999
0.16     0.03742
0.18     -0.8568
0.2     -0.9148
0.22     -0.1611
0.24     0.04745
0.26     -0.8318
0.28     -1.534
0.3     -0.9648
0.32     -0.1392
0.34     -0.4296
0.36     -1.683
0.38     -2.329
0.4     -1.565
0.42     -0.7204
0.44     -0.7498
0.46     -1.271
0.48     -1.572
0.5     -1.289
0.52     -0.2744
0.54     0.879
0.56     0.7726
0.58     -0.9517
0.6     -2.17
0.62     -1.405
0.64     -0.2157
0.66     -0.05313
0.68     -0.8574
0.7     -1.967
0.72     -2.782
0.74     -2.881
0.76     -2.173
0.78     -1.152
0.8     -0.5169
0.82     0.04848
0.84     1.619
0.86     4.327
0.88     6.718
0.9     7.349
0.92     6.981
0.94     6.783
0.96     6.164
0.98     4.326
1     1.739
1.02     -0.01849
1.04     -0.2959
1.06     -1.516
1.08     -5.513
1.1     -10.45
1.12     -13.62
1.14     -14.35
1.16     -14.54
1.18     -15.83
1.2     -17.04
1.22     -15.74
1.24     -11.39
1.26     -6.449
1.28     -3.291
1.3     -1.419
1.32     1.021
1.34     4.699
1.36     8.088
1.38     9.793
1.4     11.11
1.42     13.75
1.44     17.25
1.46     19
1.48     17.07
1.5     12.97
1.52     9.493
1.54     6.876
1.56     2.804
1.58     -4.058
1.6     -11.81
1.62     -16.89
1.64     -18.07
1.66     -18.15
1.68     -19.45
1.7     -21.77
1.72     -25.03
1.74     -27.95
1.76     -27.52
1.78     -21.93
1.8     -13.29
1.82     -5.789
1.84     0.4156
1.86     8.11
1.88     15.73
1.9     19.41
1.92     19.93
1.94     21.43
1.96     25.46
1.98     30.26
2     33.2
2.02     32.02
2.04     26.6
2.06     18.97
2.08     10.32
2.1     0.2024
2.12     -11.83
2.14     -24.27
2.16     -34.24
2.18     -40.6
2.2     -43.5
2.22     -43.1
2.24     -40.97
2.26     -37.44
2.28     -31.86
2.3     -25.73
2.32     -20.03
2.34     -13.85
2.36     -4.932
2.38     9.703
2.4     29.52
2.42     47.9
2.44     58
2.46     58.79
2.48     52.24
2.5     39.83
2.52     23.93
2.54     7.264
2.56     -7.869
2.58     -18.75
2.6     -25.68
2.62     -31.66
2.64     -39.55
2.66     -50.51
2.68     -61.85
2.7     -68.24
2.72     -67.21
2.74     -61.38
2.76     -52.07
2.78     -37.09
2.8     -13.66
2.82     16.27
2.84     43.31
2.86     58.88
2.88     64.19
2.9     66.06
2.92     67.13
2.94     65.13
2.96     58.2
2.98     48.25
3     35.9
3.02     19.54
3.04     -1.064
3.06     -26.03
3.08     -53.6
3.1     -78.6
3.12     -96.01
3.14     -103.6
3.16     -100.7
3.18     -88.51
3.2     -72.23
3.22     -55.93
3.24     -38.57
3.26     -15.95
3.28     14.53
3.3     48.18
3.32     74.02
3.34     86.88
3.36     91.64
3.38     94.15
3.4     91.95
3.42     76.66
3.44     48.45
3.46     19.56
3.48     -2.227
3.5     -21.91
3.52     -42.45
3.54     -59.62
3.56     -70.8
3.58     -78.15
3.6     -84.52
3.62     -89.04
3.64     -85.9
3.66     -71.53
3.68     -48.82
3.7     -19.67
3.72     12.84
3.74     37.87
3.76     45.94
3.78     42.54
3.8     41.65
3.82     47.5
3.84     52.37
3.86     48.34
3.88     34.16
3.9     16.35
3.92     4.77
3.94     -0.8246
3.96     -10.09
3.98     -25.54
4     -39.06
4.02     -43.14
4.04     -38.36
4.06     -33.17
4.08     -35.97
4.1     -40.9
4.12     -34.92
4.14     -14.96
4.16     10.82
4.18     28.65
4.2     30.72
4.22     21.42
4.24     11.56
4.26     6.688
4.28     3.29
4.3     -1.733
4.32     -6.1
4.34     -9.984
4.36     -18.37
4.38     -33.04
4.4     -47
4.42     -48.69
4.44     -37.31
4.46     -23.04
4.48     -15.82
4.5     -17.01
4.52     -16.38
4.54     -6.867
4.56     5.908
4.58     13.88
4.6     16.77
4.62     21.34
4.64     32.38
4.66     43.96
4.68     45.01
4.7     29.9
4.72     3.673
4.74     -19.91
4.76     -28.37
4.78     -19.82
4.8     -4.844
4.82     2.312
4.84     -1.015
4.86     -5.192
4.88     -10.14
4.9     -26.09
4.92     -49.82
4.94     -64.25
4.96     -56.32
4.98     -30.22
5     -2.271
5.02     19.52
5.04     37.67
5.06     48.88
5.08     45.3
5.1     32.15
5.12     26.41
5.14     37.21
5.16     57.43
5.18     75.35
5.2     82.65
5.22     74.26
5.24     48.61
5.26     6.996
5.28     -39.71
5.3     -70.8
5.32     -75.92
5.34     -66.04
5.36     -59.06
5.38     -61.63
5.4     -66.52
5.42     -66.27
5.44     -63.67
5.46     -61.99
5.48     -55.21
5.5     -34.85
5.52     -1.411
5.54     33.64
5.56     56.53
5.58     62.26
5.6     56.96
5.62     49.36
5.64     42.81
5.66     35.06
5.68     27.1
5.7     25.91
5.72     31.93
5.74     34.12
5.76     17
5.78     -20.35
5.8     -54.25
5.82     -68.32
5.84     -72.65
5.86     -77.27
5.88     -77.12
5.9     -68.01
5.92     -53.96
5.94     -40.85
5.96     -31.28
5.98     -21.56
6     -4.589
6.02     20.12
6.04     44.5
6.06     62.94
6.08     76.78
6.1     85.47
6.12     79.49
6.14     54.17
6.16     21.11
6.18     -3.234
6.2     -11.4
6.22     -9.21
6.24     -7.29
6.26     -12.82
6.28     -26.61
6.3     -41.05
6.32     -51.35
6.34     -58.67
6.36     -55.6
6.38     -33.29
6.4     2.495
6.42     39.23
6.44     65.54
6.46     72.19
6.48     56.09
6.5     25.54
6.52     0.5834
6.54     -2.927
6.56     9.705
6.58     19
6.6     16.16
6.62     9.85
6.64     7.051
6.66     5.026
6.68     -0.6759
6.7     -14.79
6.72     -34.59
6.74     -45.88
6.76     -41.83
6.78     -28.81
6.8     -15.33
6.82     -7.981
6.84     -11.63
6.86     -28.18
6.88     -52.04
6.9     -72.95
6.92     -83.68
6.94     -81.87
6.96     -70.94
6.98     -54.35
7     -26.22
7.02     13.47
7.04     43.52
7.06     46.64
7.08     35.92
7.1     39.31
7.12     65.88
7.14     96.82
7.16     109.2
7.18     102.2
7.2     88.34
7.22     73.27
7.24     52.52
7.26     19.4
7.28     -25.96
7.3     -74.46
7.32     -112.8
7.34     -133.3
7.36     -141.8
7.38     -153
7.4     -170.1
7.42     -175.4
7.44     -152.2
7.46     -108.6
7.48     -64.35
7.5     -25.65
7.52     14.68
7.54     60.92
7.56     108.7
7.58     153.3
7.6     192
7.62     220.5
7.64     232.2
7.66     226.1
7.68     207.3
7.7     175.9
7.72     124.7
7.74     57.39
7.76     -8.326
7.78     -62.59
7.8     -109.7
7.82     -151.4
7.84     -178.8
7.86     -189.2
7.88     -195.6
7.9     -206.2
7.92     -205.2
7.94     -172.2
7.96     -114.3
7.98     -56.65
8     -8.827
8.02     35.38
8.04     75.99
8.06     106.5
8.08     126.6
8.1     143.9
8.12     160.7
8.14     168.6
8.16     159.6
8.18     137.1
8.2     109.1
8.22     78.28
8.24     44.92
8.26     13.18
8.28     -12.54
8.3     -31.13
8.32     -48.9
8.34     -74.22
8.36     -106.4
8.38     -142.4
8.4     -180.2
8.42     -209.7
8.44     -219.7
8.46     -206.8
8.48     -173.9
8.5     -131.4
8.52     -92.69
8.54     -61.76
8.56     -32.41
8.58     3.078
8.6     45.59
8.62     96.33
8.64     157.2
8.66     220.4
8.68     272.7
8.7     304.1
8.72     315.2
8.74     314.3
8.76     305
8.78     282
8.8     237.7
8.82     166.5
8.84     75.08
8.86     -17.97
8.88     -100.6
8.9     -179.5
8.92     -267.8
8.94     -360.2
8.96     -435.5
8.98     -480.6
9     -500
9.02     -501.5
9.04     -470.4
9.06     -385.3
9.08     -251.7
9.1     -93.92
9.12     69.94
9.14     232.6
9.16     393.5
9.18     549.3
9.2     689.3
9.22     804.8
9.24     884.8
9.26     911.9
9.28     869.4
9.3     752.5
9.32     582.4
9.34     392.2
9.36     198.6
9.38     -6.393
9.4     -240.9
9.42     -504
9.44     -760.4
9.46     -962.3
9.48     -1085
9.5     -1134
9.52     -1127
9.54     -1075
9.56     -975.8
9.58     -831
9.6     -635.6
9.62     -385.3
9.64     -91.84
9.66     217.5
9.68     516
9.7     783.7
9.72     1003
9.74     1160
9.76     1248
9.78     1260
9.8     1197
9.82     1077
9.84     931.3
9.86     777.5
9.88     588
9.9     309.8
9.92     -70.25
9.94     -489
9.96     -850.7
9.98     -1097
10     -1233
10.02     -1286
10.04     -1273
10.06     -1193
10.08     -1059
10.1     -892
10.12     -699
10.14     -469
10.16     -184.8
10.18     161.9
10.2     557.6
10.22     960.2
10.24     1312
10.26     1569
10.28     1707
10.3     1715
10.32     1588
10.34     1352
10.36     1072
10.38     809.9
10.4     586.6
10.42     372
10.44     127.4
10.46     -164.8
10.48     -505.7
10.5     -873.4
10.52     -1212
10.54     -1451
10.56     -1538
10.58     -1470
10.6     -1276
10.62     -1008
10.64     -722.2
10.66     -462.7
10.68     -245.5
10.7     -66.81
10.72     92.6
10.74     267.8
10.76     486
10.78     731.1
10.8     944.3
10.82     1063
10.84     1051
10.86     914
10.88     687.3
10.9     410.5
10.92     124.8
10.94     -121.5
10.96     -299.6
10.98     -423.5
11     -533.1
11.02     -659.8
11.04     -794.4
11.06     -891.9
11.08     -906.2
11.1     -817.1
11.12     -631.1
11.14     -368.1
11.16     -57.95
11.18     264.3
11.2     571.3
11.22     849.7
11.24     1097
11.26     1306
11.28     1443
11.3     1478
11.32     1425
11.34     1311
11.36     1137
11.38     889.8
11.4     577.7
11.42     225.2
11.44     -146.5
11.46     -512
11.48     -825.9
11.5     -1048
11.52     -1176
11.54     -1234
11.56     -1227
11.58     -1135
11.6     -957.8
11.62     -724.2
11.64     -464.2
11.66     -178.1
11.68     146.5
11.7     502.5
11.72     855.6
11.74     1159
11.76     1376
11.78     1488
11.8     1480
11.82     1354
11.84     1152
11.86     929.7
11.88     695.3
11.9     408.1
11.92     40.04
11.94     -378.6
11.96     -788.4
11.98     -1150
12     -1441
12.02     -1623
12.04     -1673
12.06     -1622
12.08     -1526
12.1     -1414
12.12     -1265
12.14     -1008
12.16     -590
12.18     -40.56
12.2     548
12.22     1073
12.24     1460
12.26     1677
12.28     1732
12.3     1657
12.32     1492
12.34     1267
12.36     1005
12.38     724.4
12.4     429.3
12.42     99.27
12.44     -304
12.46     -806.7
12.48     -1374
12.5     -1896
12.52     -2245
12.54     -2348
12.56     -2218
12.58     -1910
12.6     -1484
12.62     -997.7
12.64     -514.7
12.66     -86.04
12.68     268.6
12.7     562.3
12.72     825.3
12.74     1095
12.76     1391
12.78     1668
12.8     1830
12.82     1788
12.84     1532
12.86     1127
12.88     656.1
12.9     163.5
12.92     -339.5
12.94     -819.4
12.96     -1213
12.98     -1477
13     -1626
13.02     -1700
13.04     -1711
13.06     -1635
13.08     -1441
13.1     -1117
13.12     -667.7
13.14     -114.2
13.16     493
13.18     1058
13.2     1476
13.22     1713
13.24     1810
13.26     1850
13.28     1880
13.3     1891
13.32     1846
13.34     1712
13.36     1458
13.38     1049
13.4     483.6
13.42     -170.1
13.44     -789.4
13.46     -1249
13.48     -1472
13.5     -1464
13.52     -1310
13.54     -1126
13.56     -985.6
13.58     -888.3
13.6     -793.6
13.62     -669.5
13.64     -493.4
13.66     -237.1
13.68     119.1
13.7     556.4
13.72     994.3
13.74     1312
13.76     1412
13.78     1278
13.8     987.9
13.82     675
13.84     426.1
13.86     229.1
13.88     23.14
13.9     -214.7
13.92     -460.6
13.94     -707.4
13.96     -982.2
13.98     -1276
14     -1505
14.02     -1579
14.04     -1470
14.06     -1216
14.08     -890.7
14.1     -565
14.12     -293.7
14.14     -110.7
14.16     -1.902
14.18     103
14.2     281.8
14.22     548.3
14.24     826.4
14.26     1003
14.28     1010
14.3     858.1
14.32     599.2
14.34     286.4
14.36     -34.82
14.38     -305.7
14.4     -456.8
14.42     -458.6
14.44     -364.7
14.46     -282.1
14.48     -295.5
14.5     -417
14.52     -578.2
14.54     -670.1
14.56     -609.5
14.58     -388.2
14.6     -80.07
14.62     206.1
14.64     395.1
14.66     468
14.68     440.1
14.7     342.6
14.72     218.6
14.74     115.9
14.76     77.95
14.78     131.4
14.8     250.5
14.82     350.8
14.84     339
14.86     176
14.88     -94.13
14.9     -378
14.92     -594.2
14.94     -706.3
14.96     -713.4
14.98     -649.3
15     -576.4
15.02     -544.3
15.04     -563.1
15.06     -611.2
15.08     -646.2
15.1     -620.9
15.12     -510.1
15.14     -313.4
15.16     -41.07
15.18     271.1
15.2     557.2
15.22     762.9
15.24     876.3
15.26     913.7
15.28     904
15.3     877.5
15.32     845.9
15.34     797
15.36     716.4
15.38     600.3
15.4     446.1
15.42     263.5
15.44     55.59
15.46     -214.1
15.48     -572.9
15.5     -978.2
15.52     -1337
15.54     -1567
15.56     -1644
15.58     -1604
15.6     -1517
15.62     -1435
15.64     -1363
15.66     -1271
15.68     -1124
15.7     -919.1
15.72     -671.9
15.74     -371.6
15.76     23.19
15.78     531.2
15.8     1098
15.82     1613
15.84     1977
15.86     2153
15.88     2178
15.9     2118
15.92     2019
15.94     1890
15.96     1723
15.98     1521
16     1301
16.02     1058
16.04     745.2
16.06     316.2
16.08     -220.7
16.1     -782.3
16.12     -1254
16.14     -1564
16.16     -1701
16.18     -1691
16.2     -1574
16.22     -1391
16.24     -1187
16.26     -999.7
16.28     -848.9
16.3     -718.7
16.32     -559.7
16.34     -320.2
16.36     10.7
16.38     388.2
16.4     730.8
16.42     969.7
16.44     1093
16.46     1128
16.48     1098
16.5     1013
16.52     879.8
16.54     717.1
16.56     564
16.58     440.6
16.6     320.3
16.62     154.9
16.64     -73.1
16.66     -328.2
16.68     -557.4
16.7     -738.1
16.72     -864.7
16.74     -915
16.76     -861.7
16.78     -706.9
16.8     -493.4
16.82     -274.6
16.84     -86.39
16.86     60.21
16.88     172.4
16.9     257.4
16.92     322.2
16.94     378.5
16.96     433.3
16.98     478.5
17     494
17.02     446.2
17.04     293.5
17.06     37.38
17.08     -255.8
17.1     -504.9
17.12     -678.9
17.14     -806.7
17.16     -924.5
17.18     -1034
17.2     -1122
17.22     -1186
17.24     -1220
17.26     -1197
17.28     -1092
17.3     -906.8
17.32     -673.9
17.34     -424.4
17.36     -161.8
17.38     102.8
17.4     334.4
17.42     520.5
17.44     695.5
17.46     897.1
17.48     1114
17.5     1278
17.52     1318
17.54     1208
17.56     975.2
17.58     676.6
17.6     362.4
17.62     59.43
17.64     -216.2
17.66     -442.8
17.68     -597
17.7     -661.8
17.72     -648.7
17.74     -613.5
17.76     -611.9
17.78     -626.7
17.8     -560.5
17.82     -314.1
17.84     138.2
17.86     730.9
17.88     1340
17.9     1836
17.92     2122
17.94     2165
17.96     1999
17.98     1713
18     1394
18.02     1090
18.04     802.9
18.06     504.5
18.08     145.9
18.1     -309.5
18.12     -856.8
18.14     -1441
18.16     -1967
18.18     -2341
18.2     -2511
18.22     -2477
18.24     -2268
18.26     -1939
18.28     -1579
18.3     -1269
18.32     -1030
18.34     -822.1
18.36     -585.8
18.38     -293.4
18.4     22.28
18.42     315.8
18.44     565.5
18.46     749.4
18.48     830.2
18.5     790.9
18.52     668.4
18.54     518.5
18.56     369.4
18.58     224
18.6     77.92
18.62     -63.49
18.64     -182.8
18.66     -263.6
18.68     -298.2
18.7     -294.9
18.72     -290.6
18.74     -336.1
18.76     -441.9
18.78     -547.4
18.8     -562.9
18.82     -449.7
18.84     -248.3
18.86     -21.57
18.88     199.7
18.9     407.4
18.92     587.5
18.94     716.8
18.96     780
18.98     801.6
19     848.5
19.02     976.1
19.04     1172
19.06     1357
19.08     1447
19.1     1414
19.12     1284
19.14     1085
19.16     831
19.18     543.1
19.2     264.3
19.22     39.48
19.24     -115.6
19.26     -226.1
19.28     -342.3
19.3     -510.5
19.32     -741.1
19.34     -998.9
19.36     -1211
19.38     -1296
19.4     -1209
19.42     -975.6
19.44     -652.7
19.46     -306.3
19.48     4.906
19.5     248.1
19.52     429.7
19.54     592.6
19.56     781.7
19.58     1009
19.6     1259
19.62     1507
19.64     1707
19.66     1772
19.68     1624
19.7     1284
19.72     866.6
19.74     492.7
19.76     206
19.78     -18.63
19.8     -210.1
19.82     -370
19.84     -499.6
19.86     -617.2
19.88     -735.7
19.9     -829.8
19.92     -849
19.94     -770.4
19.96     -611.6
19.98     -405.3
20     -172.4
20.02     82.71
20.04     350.8
20.06     589.9
20.08     733.1
20.1     750.7
20.12     699.1
20.14     675.5
20.16     719.7
20.18     785.9
20.2     812.1
20.22     777.7
20.24     691.2
20.26     556.1
20.28     360.8
20.3     95.57
20.32     -230.5
20.34     -581.3
20.36     -892.9
20.38     -1094
20.4     -1146
20.42     -1075
20.44     -973.6
20.46     -922.9
20.48     -918.7
20.5     -889.6
20.52     -774.6
20.54     -568.7
20.56     -290.6
20.58     69.29
20.6     537.2
20.62     1095
20.64     1648
20.66     2071
20.68     2279
20.7     2284
20.72     2179
20.74     2071
20.76     2006
20.78     1946
20.8     1828
20.82     1609
20.84     1274
20.86     813.8
20.88     218.9
20.9     -494
20.92     -1245
20.94     -1912
20.96     -2405
20.98     -2712
21     -2890
21.02     -3021
21.04     -3157
21.06     -3286
21.08     -3334
21.1     -3192
21.12     -2783
21.14     -2114
21.16     -1260
21.18     -316.9
21.2     628.2
21.22     1494
21.24     2201
21.26     2692
21.28     2981
21.3     3128
21.32     3167
21.34     3072
21.36     2784
21.38     2255
21.4     1481
21.42     518.5
21.44     -522.9
21.46     -1534
21.48     -2459
21.5     -3278
21.52     -3945
21.54     -4365
21.56     -4448
21.58     -4190
21.6     -3686
21.62     -3062
21.64     -2402
21.66     -1703
21.68     -933.8
21.7     -106.8
21.72     718.4
21.74     1469
21.76     2116
21.78     2672
21.8     3134
21.82     3439
21.84     3511
21.86     3344
21.88     3021
21.9     2648
21.92     2282
21.94     1903
21.96     1472
21.98     997.3
22     529
22.02     106.9
22.04     -264.5
22.06     -593
22.08     -877.4
22.1     -1117
22.12     -1313
22.14     -1457
22.16     -1530
22.18     -1514
22.2     -1411
22.22     -1230
22.24     -961.7
22.26     -599.5
22.28     -175.7
22.3     241.7
22.32     588.8
22.34     849.2
22.36     1052
22.38     1221
22.4     1344
22.42     1403
22.44     1406
22.46     1369
22.48     1289
22.5     1134
22.52     862.9
22.54     483.3
22.56     51.54
22.58     -369.2
22.6     -741
22.62     -1051
22.64     -1290
22.66     -1443
22.68     -1505
22.7     -1496
22.72     -1445
22.74     -1370
22.76     -1271
22.78     -1143
22.8     -980.1
22.82     -761.1
22.84     -463.7
22.86     -95.8
22.88     287.7
22.9     612.2
22.92     839.6
22.94     976
22.96     1017
22.98     929.2
23     695.6
23.02     366
23.04     32.1
23.06     -237.4
23.08     -437
23.1     -618
23.12     -838.1
23.14     -1107
23.16     -1382
23.18     -1604
23.2     -1723
23.22     -1693
23.24     -1497
23.26     -1162
23.28     -730.4
23.3     -245.4
23.32     241.8
23.34     661.2
23.36     949.7
23.38     1096
23.4     1145
23.42     1174
23.44     1231
23.46     1279
23.48     1226
23.5     998.2
23.52     590.6
23.54     51.74
23.56     -553.2
23.58     -1156
23.6     -1687
23.62     -2081
23.64     -2300
23.66     -2349
23.68     -2266
23.7     -2098
23.72     -1895
23.74     -1682
23.76     -1413
23.78     -993.7
23.8     -370.8
23.82     396.4
23.84     1161
23.86     1788
23.88     2227
23.9     2490
23.92     2597
23.94     2558
23.96     2401
23.98     2171
24     1901
24.02     1579
24.04     1172
24.06     663.6
24.08     59.07
24.1     -613.4
24.12     -1299
24.14     -1911
24.16     -2363
24.18     -2615
24.2     -2687
24.22     -2597
24.24     -2340
24.26     -1917
24.28     -1372
24.3     -776.1
24.32     -180.8
24.34     416.2
24.36     1055
24.38     1753
24.4     2475
24.42     3149
24.44     3707
24.46     4090
24.48     4226
24.5     4062
24.52     3603
24.54     2917
24.56     2108
24.58     1268
24.6     442.1
24.62     -370.6
24.64     -1188
24.66     -2010
24.68     -2804
24.7     -3515
24.72     -4083
24.74     -4452
24.76     -4571
24.78     -4411
24.8     -3965
24.82     -3249
24.84     -2313
24.86     -1235
24.88     -102
24.9     1009
24.92     2031
24.94     2915
24.96     3635
24.98     4162
25     4452
25.02     4489
25.04     4286
25.06     3860
25.08     3212
25.1     2340
25.12     1276
25.14     104.4
25.16     -1083
25.18     -2200
25.2     -3164
25.22     -3908
25.24     -4387
25.26     -4583
25.28     -4491
25.3     -4120
25.32     -3510
25.34     -2736
25.36     -1865
25.38     -921.2
25.4     89.8
25.42     1127
25.44     2104
25.46     2939
25.48     3607
25.5     4112
25.52     4434
25.54     4530
25.56     4360
25.58     3906
25.6     3192
25.62     2302
25.64     1356
25.66     449.3
25.68     -382.7
25.7     -1147
25.72     -1843
25.74     -2451
25.76     -2952
25.78     -3331
25.8     -3537
25.82     -3488
25.84     -3122
25.86     -2439
25.88     -1520
25.9     -491.8
25.92     533.2
25.94     1481
25.96     2315
25.98     3018
26     3554
26.02     3871
26.04     3929
26.06     3710
26.08     3220
26.1     2475
26.12     1512
26.14     399.3
26.16     -775.6
26.18     -1927
26.2     -2999
26.22     -3971
26.24     -4815
26.26     -5459
26.28     -5798
26.3     -5752
26.32     -5297
26.34     -4453
26.36     -3271
26.38     -1845
26.4     -301.9
26.42     1230
26.44     2641
26.46     3846
26.48     4807
26.5     5541
26.52     6081
26.54     6430
26.56     6482
26.58     6364
26.6     5545
26.62     4398
26.64     2920
26.66     1248
26.68     -459.8
26.7     -2031
26.72     -3330
26.74     -4297
26.76     -4951
26.78     -5343
26.8     -5503
26.82     -5429
26.84     -5107
26.86     -4523
26.88     -3655
26.9     -2474
26.92     -994.4
26.94     670.7
26.96     2315
26.98     3701
27     4662
27.02     5163
27.04     5264
27.06     5058
27.08     4648
27.1     4130
27.12     3543
27.14     2850
27.16     1981
27.18     886.5
27.2     -412.6
27.22     -1806
27.24     -3136
27.26     -4251
27.28     -5018
27.3     -5356
27.32     -5273
27.34     -4864
27.36     -4269
27.38     -3608
27.4     -2938
27.42     -2237
27.44     -1431
27.46     -455.3
27.48     690.5
27.5     1926
27.52     3107
27.54     4080
27.56     4741
27.58     5033
27.6     4946
27.62     4514
27.64     3826
27.66     2997
27.68     2104
27.7     1165
27.72     169.8
27.74     -849.9
27.76     -1823
27.78     -2687
27.8     -3405
27.82     -3949
27.84     -4274
27.86     -4319
27.88     -4039
27.9     -3444
27.92     -2611
27.94     -1648
27.96     -670.3
27.98     225.4
28     972.5
28.02     1533
28.04     1904
28.06     2123
28.08     2250
28.1     2301
28.12     2218
28.14     1913
28.16     1339
28.18     525.8
28.2     -431.4
28.22     -1402
28.24     -2257
28.26     -2905
28.28     -3312
28.3     -3470
28.32     -3382
28.34     -3069
28.36     -2589
28.38     -2001
28.4     -1314
28.42     -479.8
28.44     554.3
28.46     1752
28.48     2956
28.5     3975
28.52     4721
28.54     5215
28.56     5474
28.58     5467
28.6     5170
28.62     4612
28.64     3859
28.66     2968
28.68     1959
28.7     842.6
28.72     -349.4
28.74     -1545
28.76     -2655
28.78     -3595
28.8     -4305
28.82     -4740
28.84     -4868
28.86     -4676
28.88     -4209
28.9     -3577
28.92     -2891
28.94     -2202
28.96     -1501
28.98     -722.4
29     204.7
29.02     1253
29.04     2274
29.06     3078
29.08     3539
29.1     3614
29.12     3328
29.14     2751
29.16     1994
29.18     1188
29.2     456.2
29.22     -147
29.24     -686.2
29.26     -1306
29.28     -2101
29.3     -3022
29.32     -3886
29.34     -4472
29.36     -4631
29.38     -4339
29.4     -3687
29.42     -2826
29.44     -1906
29.46     -1034
29.48     -257.4
29.5     431.7
29.52     1061
29.54     1649
29.56     2201
29.58     2704
29.6     3108
29.62     3312
29.64     3197
29.66     2704
29.68     1885
29.7     889.2
29.72     -116.5
29.74     -1002
29.76     -1700
29.78     -2199
29.8     -2532
29.82     -2762
29.84     -2936
29.86     -3052
29.88     -3063
29.9     -2894
29.92     -2485
29.94     -1799
29.96     -849.4
29.98     271.6
30     1376
30.02     2251
30.04     2772
30.06     2958
30.08     2943
30.1     2871
30.12     2791
30.14     2652
30.16     2383
30.18     1942
30.2     1316
30.22     509.5
30.24     -433.9
30.26     -1406
30.28     -2249
30.3     -2813
30.32     -3023
30.34     -2901
30.36     -2530
30.38     -2040
30.4     -1573
30.42     -1207
30.44     -894.8
30.46     -512.8
30.48     12.26
30.5     630.2
30.52     1225
30.54     1746
30.56     2217
30.58     2602
30.6     2775
30.62     2636
30.64     2206
30.66     1620
30.68     1033
30.7     551.5
30.72     205.8
30.74     -51.55
30.76     -318.6
30.78     -686.7
30.8     -1188
30.82     -1772
30.84     -2328
30.86     -2731
30.88     -2882
30.9     -2725
30.92     -2269
30.94     -1604
30.96     -872.4
30.98     -195.8
31     381.1
31.02     883.5
31.04     1336
31.06     1722
31.08     2018
31.1     2216
31.12     2293
31.14     2204
31.16     1926
31.18     1501
31.2     994.2
31.22     434.6
31.24     -187.2
31.26     -854.5
31.28     -1478
31.3     -1923
31.32     -2116
31.34     -2090
31.36     -1911
31.38     -1587
31.4     -1097
31.42     -470.3
31.44     208.1
31.46     861.6
31.48     1466
31.5     2037
31.52     2579
31.54     3059
31.56     3422
31.58     3617
31.6     3614
31.62     3385
31.64     2895
31.66     2118
31.68     1079
31.7     -115.3
31.72     -1301
31.74     -2329
31.76     -3132
31.78     -3713
31.8     -4069
31.82     -4176
31.84     -4026
31.86     -3670
31.88     -3184
31.9     -2616
31.92     -1945
31.94     -1099
31.96     -33.27
31.98     1171
32     2321
32.02     3238
32.04     3865
32.06     4213
32.08     4262
32.1     3975
32.12     3406
32.14     2712
32.16     2050
32.18     1468
32.2     897.1
32.22     240.6
32.24     -550.7
32.26     -1460
32.28     -2411
32.3     -3280
32.32     -3929
32.34     -4212
32.36     -4042
32.38     -3469
32.4     -2654
32.42     -1766
32.44     -904.9
32.46     -78.6
32.48     752.4
32.5     1618
32.52     2499
32.54     3318
32.56     3979
32.58     4400
32.6     4532
32.62     4346
32.64     3829
32.66     3006
32.68     1965
32.7     836.3
32.72     -267.2
32.74     -1280
32.76     -2175
32.78     -2932
32.8     -3528
32.82     -3946
32.84     -4173
32.86     -4158
32.88     -3821
32.9     -3128
32.92     -2137
32.94     -988.9
32.96     151.1
32.98     1174
33     2073
33.02     2898
33.04     3676
33.06     4375
33.08     4936
33.1     5305
33.12     5442
33.14     5293
33.16     4788
33.18     3894
33.2     2680
33.22     1308
33.24     -18.05
33.26     -1132
33.28     -1988
33.3     -2671
33.32     -3314
33.34     -3960
33.36     -4505
33.38     -4777
33.4     -4690
33.42     -4276
33.44     -3588
33.46     -2637
33.48     -1427
33.5     -26.81
33.52     1384
33.54     2571
33.56     3399
33.58     3918
33.6     4272
33.62     4526
33.64     4610
33.66     4414
33.68     3875
33.7     3010
33.72     1900
33.74     630
33.76     -735.8
33.78     -2127
33.8     -3436
33.82     -4523
33.84     -5283
33.86     -5692
33.88     -5798
33.9     -5667
33.92     -5293
33.94     -4587
33.96     -3474
33.98     -2008
34     -363.3
34.02     1285
34.04     2850
34.06     4300
34.08     5567
34.1     6530
34.12     7083
34.14     6839
34.16     6661
34.18     6014
34.2     5246
34.22     4111
34.24     2610
34.26     969
34.28     -636.9
34.3     -2177
34.32     -3653
34.34     -4969
34.36     -5958
34.38     -6525
34.4     -6383
34.42     -6333
34.44     -6167
34.46     -5356
34.48     -4391
34.5     -3114
34.52     -1635
34.54     -32.07
34.56     1621
34.58     3146
34.6     4302
34.62     4966
34.64     5217
34.66     5198
34.68     4975
34.7     4523
34.72     3811
34.74     2857
34.76     1676
34.78     243.8
34.8     -1432
34.82     -3203
34.84     -4787
34.86     -5938
34.88     -6558
34.9     -6526
34.92     -6332
34.94     -5549
34.96     -4640
34.98     -3431
35     -1996
35.02     -541.4
35.04     817.5
35.06     2097
35.08     3323
35.1     4429
35.12     5302
35.14     5867
35.16     6085
35.18     5915
35.2     5325
35.22     4356
35.24     3149
35.26     1873
35.28     640.5
35.3     -519.9
35.32     -1622
35.34     -2639
35.36     -3482
35.38     -4066
35.4     -4372
35.42     -4439
35.44     -4282
35.46     -3860
35.48     -3148
35.5     -2221
35.52     -1214
35.54     -223.5
35.56     723.8
35.58     1621
35.6     2440
35.62     3120
35.64     3582
35.66     3752
35.68     3585
35.7     3088
35.72     2322
35.74     1391
35.76     394.8
35.78     -620.9
35.8     -1638
35.82     -2584
35.84     -3316
35.86     -3724
35.88     -3818
35.9     -3722
35.92     -3553
35.94     -3313
35.96     -2889
35.98     -2167
36     -1161
36.02     -38.3
36.04     996
36.06     1829
36.08     2460
36.1     2913
36.12     3150
36.14     3102
36.16     2770
36.18     2269
36.2     1730
36.22     1186
36.24     561
36.26     -236.5
36.28     -1215
36.3     -2264
36.32     -3211
36.34     -3906
36.36     -4262
36.38     -4292
36.4     -4079
36.42     -3712
36.44     -3238
36.46     -2660
36.48     -1967
36.5     -1168
36.52     -295.2
36.54     623.2
36.56     1572
36.58     2519
36.6     3363
36.62     3950
36.64     4159
36.66     3993
36.68     3569
36.7     3031
36.72     2472
36.74     1903
36.76     1308
36.78     675.2
36.8     11.48
36.82     -658.3
36.84     -1290
36.86     -1840
36.88     -2268
36.9     -2528
36.92     -2587
36.94     -2448
36.96     -2142
36.98     -1728
37     -1278
37.02     -839.5
37.04     -414.9
37.06     7.68
37.08     435.2
37.1     879
37.12     1347
37.14     1802
37.16     2156
37.18     2327
37.2     2303
37.22     2124
37.24     1830
37.26     1429
37.28     923.9
37.3     372.7
37.32     -114.7
37.34     -471.9
37.36     -748.4
37.38     -1041
37.4     -1381
37.42     -1718
37.44     -1973
37.46     -2092
37.48     -2042
37.5     -1792
37.52     -1334
37.54     -706.6
37.56     -9.373
37.58     641
37.6     1160
37.62     1511
37.64     1695
37.66     1761
37.68     1784
37.7     1805
37.72     1777
37.74     1605
37.76     1219
37.78     604.8
37.8     -188.3
37.82     -1069
37.84     -1927
37.86     -2649
37.88     -3151
37.9     -3411
37.92     -3462
37.94     -3340
37.96     -3062
37.98     -2641
38     -2108
38.02     -1503
38.04     -838.7
38.06     -79.43
38.08     807.4
38.1     1775
38.12     2698
38.14     3451
38.16     3959
38.18     4191
38.2     4143
38.22     3847
38.24     3377
38.26     2821
38.28     2244
38.3     1636
38.32     935.5
38.34     112
38.36     -794.6
38.38     -1701
38.4     -2528
38.42     -3221
38.44     -3729
38.46     -4014
38.48     -4072
38.5     -3924
38.52     -3570
38.54     -3007
38.56     -2272
38.58     -1461
38.6     -663.2
38.62     104.1
38.64     863.4
38.66     1604
38.68     2256
38.7     2729
38.72     2984
38.74     3078
38.76     3097
38.78     3061
38.8     2908
38.82     2548
38.84     1924
38.86     1048
38.88     26.14
38.9     -984.6
38.92     -1845
38.94     -2460
38.96     -2785
38.98     -2836
39     -2680
39.02     -2441
39.04     -2255
39.06     -2189
39.08     -2171
39.1     -2044
39.12     -1677
39.14     -1050
39.16     -272.1
39.18     466.6
39.2     985.4
39.22     1173
39.24     1012
39.26     604.8
39.28     155.7
39.3     -143.4
39.32     -206.4
39.34     -80.06
39.36     90.14
39.38     153.3
39.4     47.29
39.42     -180.2
39.44     -434.9
39.46     -643.1
39.48     -754.9
39.5     -716.3
39.52     -484.2
39.54     -86.93
39.56     355.4
39.58     682.9
39.6     785.9
39.62     670.5
39.64     457.9
39.66     310.7
39.68     329.1
39.7     507.5
39.72     766.5
39.74     1003
39.76     1142
39.78     1157
39.8     1047
39.82     821.4
39.84     508.7
39.86     173.4
39.88     -95.02
39.9     -234.1
39.92     -251.1
39.94     -215
39.96     -210.8
39.98     -303
40     -508.6
40.02     -759.2
40.04     -919.3
40.06     -883.8
40.08     -644.9
40.1     -266
40.12     187.7
40.14     686.9
40.16     1216
40.18     1733
40.2     2179
40.22     2515
40.24     2728
40.26     2823
40.28     2826
40.3     2767
40.32     2655
40.34     2472
40.36     2193
40.38     1820
40.4     1372
40.42     853.7
40.44     246.5
40.46     -422.5
40.48     -1050
40.5     -1506
40.52     -1714
40.54     -1681
40.56     -1486
40.58     -1230
40.6     -974
40.62     -723.6
40.64     -467.4
40.66     -197.6
40.68     99.37
40.7     439.4
40.72     823.8
40.74     1244
40.76     1674
40.78     2045
40.8     2258
40.82     2233
40.84     1950
40.86     1456
40.88     845.9
40.9     214.6
40.92     -387.5
40.94     -941.6
40.96     -1431
40.98     -1840
41     -2170
41.02     -2442
41.04     -2646
41.06     -2721
41.08     -2589
41.1     -2219
41.12     -1646
41.14     -936.4
41.16     -149.3
41.18     663.2
41.2     1443
41.22     2128
41.24     2663
41.26     3026
41.28     3225
41.3     3268
41.32     3137
41.34     2813
41.36     2300
41.38     1630
41.4     867.2
41.42     98.53
41.44     -604.2
41.46     -1207
41.48     -1711
41.5     -2145
41.52     -2518
41.54     -2794
41.56     -2918
41.58     -2861
41.6     -2630
41.62     -2236
41.64     -1690
41.66     -1019
41.68     -303.4
41.7     345.8
41.72     843.7
41.74     1182
41.76     1415
41.78     1599
41.8     1748
41.82     1838
41.84     1821
41.86     1652
41.88     1307
41.9     797
41.92     159.8
41.94     -557.2
41.96     -1293
41.98     -1976
42     -2538
42.02     -2917
42.04     -3050
42.06     -2925
42.08     -2602
42.1     -2175
42.12     -1700
42.14     -1176
42.16     -555.6
42.18     194.8
42.2     1057
42.22     1967
42.24     2837
42.26     3564
42.28     4047
42.3     4215
42.32     4038
42.34     3534
42.36     2772
42.38     1868
42.4     942.2
42.42     85.86
42.44     -684.6
42.46     -1421
42.48     -2172
42.5     -2916
42.52     -3556
42.54     -3965
42.56     -4033
42.58     -3712
42.6     -3029
42.62     -2065
42.64     -943.1
42.66     190.7
42.68     1196
42.7     1990
42.72     2573
42.74     2998
42.76     3324
42.78     3565
42.8     3675
42.82     3582
42.84     3238
42.86     2632
42.88     1780
42.9     751.7
42.92     -307.7
42.94     -1236
42.96     -1942
42.98     -2421
43     -2704
43.02     -2794
43.04     -2687
43.06     -2438
43.08     -2158
43.1     -1903
43.12     -1613
43.14     -1166
43.16     -511.9
43.18     263
43.2     997.1
43.22     1572
43.24     1971
43.26     2227
43.28     2360
43.3     2361
43.32     2235
43.34     2019
43.36     1762
43.38     1496
43.4     1199
43.42     807.6
43.44     291.6
43.46     -299.5
43.48     -855.4
43.5     -1287
43.52     -1577
43.54     -1753
43.56     -1842
43.58     -1851
43.6     -1778
43.62     -1645
43.64     -1487
43.66     -1308
43.68     -1039
43.7     -608.5
43.72     -30.56
43.74     590.8
43.76     1129
43.78     1497
43.8     1676
43.82     1684
43.84     1547
43.86     1305
43.88     1018
43.9     739.5
43.92     482.4
43.94     209
43.96     -154.1
43.98     -654.6
44     -1257
44.02     -1847
44.04     -2285
44.06     -2465
44.08     -2356
44.1     -1991
44.12     -1453
44.14     -867.6
44.16     -346.6
44.18     67.17
44.2     404.4
44.22     731.4
44.24     1107
44.26     1552
44.28     2042
44.3     2506
44.32     2829
44.34     2880
44.36     2580
44.38     1955
44.4     1127
44.42     261.9
44.44     -481.8
44.46     -1019
44.48     -1365
44.5     -1601
44.52     -1820
44.54     -2078
44.56     -2375
44.58     -2643
44.6     -2757
44.62     -2588
44.64     -2065
44.66     -1230
44.68     -225.3
44.7     767.1
44.72     1595
44.74     2162
44.76     2434
44.78     2447
44.8     2295
44.82     2076
44.84     1848
44.86     1607
44.88     1298
44.9     851.1
44.92     211.6
44.94     -622.3
44.96     -1579
44.98     -2521
45     -3293
45.02     -3787
45.04     -3966
45.06     -3843
45.08     -3462
45.1     -2891
45.12     -2236
45.14     -1608
45.16     -1064
45.18     -569.5
45.2     -52.94
45.22     532.9
45.24     1189
45.26     1882
45.28     2539
45.3     3044
45.32     3286
45.34     3209
45.36     2840
45.38     2255
45.4     1558
45.42     854.6
45.44     227.9
45.46     -285.8
45.48     -712.8
45.5     -1121
45.52     -1562
45.54     -2034
45.56     -2489
45.58     -2854
45.6     -3043
45.62     -2986
45.64     -2672
45.66     -2147
45.68     -1478
45.7     -728.2
45.72     38.99
45.74     755.3
45.76     1362
45.78     1843
45.8     2233
45.82     2584
45.84     2893
45.86     3098
45.88     3128
45.9     2959
45.92     2602
45.94     2076
45.96     1405
45.98     634.3
46     -151.3
46.02     -854.6
46.04     -1408
46.06     -1803
46.08     -2087
46.1     -2318
46.12     -2521
46.14     -2670
46.16     -2695
46.18     -2539
46.2     -2201
46.22     -1736
46.24     -1203
46.26     -655
46.28     -143.7
46.3     282.2
46.32     590.9
46.34     788.3
46.36     920
46.38     1044
46.4     1198
46.42     1381
46.44     1561
46.46     1689
46.48     1720
46.5     1609
46.52     1332
46.54     905.5
46.56     394.4
46.58     -121.2
46.6     -568
46.62     -888
46.64     -1064
46.66     -1138
46.68     -1187
46.7     -1278
46.72     -1434
46.74     -1626
46.76     -1777
46.78     -1784
46.8     -1566
46.82     -1110
46.84     -492.3
46.86     152.6
46.88     688.9
46.9     1027
46.92     1139
46.94     1048
46.96     825.3
46.98     560.5
47     328.6
47.02     160.3
47.04     38.65
47.06     -94.6
47.08     -314.6
47.1     -670.9
47.12     -1152
47.14     -1672
47.16     -2094
47.18     -2286
47.2     -2193
47.22     -1863
47.24     -1407
47.26     -934
47.28     -510.7
47.3     -158.4
47.32     130.8
47.34     372.8
47.36     592.5
47.38     836.4
47.4     1151
47.42     1525
47.44     1870
47.46     2054
47.48     1999
47.5     1727
47.52     1336
47.54     925.1
47.56     537.6
47.58     188.2
47.6     -94.05
47.62     -270.4
47.64     -342.4
47.66     -376
47.68     -454.3
47.7     -603.7
47.72     -769.8
47.74     -855.7
47.76     -787
47.78     -558.5
47.8     -232.1
47.82     107
47.84     393.8
47.86     599.3
47.88     715
47.9     737.5
47.92     671.9
47.94     547.1
47.96     415.4
47.98     321.6
48     276.5
48.02     258.6
48.04     235.6
48.06     187.1
48.08     112.9
48.1     28.75
48.12     -39.28
48.14     -59.58
48.16     -11.99
48.18     91.95
48.2     209.8
48.22     297.6
48.24     338.1
48.26     337.8
48.28     304.8
48.3     233
48.32     114.4
48.34     -26.12
48.36     -130.8
48.38     -165.3
48.4     -154.9
48.42     -156.4
48.44     -203.8
48.46     -280.9
48.48     -342.7
48.5     -359.4
48.52     -338.5
48.54     -301.3
48.56     -247.4
48.58     -154.4
48.6     -14.28
48.62     145.4
48.64     280.7
48.66     360.4
48.68     374.1
48.7     324.7
48.72     228.1
48.74     112.6
48.76     5.191
48.78     -79.22
48.8     -126.1
48.82     -118.1
48.84     -56.16
48.86     32.55
48.88     116.5
48.9     190.1
48.92     278.5
48.94     406.8
48.96     566.6
48.98     726.7
49     868.9
49.02     992.4
49.04     1092
49.06     1144
49.08     1113
49.1     968.8
49.12     706.6
49.14     358.7
49.16     -5.189
49.18     -310.7
49.2     -517.9
49.22     -629.8
49.24     -670.7
49.26     -659.1
49.28     -598.1
49.3     -489.1
49.32     -350
49.34     -206.4
49.36     -55.05
49.38     143.7
49.4     422
49.42     757.9
49.44     1084
49.46     1342
49.48     1511
49.5     1601
49.52     1628
49.54     1593
49.56     1494
49.58     1342
49.6     1176
49.62     1037
49.64     941.6
49.66     871.9
49.68     798.1
49.7     706.3
49.72     606.4
49.74     519.8
49.76     459.8
49.78     418
49.8     378.8
49.82     339.5
49.84     304.3
49.86     259.8
49.88     171
49.9     7.489
49.92     -229.2
49.94     -502.5
49.96     -764.3
49.98     -978
50     -1121
50.02     -1178
50.04     -1144
50.06     -1032
50.08     -860.1
50.1     -640.9
50.12     -364.3
50.14     -14.81
50.16     404
50.18     856.3
50.2     1284
50.22     1632
50.24     1865
50.26     1973
50.28     1960
50.3     1837
50.32     1629
50.34     1363
50.36     1066
50.38     757.2
50.4     438.6
50.42     101
50.44     -263.1
50.46     -632.7
50.48     -952.4
50.5     -1167
50.52     -1268
50.54     -1292
50.56     -1289
50.58     -1290
50.6     -1298
50.62     -1293
50.64     -1249
50.66     -1144
50.68     -969.1
50.7     -731.2
50.72     -440.9
50.74     -112
50.76     229.2
50.78     542
50.8     786.9
50.82     943.6
50.84     1019
50.86     1042
50.88     1039
50.9     1017
50.92     957.4
50.94     822.3
50.96     591.6
50.98     285.5
51     -52.58
51.02     -389.4
51.04     -708.8
51.06     -987.7
51.08     -1183
51.1     -1257
51.12     -1209
51.14     -1080
51.16     -913.7
51.18     -730.4
51.2     -519
51.22     -262.4
51.24     39.39
51.26     365.1
51.28     676
51.3     921
51.32     1053
51.34     1054
51.36     940.3
51.38     742.3
51.4     486
51.42     188.7
51.44     -133.8
51.46     -462.6
51.48     -779.7
51.5     -1076
51.52     -1349
51.54     -1589
51.56     -1768
51.58     -1847
51.6     -1796
51.62     -1610
51.64     -1312
51.66     -945.3
51.68     -560.5
51.7     -190.4
51.72     160.3
51.74     501.7
51.76     838
51.78     1158
51.8     1436
51.82     1629
51.84     1690
51.86     1599
51.88     1374
51.9     1056
51.92     686.8
51.94     296.1
51.96     -91.91
51.98     -457.9
52     -798.8
52.02     -1130
52.04     -1465
52.06     -1785
52.08     -2037
52.1     -2160
52.12     -2119
52.14     -1909
52.16     -1564
52.18     -1141
52.2     -702.1
52.22     -296.5
52.24     47.58
52.26     330.2
52.28     577.4
52.3     813.6
52.32     1035
52.34     1213
52.36     1318
52.38     1322
52.4     1199
52.42     931.7
52.44     531.7
52.46     51.74
52.48     -430.1
52.5     -845.8
52.52     -1167
52.54     -1409
52.56     -1607
52.58     -1779
52.6     -1926
52.62     -2031
52.64     -2072
52.66     -2025
52.68     -1858
52.7     -1547
52.72     -1098
52.74     -561.2
52.76     -14.11
52.78     471.9
52.8     860.9
52.82     1161
52.84     1399
52.86     1592
52.88     1730
52.9     1790
52.92     1756
52.94     1621
52.96     1378
52.98     1021
53     566.9
53.02     58.4
53.04     -441.7
53.06     -876.7
53.08     -1217
53.1     -1465
53.12     -1634
53.14     -1732
53.16     -1745
53.18     -1649
53.2     -1430
53.22     -1108
53.24     -723.2
53.26     -320.8
53.28     63.56
53.3     405.9
53.32     687
53.34     891.2
53.36     1012
53.38     1052
53.4     1021
53.42     924.8
53.44     766.1
53.46     541.6
53.48     249.9
53.5     -91.97
53.52     -444.3
53.54     -759.4
53.56     -1006
53.58     -1181
53.6     -1300
53.62     -1375
53.64     -1404
53.66     -1374
53.68     -1272
53.7     -1111
53.72     -922.4
53.74     -736.2
53.76     -562
53.78     -392.4
53.8     -222
53.82     -60.7
53.84     68.8
53.86     147.1
53.88     170.5
53.9     145.1
53.92     75.28
53.94     -38.78
53.96     -192.8
53.98     -369.2
54     -538.9
54.02     -676.6
54.04     -775.3
54.06     -844.7
54.08     -891.9
54.1     -910.4
54.12     -888.2
54.14     -819
54.16     -702.2
54.18     -536.8
54.2     -321
54.22     -60.97
54.24     223
54.26     503.6
54.28     756.5
54.3     965.5
54.32     1121
54.34     1218
54.36     1258
54.38     1244
54.4     1183
54.42     1076
54.44     920.3
54.46     711.2
54.48     447.7
54.5     137
54.52     -200.1
54.54     -526.4
54.56     -801.9
54.58     -1004
54.6     -1134
54.62     -1201
54.64     -1206
54.66     -1138
54.68     -999.1
54.7     -810.9
54.72     -596
54.74     -360.9
54.76     -103.5
54.78     165.5
54.8     418.5
54.82     628.5
54.84     784.7
54.86     890.8
54.88     949.1
54.9     952.5
54.92     892.3
54.94     768.6
54.96     591.1
54.98     375
55     142.7
55.02     -81.17
55.04     -279.9
55.06     -451
55.08     -597
55.1     -709.9
55.12     -772.9
55.14     -777.7
55.16     -733.1
55.18     -653.9
55.2     -544.4
55.22     -396.9
55.24     -203.7
55.26     31.72
55.28     292.6
55.3     556.8
55.32     806.3
55.34     1030
55.36     1220
55.38     1369
55.4     1470
55.42     1524
55.44     1540
55.46     1531
55.48     1508
55.5     1473
55.52     1413
55.54     1313
55.56     1167
55.58     984.3
55.6     787.3
55.62     598.6
55.64     432.8
55.66     294.7
55.68     182.3
55.7     91.51
55.72     18.87
55.74     -36.83
55.76     -75.17
55.78     -96.65
55.8     -103.1
55.82     -94.19
55.84     -64.78
55.86     -8.081
55.88     74.67
55.9     168.3
55.92     251.7
55.94     312.1
55.96     351.1
55.98     377.2
56     394.6
56.02     399.9
56.04     386.8
56.06     354.3
56.08     308.4
56.1     257.4
56.12     207
56.14     156.9
56.16     103.9
56.18     51.91
56.2     15.18
56.22     10.02
56.24     42.66
56.26     104.1
56.28     176.6
56.3     246.2
56.32     308.9
56.34     366
56.36     417.4
56.38     460.5
56.4     492.8
56.42     511.1
56.44     509.1
56.46     476.3
56.48     402.9
56.5     284.3
56.52     123.6
56.54     -67.77
56.56     -270.1
56.58     -459.8
56.6     -618
56.62     -737.8
56.64     -824.6
56.66     -887.3
56.68     -928.2
56.7     -942.7
56.72     -925.3
56.74     -871.9
56.76     -775.9
56.78     -627.9
56.8     -430.8
56.82     -209
56.84     5.878
56.86     196.2
56.88     361.6
56.9     507.1
56.92     631.2
56.94     724.3
56.96     776.8
56.98     786.4
57     754.8
57.02     678.5
57.04     551.4
57.06     373.6
57.08     157.2
57.1     -75.71
57.12     -300.2
57.14     -497.5
57.16     -660.7
57.18     -793.7
57.2     -900.4
57.22     -975
57.24     -1002
57.26     -965.9
57.28     -857.1
57.3     -676.3
57.32     -433.2
57.34     -142.2
57.36     179
57.38     510
57.4     828
57.42     1110
57.44     1337
57.46     1505
57.48     1622
57.5     1696
57.52     1729
57.54     1712
57.56     1631
57.58     1476
57.6     1247
57.62     948.6
57.64     588.9
57.66     191.9
57.68     -200
57.7     -541.2
57.72     -804.5
57.74     -987.8
57.76     -1104
57.78     -1167
57.8     -1184
57.82     -1152
57.84     -1065
57.86     -914
57.88     -698.1
57.9     -424.6
57.92     -112.1
57.94     211.1
57.96     511.9
57.98     760.1
58     933.7
58.02     1021
58.04     1018
58.06     930.8
58.08     773.7
58.1     564.9
58.12     322.9
58.14     65.15
58.16     -190.8
58.18     -428.3
58.2     -635.8
58.22     -807.5
58.24     -942.8
58.26     -1040
58.28     -1088
58.3     -1068
58.32     -962.7
58.34     -766.2
58.36     -486.9
58.38     -147.6
58.4     214.8
58.42     554
58.44     823.5
58.46     997.6
58.48     1080
58.5     1095
58.52     1065
58.54     1007
58.56     928.4
58.58     830
58.6     698.5
58.62     509.2
58.64     242
58.66     -94.4
58.68     -456.2
58.7     -782.9
58.72     -1022
58.74     -1141
58.76     -1141
58.78     -1053
58.8     -925.9
58.82     -800.3
58.84     -692.6
58.86     -592.4
58.88     -476.4
58.9     -321.2
58.92     -111.3
58.94     149.7
58.96     432.3
58.98     691.2
59     889.5
59.02     1015
59.04     1074
59.06     1074
59.08     1017
59.1     909.6
59.12     773.5
59.14     631.3
59.16     486.9
59.18     323.2
59.2     122.1
59.22     -114
59.24     -362.9
59.26     -597.5
59.28     -797.5
59.3     -947.9
59.32     -1033
59.34     -1041
59.36     -967.8
59.38     -823.1
59.4     -629.6
59.42     -414.9
59.44     -200.2
59.46     7.017
59.48     208.9
59.5     406.4
59.52     588.6
59.54     733.1
59.56     816.6
59.58     826.2
59.6     761.6
59.62     630.1
59.64     445
59.66     229
59.68     7.224
59.7     -205.1
59.72     -403.3
59.74     -581.7
59.76     -725.7
59.78     -818.9
59.8     -854.5
59.82     -834.9
59.84     -759.6
59.86     -621.6
59.88     -419.2
59.9     -168.6
59.92     101.3
59.94     365.7
59.96     610.2
59.98     821.5
60     978.3
