TIME/STEP     RF_deform_x
0     0
0.02     1.5666e-05
0.04     7.82512e-05
0.06     0.000132702
0.08     -0.000235812
0.1     -0.00129805
0.12     -0.0026335
0.14     -0.00390143
0.16     -0.00533307
0.18     -0.00732424
0.2     -0.00992814
0.22     -0.0127928
0.24     -0.0157526
0.26     -0.0190046
0.28     -0.0223313
0.3     -0.025409
0.32     -0.0281731
0.34     -0.0301848
0.36     -0.0310115
0.38     -0.0311829
0.4     -0.0319803
0.42     -0.0332779
0.44     -0.0332769
0.46     -0.0315402
0.48     -0.02935
0.5     -0.0272952
0.52     -0.0247431
0.54     -0.021145
0.56     -0.0172021
0.58     -0.0137381
0.6     -0.0107993
0.62     -0.00833797
0.64     -0.00648281
0.66     -0.00580171
0.68     -0.00662305
0.7     -0.00848451
0.72     -0.0104631
0.74     -0.0119637
0.76     -0.0133912
0.78     -0.014663
0.8     -0.0141476
0.82     -0.0104033
0.84     -0.00341353
0.86     0.00634259
0.88     0.0181831
0.9     0.0309562
0.92     0.0442549
0.94     0.057633
0.96     0.0694638
0.98     0.0783802
1     0.0834983
1.02     0.0844729
1.04     0.0814374
1.06     0.0733242
1.08     0.058905
1.1     0.0394164
1.12     0.01691
1.14     -0.00731889
1.16     -0.0316269
1.18     -0.0549428
1.2     -0.0781189
1.22     -0.102426
1.24     -0.12743
1.26     -0.150147
1.28     -0.16731
1.3     -0.179945
1.32     -0.190707
1.34     -0.198548
1.36     -0.201857
1.38     -0.201002
1.4     -0.19563
1.42     -0.184259
1.44     -0.165062
1.46     -0.137883
1.48     -0.105121
1.5     -0.0690427
1.52     -0.0315464
1.54     0.0055117
1.56     0.0409909
1.58     0.0739361
1.6     0.103368
1.62     0.127878
1.64     0.144299
1.66     0.150138
1.68     0.14733
1.7     0.13931
1.72     0.126241
1.74     0.10697
1.76     0.0835006
1.78     0.0590918
1.8     0.0347561
1.82     0.0107226
1.84     -0.0120038
1.86     -0.0312922
1.88     -0.0456265
1.9     -0.0558272
1.92     -0.0615405
1.94     -0.0613143
1.96     -0.056603
1.98     -0.0501058
2     -0.0429411
2.02     -0.0352129
2.04     -0.0270805
2.06     -0.0201691
2.08     -0.0170628
2.1     -0.0175748
2.12     -0.0193626
2.14     -0.0221976
2.16     -0.0283259
2.18     -0.0396088
2.2     -0.0529905
2.22     -0.0642952
2.24     -0.0755855
2.26     -0.0880722
2.28     -0.0980481
2.3     -0.102925
2.32     -0.102414
2.34     -0.0977222
2.36     -0.0891183
2.38     -0.0739336
2.4     -0.0526601
2.42     -0.0314952
2.44     -0.0153897
2.46     -0.00566665
2.48     -0.00195564
2.5     -0.00243448
2.52     -0.0061398
2.54     -0.0155279
2.56     -0.0337199
2.58     -0.0607603
2.6     -0.0939684
2.62     -0.130196
2.64     -0.167305
2.66     -0.201369
2.68     -0.226793
2.7     -0.241549
2.72     -0.24587
2.74     -0.24197
2.76     -0.234631
2.78     -0.224438
2.8     -0.206608
2.82     -0.17599
2.84     -0.13173
2.86     -0.0795207
2.88     -0.0280383
2.9     0.0152329
2.92     0.0478379
2.94     0.0729148
2.96     0.0929551
2.98     0.105575
3     0.107019
3.02     0.0977862
3.04     0.0794629
3.06     0.0482465
3.08     0.000837136
3.1     -0.0549228
3.12     -0.106332
3.14     -0.149109
3.16     -0.185055
3.18     -0.213453
3.2     -0.228662
3.22     -0.224033
3.24     -0.201189
3.26     -0.166594
3.28     -0.120398
3.3     -0.0657713
3.32     -0.0140252
3.34     0.0268001
3.36     0.0529226
3.38     0.0638099
3.4     0.0623161
3.42     0.0458978
3.44     0.00807683
3.46     -0.0497566
3.48     -0.118572
3.5     -0.187889
3.52     -0.247493
3.54     -0.288789
3.56     -0.30795
3.58     -0.30851
3.6     -0.293749
3.62     -0.259252
3.64     -0.202958
3.66     -0.133298
3.68     -0.0605782
3.7     0.0076416
3.72     0.061982
3.74     0.0931428
3.76     0.094281
3.78     0.0660743
3.8     0.0242752
3.82     -0.0181165
3.84     -0.0670774
3.86     -0.128421
3.88     -0.197433
3.9     -0.265991
3.92     -0.321317
3.94     -0.351581
3.96     -0.353356
3.98     -0.32802
4     -0.284928
4.02     -0.241755
4.04     -0.207252
4.06     -0.174936
4.08     -0.135377
4.1     -0.0840411
4.12     -0.0252824
4.14     0.0285264
4.16     0.0666614
4.18     0.0836855
4.2     0.0813866
4.22     0.0705725
4.24     0.0643973
4.26     0.0671087
4.28     0.0672576
4.3     0.0494293
4.32     0.00858965
4.34     -0.0504023
4.36     -0.119033
4.38     -0.191538
4.4     -0.262208
4.42     -0.320431
4.44     -0.36136
4.46     -0.396665
4.48     -0.441802
4.5     -0.4935
4.52     -0.529802
4.54     -0.534787
4.56     -0.512921
4.58     -0.476315
4.6     -0.432153
4.62     -0.386335
4.64     -0.350116
4.66     -0.33181
4.68     -0.321607
4.7     -0.299371
4.72     -0.257618
4.74     -0.206139
4.76     -0.155307
4.78     -0.106937
4.8     -0.0604353
4.82     -0.0125893
4.84     0.0424812
4.86     0.106193
4.88     0.172004
4.9     0.227098
4.92     0.264352
4.94     0.287882
4.96     0.302021
4.98     0.309258
5     0.315558
5.02     0.324507
5.04     0.33291
5.06     0.335047
5.08     0.332053
5.1     0.342934
5.12     0.386948
5.14     0.454021
5.16     0.516923
5.18     0.561319
5.2     0.586922
5.22     0.592763
5.24     0.57333
5.26     0.524187
5.28     0.454334
5.3     0.381474
5.32     0.305932
5.34     0.213477
5.36     0.0974358
5.38     -0.0338646
5.4     -0.160252
5.42     -0.259517
5.44     -0.315821
5.46     -0.327125
5.48     -0.30753
5.5     -0.280627
5.52     -0.267166
5.54     -0.270633
5.56     -0.279132
5.58     -0.284178
5.6     -0.290736
5.62     -0.305815
5.64     -0.330749
5.66     -0.368503
5.68     -0.418119
5.7     -0.466078
5.72     -0.497378
5.74     -0.508176
5.76     -0.501583
5.78     -0.475538
5.8     -0.423678
5.82     -0.347232
5.84     -0.257128
5.86     -0.165932
5.88     -0.0835437
5.9     -0.0136778
5.92     0.0489978
5.94     0.110209
5.96     0.166701
5.98     0.216419
6     0.268166
6.02     0.324208
6.04     0.371277
6.06     0.398401
6.08     0.404571
6.1     0.395912
6.12     0.386537
6.14     0.386551
6.16     0.387256
6.18     0.370234
6.2     0.323766
6.22     0.248737
6.24     0.157708
6.26     0.0650175
6.28     -0.0191151
6.3     -0.0820726
6.32     -0.111649
6.34     -0.107923
6.36     -0.0798808
6.38     -0.0346434
6.4     0.0245778
6.42     0.0975514
6.44     0.181011
6.46     0.261742
6.48     0.328431
6.5     0.382361
6.52     0.421562
6.54     0.431992
6.56     0.404905
6.58     0.349651
6.6     0.285773
6.62     0.226326
6.64     0.174737
6.66     0.139179
6.68     0.130738
6.7     0.143757
6.72     0.162467
6.74     0.179664
6.76     0.193714
6.78     0.203588
6.8     0.209748
6.82     0.208642
6.84     0.185275
6.86     0.120426
6.88     0.00699199
6.9     -0.143806
6.92     -0.304023
6.94     -0.445315
6.96     -0.560118
6.98     -0.654726
7     -0.730027
7.02     -0.77937
7.04     -0.795911
7.06     -0.776075
7.08     -0.719374
7.1     -0.628715
7.12     -0.515783
7.14     -0.401582
7.16     -0.302212
7.18     -0.220157
7.2     -0.153712
7.22     -0.103905
7.24     -0.0685808
7.26     -0.0445994
7.28     -0.0385026
7.3     -0.0597583
7.32     -0.10181
7.34     -0.142673
7.36     -0.167442
7.38     -0.18058
7.4     -0.192714
7.42     -0.203321
7.44     -0.205421
7.46     -0.199942
7.48     -0.189843
7.5     -0.16425
7.52     -0.105754
7.54     -0.013844
7.56     0.0933975
7.58     0.203479
7.6     0.320495
7.62     0.447465
7.64     0.571951
7.66     0.676595
7.68     0.759736
7.7     0.832074
7.72     0.889996
7.74     0.911645
7.76     0.88336
7.78     0.812668
7.8     0.716138
7.82     0.612302
7.84     0.52378
7.86     0.464022
7.88     0.423689
7.9     0.387648
7.92     0.358034
7.94     0.348126
7.96     0.360434
7.98     0.382821
8     0.399969
8.02     0.396247
8.04     0.354834
8.06     0.263707
8.08     0.123319
8.1     -0.0520952
8.12     -0.243959
8.14     -0.442293
8.16     -0.642242
8.18     -0.83001
8.2     -0.98692
8.22     -1.09646
8.24     -1.14411
8.26     -1.12316
8.28     -1.03906
8.3     -0.913525
8.32     -0.779958
8.34     -0.660616
8.36     -0.554479
8.38     -0.458072
8.4     -0.383639
8.42     -0.346808
8.44     -0.355673
8.46     -0.414834
8.48     -0.523629
8.5     -0.664707
8.52     -0.802291
8.54     -0.902725
8.56     -0.953956
8.58     -0.962837
8.6     -0.942083
8.62     -0.900822
8.64     -0.841448
8.66     -0.763745
8.68     -0.671083
8.7     -0.565632
8.72     -0.447462
8.74     -0.326531
8.76     -0.2182
8.78     -0.126865
8.8     -0.0432334
8.82     0.0458813
8.84     0.149107
8.86     0.270501
8.88     0.410802
8.9     0.566917
8.92     0.735028
8.94     0.90918
8.96     1.07171
8.98     1.19299
9     1.24914
9.02     1.24525
9.04     1.21297
9.06     1.17491
9.08     1.12549
9.1     1.05346
9.12     0.965558
9.14     0.881544
9.16     0.816391
9.18     0.776262
9.2     0.773646
9.22     0.830943
9.24     0.958559
9.26     1.1354
9.28     1.3164
9.3     1.46766
9.32     1.5884
9.34     1.68991
9.36     1.76538
9.38     1.78872
9.4     1.74361
9.42     1.65032
9.44     1.54779
9.46     1.44794
9.48     1.3252
9.5     1.15171
9.52     0.935062
9.54     0.715033
9.56     0.51999
9.58     0.342642
9.6     0.165099
9.62     -0.0147581
9.64     -0.20162
9.66     -0.427927
9.68     -0.723597
9.7     -1.06613
9.72     -1.38254
9.74     -1.60825
9.76     -1.74442
9.78     -1.83604
9.8     -1.90138
9.82     -1.90834
9.84     -1.814
9.86     -1.61802
9.88     -1.36241
9.9     -1.07853
9.92     -0.763123
9.94     -0.41382
9.96     -0.0658548
9.98     0.223427
10     0.418758
10.02     0.523107
10.04     0.557554
10.06     0.539873
10.08     0.483707
10.1     0.402542
10.12     0.310587
10.14     0.224891
10.16     0.158026
10.18     0.118029
10.2     0.120068
10.22     0.173707
10.24     0.262327
10.26     0.357762
10.28     0.443648
10.3     0.517885
10.32     0.594197
10.34     0.692137
10.36     0.81227
10.38     0.932143
10.4     1.01834
10.42     1.04878
10.44     1.03749
10.46     1.02708
10.48     1.06309
10.5     1.17994
10.52     1.38034
10.54     1.6197
10.56     1.83284
10.58     1.96698
10.6     2.00068
10.62     1.95982
10.64     1.89163
10.66     1.81881
10.68     1.73205
10.7     1.60212
10.72     1.39844
10.74     1.11863
10.76     0.79396
10.78     0.470064
10.8     0.194985
10.82     -0.00707562
10.84     -0.16427
10.86     -0.334967
10.88     -0.565341
10.9     -0.862735
10.92     -1.1938
10.94     -1.51453
10.96     -1.80021
10.98     -2.05011
11     -2.26566
11.02     -2.43449
11.04     -2.54555
11.06     -2.58907
11.08     -2.54005
11.1     -2.37315
11.12     -2.08501
11.14     -1.69815
11.16     -1.26361
11.18     -0.846065
11.2     -0.485373
11.22     -0.187961
11.24     0.0489483
11.26     0.219302
11.28     0.299185
11.3     0.263006
11.32     0.113665
11.34     -0.106016
11.36     -0.319825
11.38     -0.444751
11.4     -0.422205
11.42     -0.230728
11.44     0.11306
11.46     0.554348
11.48     1.02144
11.5     1.45815
11.52     1.82287
11.54     2.07589
11.56     2.17829
11.58     2.09386
11.6     1.79782
11.62     1.29019
11.64     0.596265
11.66     -0.237013
11.68     -1.1286
11.7     -1.97066
11.72     -2.6613
11.74     -3.12077
11.76     -3.29934
11.78     -3.18273
11.8     -2.78985
11.82     -2.16559
11.84     -1.35985
11.86     -0.427165
11.88     0.546143
11.9     1.45047
11.92     2.20143
11.94     2.76521
11.96     3.13735
11.98     3.31414
12     3.28825
12.02     3.0646
12.04     2.67738
12.06     2.19285
12.08     1.6959
12.1     1.26743
12.12     0.951564
12.14     0.74289
12.16     0.621162
12.18     0.568226
12.2     0.563859
12.22     0.603628
12.24     0.687663
12.26     0.79088
12.28     0.863081
12.3     0.844051
12.32     0.699995
12.34     0.455206
12.36     0.160413
12.38     -0.161841
12.4     -0.523327
12.42     -0.945782
12.44     -1.44353
12.46     -2.01149
12.48     -2.61954
12.5     -3.21023
12.52     -3.70788
12.54     -4.05568
12.56     -4.23806
12.58     -4.26277
12.6     -4.14944
12.62     -3.93006
12.64     -3.62644
12.66     -3.2225
12.68     -2.6848
12.7     -2.01657
12.72     -1.2849
12.74     -0.599663
12.76     -0.0593675
12.78     0.290533
12.8     0.462092
12.82     0.49603
12.84     0.430374
12.86     0.29467
12.88     0.103844
12.9     -0.152031
12.92     -0.490733
12.94     -0.899796
12.96     -1.32369
12.98     -1.68722
13     -1.91891
13.02     -1.97817
13.04     -1.89355
13.06     -1.75729
13.08     -1.65315
13.1     -1.58837
13.12     -1.50397
13.14     -1.33905
13.16     -1.07159
13.18     -0.717865
13.2     -0.320115
13.22     0.0764232
13.24     0.445578
13.26     0.773384
13.28     1.04963
13.3     1.28208
13.32     1.4844
13.34     1.63803
13.36     1.70135
13.38     1.638
13.4     1.43322
13.42     1.12163
13.44     0.779699
13.46     0.481841
13.48     0.274025
13.5     0.156324
13.52     0.0893137
13.54     0.0430333
13.56     0.0187438
13.58     0.0241252
13.6     0.0569959
13.62     0.107827
13.64     0.173563
13.66     0.255465
13.68     0.32321
13.7     0.31409
13.72     0.193971
13.74     0.00215537
13.76     -0.179641
13.78     -0.297632
13.8     -0.343306
13.82     -0.310206
13.84     -0.175775
13.86     0.0664748
13.88     0.382289
13.9     0.71091
13.92     1.00717
13.94     1.27222
13.96     1.53733
13.98     1.81921
14     2.08502
14.02     2.25665
14.04     2.27095
14.06     2.13933
14.08     1.93203
14.1     1.71723
14.12     1.52515
14.14     1.35141
14.16     1.17556
14.18     0.976327
14.2     0.730505
14.22     0.408893
14.24     -0.00460389
14.26     -0.506227
14.28     -1.09537
14.3     -1.78984
14.32     -2.61571
14.34     -3.57434
14.36     -4.62074
14.38     -5.6742
14.4     -6.65088
14.42     -7.505
14.44     -8.22704
14.46     -8.79681
14.48     -9.15705
14.5     -9.23938
14.52     -9.0196
14.54     -8.53462
14.56     -7.84778
14.58     -7.02176
14.6     -6.11839
14.62     -5.19377
14.64     -4.27364
14.66     -3.34446
14.68     -2.38151
14.7     -1.38218
14.72     -0.372828
14.74     0.620986
14.76     1.60607
14.78     2.6091
14.8     3.6352
14.82     4.64727
14.84     5.59195
14.86     6.44442
14.88     7.21276
14.9     7.89913
14.92     8.4723
14.94     8.86883
14.96     9.01979
14.98     8.90121
15     8.56732
15.02     8.12087
15.04     7.64061
15.06     7.14021
15.08     6.59524
15.1     5.98933
15.12     5.31454
15.14     4.5538
15.16     3.6946
15.18     2.74859
15.2     1.73318
15.22     0.632774
15.24     -0.593829
15.26     -1.97199
15.28     -3.49426
15.3     -5.12758
15.32     -6.83332
15.34     -8.56515
15.36     -10.2266
15.38     -11.6639
15.4     -12.7437
15.42     -13.4346
15.44     -13.7997
15.46     -13.9202
15.48     -13.823
15.5     -13.4725
15.52     -12.8295
15.54     -11.9158
15.56     -10.8195
15.58     -9.66221
15.6     -8.55867
15.62     -7.574
15.64     -6.71317
15.66     -5.93747
15.68     -5.17566
15.7     -4.33988
15.72     -3.3693
15.74     -2.26669
15.76     -1.08495
15.78     0.130495
15.8     1.38835
15.82     2.72869
15.84     4.16627
15.86     5.66815
15.88     7.16643
15.9     8.5896
15.92     9.88433
15.94     10.9983
15.96     11.8686
15.98     12.458
16     12.7836
16.02     12.8997
16.04     12.8566
16.06     12.6728
16.08     12.3413
16.1     11.8601
16.12     11.2469
16.14     10.5145
16.16     9.66069
16.18     8.68822
16.2     7.61145
16.22     6.4336
16.24     5.13781
16.26     3.71819
16.28     2.20236
16.3     0.633248
16.32     -0.94635
16.34     -2.49163
16.36     -3.95972
16.38     -5.31737
16.4     -6.54383
16.42     -7.6217
16.44     -8.52924
16.46     -9.25561
16.48     -9.81327
16.5     -10.2178
16.52     -10.4593
16.54     -10.5077
16.56     -10.3416
16.58     -9.95792
16.6     -9.35251
16.62     -8.5122
16.64     -7.43403
16.66     -6.1378
16.68     -4.65351
16.7     -3.00457
16.72     -1.21186
16.74     0.668944
16.76     2.52923
16.78     4.26003
16.8     5.81121
16.82     7.17416
16.84     8.32331
16.86     9.20076
16.88     9.75812
16.9     10.0048
16.92     10.0051
16.94     9.82444
16.96     9.49752
16.98     9.04714
17     8.49985
17.02     7.87827
17.04     7.18198
17.06     6.38796
17.08     5.48703
17.1     4.4998
17.12     3.44407
17.14     2.30683
17.16     1.05969
17.18     -0.306853
17.2     -1.76185
17.22     -3.24755
17.24     -4.71623
17.26     -6.13163
17.28     -7.4444
17.3     -8.59229
17.32     -9.52588
17.34     -10.2289
17.36     -10.7108
17.38     -10.9883
17.4     -11.0543
17.42     -10.8551
17.44     -10.3217
17.46     -9.42733
17.48     -8.2129
17.5     -6.7549
17.52     -5.10722
17.54     -3.28456
17.56     -1.29881
17.58     0.80215
17.6     2.93679
17.62     5.02024
17.64     6.97249
17.66     8.71266
17.68     10.1595
17.7     11.2419
17.72     11.925
17.74     12.2144
17.76     12.1392
17.78     11.7538
17.8     11.1386
17.82     10.3882
17.84     9.59713
17.86     8.83748
17.88     8.14861
17.9     7.5577
17.92     7.09954
17.94     6.79962
17.96     6.64777
17.98     6.59461
18     6.57675
18.02     6.54329
18.04     6.44528
18.06     6.21949
18.08     5.80709
18.1     5.18714
18.12     4.39549
18.14     3.50043
18.16     2.55161
18.18     1.57682
18.2     0.611129
18.22     -0.321035
18.24     -1.2422
18.26     -2.19639
18.28     -3.18928
18.3     -4.17185
18.32     -5.07201
18.34     -5.8402
18.36     -6.47746
18.38     -7.02178
18.4     -7.51335
18.42     -7.96354
18.44     -8.33131
18.46     -8.52856
18.48     -8.46883
18.5     -8.1243
18.52     -7.53444
18.54     -6.75559
18.56     -5.81178
18.58     -4.70711
18.6     -3.46553
18.62     -2.14007
18.64     -0.802503
18.66     0.484256
18.68     1.68771
18.7     2.78645
18.72     3.75595
18.74     4.57339
18.76     5.21424
18.78     5.66357
18.8     5.94
18.82     6.09074
18.84     6.16761
18.86     6.2087
18.88     6.22696
18.9     6.21597
18.92     6.17365
18.94     6.11666
18.96     6.07667
18.98     6.08542
19     6.15208
19.02     6.25757
19.04     6.37964
19.06     6.52133
19.08     6.70178
19.1     6.92323
19.12     7.164
19.14     7.39842
19.16     7.61629
19.18     7.81513
19.2     7.96941
19.22     8.03442
19.24     7.98216
19.26     7.80111
19.28     7.46358
19.3     6.93324
19.32     6.21079
19.34     5.33747
19.36     4.35907
19.38     3.30904
19.4     2.21558
19.42     1.11055
19.44     0.0231903
19.46     -1.03126
19.48     -2.0486
19.5     -3.0181
19.52     -3.90518
19.54     -4.66837
19.56     -5.29273
19.58     -5.80329
19.6     -6.25315
19.62     -6.68169
19.64     -7.0888
19.66     -7.45305
19.68     -7.75851
19.7     -8.00218
19.72     -8.18076
19.74     -8.28804
19.76     -8.32936
19.78     -8.33019
19.8     -8.32485
19.82     -8.31357
19.84     -8.23867
19.86     -8.02868
19.88     -7.65776
19.9     -7.15428
19.92     -6.55903
19.94     -5.88913
19.96     -5.13432
19.98     -4.27628
20     -3.30158
20.02     -2.2
20.04     -0.989852
20.06     0.25736
20.08     1.45356
20.1     2.56345
20.12     3.62277
20.14     4.6887
20.16     5.78715
20.18     6.89941
20.2     7.98929
20.22     9.02985
20.24     10.0062
20.26     10.9148
20.28     11.7653
20.3     12.5755
20.32     13.3407
20.34     14.0107
20.36     14.518
20.38     14.8174
20.4     14.891
20.42     14.7297
20.44     14.3189
20.46     13.6412
20.48     12.6955
20.5     11.5071
20.52     10.1029
20.54     8.48284
20.56     6.64247
20.58     4.61024
20.6     2.44673
20.62     0.206334
20.64     -2.08307
20.66     -4.40922
20.68     -6.76221
20.7     -9.113
20.72     -11.3993
20.74     -13.5308
20.76     -15.4101
20.78     -16.9738
20.8     -18.2169
20.82     -19.1654
20.84     -19.8276
20.86     -20.185
20.88     -20.2171
20.9     -19.9083
20.92     -19.2374
20.94     -18.179
20.96     -16.7236
20.98     -14.8909
21     -12.7119
21.02     -10.2041
21.04     -7.37204
21.06     -4.21432
21.08     -0.723696
21.1     3.09967
21.12     7.21316
21.14     11.4973
21.16     15.7709
21.18     19.8522
21.2     23.6019
21.22     26.9196
21.24     29.7153
21.26     31.8996
21.28     33.4
21.3     34.1752
21.32     34.203
21.34     33.4651
21.36     31.9658
21.38     29.7595
21.4     26.9726
21.42     23.81
21.44     20.4861
21.46     17.1223
21.48     13.7175
21.5     10.2065
21.52     6.55014
21.54     2.77207
21.56     -1.08713
21.58     -5.01062
21.6     -8.98999
21.62     -13.0031
21.64     -17.0168
21.66     -21.0141
21.68     -25.0036
21.7     -28.9613
21.72     -32.7584
21.74     -36.1905
21.76     -39.0824
21.78     -41.3554
21.8     -43.0141
21.82     -44.0982
21.84     -44.656
21.86     -44.7424
21.88     -44.4156
21.9     -43.7204
21.92     -42.6706
21.94     -41.2413
21.96     -39.389
21.98     -37.0967
22     -34.381
22.02     -31.2451
22.04     -27.636
22.06     -23.4458
22.08     -18.5677
22.1     -12.9808
22.12     -6.80389
22.14     -0.255841
22.16     6.42661
22.18     13.0269
22.2     19.3422
22.22     25.1686
22.24     30.2986
22.26     34.5525
22.28     37.8248
22.3     40.0993
22.32     41.432
22.34     41.9349
22.36     41.7641
22.38     41.0876
22.4     40.0503
22.42     38.7778
22.44     37.3782
22.46     35.9172
22.48     34.405
22.5     32.7912
22.52     30.9688
22.54     28.7933
22.56     26.1248
22.58     22.8699
22.6     18.992
22.62     14.5084
22.64     9.47518
22.66     3.97822
22.68     -1.84012
22.7     -7.78092
22.72     -13.6422
22.74     -19.2718
22.76     -24.5688
22.78     -29.4342
22.8     -33.7357
22.82     -37.3418
22.84     -40.208
22.86     -42.4149
22.88     -44.0922
22.9     -45.3229
22.92     -46.1181
22.94     -46.4385
22.96     -46.2263
22.98     -45.4339
23     -44.0324
23.02     -41.9879
23.04     -39.2559
23.06     -35.8057
23.08     -31.6412
23.1     -26.8044
23.12     -21.3618
23.14     -15.3891
23.16     -8.99748
23.18     -2.37079
23.2     4.27483
23.22     10.7741
23.24     17.0231
23.26     22.9091
23.28     28.2722
23.3     32.9595
23.32     36.8862
23.34     40.0321
23.36     42.3939
23.38     43.9337
23.4     44.5859
23.42     44.3247
23.44     43.1882
23.46     41.2224
23.48     38.4345
23.5     34.8276
23.52     30.465
23.54     25.4871
23.56     20.0641
23.58     14.3227
23.6     8.32831
23.62     2.14239
23.64     -4.13528
23.66     -10.3785
23.68     -16.4679
23.7     -22.3212
23.72     -27.8969
23.74     -33.1718
23.76     -38.1096
23.78     -42.6534
23.8     -46.7434
23.82     -50.3164
23.84     -53.2827
23.86     -55.522
23.88     -56.9128
23.9     -57.3682
23.92     -56.8538
23.94     -55.3758
23.96     -52.9524
23.98     -49.6087
24     -45.4089
24.02     -40.4792
24.04     -34.9893
24.06     -29.1141
24.08     -23.0028
24.1     -16.7738
24.12     -10.5182
24.14     -4.29496
24.16     1.85903
24.18     7.91896
24.2     13.8801
24.22     19.7577
24.24     25.5669
24.26     31.2955
24.28     36.8946
24.3     42.2839
24.32     47.3558
24.34     51.9745
24.36     55.9685
24.38     59.1391
24.4     61.3024
24.42     62.328
24.44     62.1485
24.46     60.7565
24.48     58.2041
24.5     54.5943
24.52     50.0618
24.54     44.7629
24.56     38.8756
24.58     32.6016
24.6     26.1582
24.62     19.7401
24.64     13.4783
24.66     7.43788
24.68     1.63634
24.7     -3.93674
24.72     -9.29654
24.74     -14.4479
24.76     -19.381
24.78     -24.0711
24.8     -28.4811
24.82     -32.5605
24.84     -36.2356
24.86     -39.4081
24.88     -41.9753
24.9     -43.8539
24.92     -44.9828
24.94     -45.307
24.96     -44.7703
24.98     -43.3451
25     -41.0702
25.02     -38.0562
25.04     -34.455
25.06     -30.4126
25.08     -26.0497
25.1     -21.4689
25.12     -16.7602
25.14     -12.0068
25.16     -7.28334
25.18     -2.64332
25.2     1.89692
25.22     6.35767
25.24     10.7657
25.26     15.1264
25.28     19.4102
25.3     23.5591
25.32     27.5188
25.34     31.2433
25.36     34.6496
25.38     37.5963
25.4     39.9308
25.42     41.5384
25.44     42.3439
25.46     42.3019
25.48     41.3957
25.5     39.6475
25.52     37.1368
25.54     33.9919
25.56     30.3516
25.58     26.3263
25.6     22.0002
25.62     17.4746
25.64     12.8793
25.66     8.3351
25.68     3.92584
25.7     -0.305656
25.72     -4.34605
25.74     -8.20084
25.76     -11.8879
25.78     -15.4167
25.8     -18.7621
25.82     -21.8533
25.84     -24.5837
25.86     -26.8361
25.88     -28.5101
25.9     -29.5411
25.92     -29.9023
25.94     -29.5959
25.96     -28.6452
25.98     -27.0786
26     -24.9155
26.02     -22.1832
26.04     -18.9605
26.06     -15.3929
26.08     -11.6532
26.1     -7.88833
26.12     -4.19674
26.14     -0.62772
26.16     2.81464
26.18     6.14565
26.2     9.37488
26.22     12.5059
26.24     15.5357
26.26     18.4462
26.28     21.2078
26.3     23.7951
26.32     26.1938
26.34     28.3933
26.36     30.3657
26.38     32.0349
26.4     33.2809
26.42     33.9887
26.44     34.0937
26.46     33.5992
26.48     32.558
26.5     31.0157
26.52     28.9836
26.54     26.4628
26.56     23.4623
26.58     20.0004
26.6     16.1215
26.62     11.9079
26.64     7.45924
26.66     2.86156
26.68     -1.81906
26.7     -6.51044
26.72     -11.1126
26.74     -15.5208
26.76     -19.6534
26.78     -23.4342
26.8     -26.7746
26.82     -29.593
26.84     -31.8347
26.86     -33.4593
26.88     -34.4165
26.9     -34.6658
26.92     -34.231
26.94     -33.2181
26.96     -31.744
26.98     -29.8299
27     -27.4071
27.02     -24.4226
27.04     -20.8966
27.06     -16.8997
27.08     -12.5108
27.1     -7.79151
27.12     -2.78124
27.14     2.49328
27.16     7.99187
27.18     13.6239
27.2     19.2191
27.22     24.5518
27.24     29.4207
27.26     33.694
27.28     37.2813
27.3     40.1023
27.32     42.0821
27.34     43.1622
27.36     43.3163
27.38     42.5527
27.4     40.9051
27.42     38.4223
27.44     35.1625
27.46     31.2016
27.48     26.6327
27.5     21.551
27.52     16.0413
27.54     10.176
27.56     4.02123
27.58     -2.34649
27.6     -8.82947
27.62     -15.3073
27.64     -21.6295
27.66     -27.6004
27.68     -32.9885
27.7     -37.5755
27.72     -41.2039
27.74     -43.7911
27.76     -45.3117
27.78     -45.7623
27.8     -45.1369
27.82     -43.4433
27.84     -40.7384
27.86     -37.1418
27.88     -32.8208
27.9     -27.9742
27.92     -22.8059
27.94     -17.4799
27.96     -12.1025
27.98     -6.73391
28     -1.41943
28.02     3.78773
28.04     8.83367
28.06     13.6786
28.08     18.2915
28.1     22.6232
28.12     26.5935
28.14     30.1194
28.16     33.1543
28.18     35.6915
28.2     37.7136
28.22     39.146
28.24     39.8805
28.26     39.8417
28.28     39.0314
28.3     37.518
28.32     35.3972
28.34     32.7588
28.36     29.6685
28.38     26.1832
28.4     22.3769
28.42     18.3339
28.44     14.1258
28.46     9.80027
28.48     5.39312
28.5     0.962993
28.52     -3.39725
28.54     -7.60022
28.56     -11.6062
28.58     -15.4097
28.6     -18.9934
28.62     -22.3081
28.64     -25.2934
28.66     -27.8984
28.68     -30.0821
28.7     -31.8125
28.72     -33.0676
28.74     -33.8389
28.76     -34.1384
28.78     -33.9846
28.8     -33.3738
28.82     -32.2806
28.84     -30.6921
28.86     -28.635
28.88     -26.1609
28.9     -23.3113
28.92     -20.1119
28.94     -16.5939
28.96     -12.8062
28.98     -8.8062
29     -4.64884
29.02     -0.398918
29.04     3.84607
29.06     7.96211
29.08     11.8397
29.1     15.4067
29.12     18.6214
29.14     21.4667
29.16     23.9482
29.18     26.0871
29.2     27.8974
29.22     29.3542
29.24     30.3957
29.26     30.9697
29.28     31.0679
29.3     30.7192
29.32     29.9368
29.34     28.6713
29.36     26.83
29.38     24.3278
29.4     21.1341
29.42     17.3023
29.44     12.9633
29.46     8.28185
29.48     3.40419
29.5     -1.56287
29.52     -6.5324
29.54     -11.4045
29.56     -16.0518
29.58     -20.3311
29.6     -24.1148
29.62     -27.3394
29.64     -30.025
29.66     -32.2507
29.68     -34.1187
29.7     -35.7142
29.72     -37.0733
29.74     -38.1985
29.76     -39.0874
29.78     -39.7274
29.8     -40.0784
29.82     -40.0698
29.84     -39.6053
29.86     -38.5869
29.88     -36.9553
29.9     -34.7049
29.92     -31.8687
29.94     -28.5004
29.96     -24.6635
29.98     -20.4342
30     -15.9126
30.02     -11.2243
30.04     -6.50235
30.06     -1.85779
30.08     2.63367
30.1     6.92093
30.12     10.9692
30.14     14.7529
30.16     18.246
30.18     21.4272
30.2     24.2948
30.22     26.8603
30.24     29.1131
30.26     31.004
30.28     32.4632
30.3     33.4261
30.32     33.8495
30.34     33.7134
30.36     33.0096
30.38     31.726
30.4     29.8464
30.42     27.3699
30.44     24.3275
30.46     20.7785
30.48     16.7951
30.5     12.4538
30.52     7.83418
30.54     3.01533
30.56     -1.92923
30.58     -6.94563
30.6     -12.0055
30.62     -17.0815
30.64     -22.1164
30.66     -27.0179
30.68     -31.6688
30.7     -35.9415
30.72     -39.7268
30.74     -42.9597
30.76     -45.6143
30.78     -47.6796
30.8     -49.1322
30.82     -49.9172
30.84     -49.9666
30.86     -49.2502
30.88     -47.7982
30.9     -45.6668
30.92     -42.9009
30.94     -39.5386
30.96     -35.6222
30.98     -31.1837
31     -26.2297
31.02     -20.7599
31.04     -14.808
31.06     -8.47589
31.08     -1.92531
31.1     4.67925
31.12     11.2237
31.14     17.6478
31.16     23.9145
31.18     29.9814
31.2     35.7841
31.22     41.2277
31.24     46.1663
31.26     50.4226
31.28     53.8688
31.3     56.4707
31.32     58.267
31.34     59.3174
31.36     59.639
31.38     59.1741
31.4     57.8176
31.42     55.4905
31.44     52.1909
31.46     48.0017
31.48     43.0725
31.5     37.5736
31.52     31.6366
31.54     25.3466
31.56     18.7863
31.58     12.0655
31.6     5.32178
31.62     -1.27284
31.64     -7.5201
31.66     -13.2359
31.68     -18.2852
31.7     -22.591
31.72     -26.1596
31.74     -29.1053
31.76     -31.5857
31.78     -33.6811
31.8     -35.348
31.82     -36.4791
31.84     -37.0019
31.86     -36.9426
31.88     -36.4073
31.9     -35.4977
31.92     -34.2379
31.94     -32.5579
31.96     -30.3335
31.98     -27.458
32     -23.9049
32.02     -19.747
32.04     -15.1301
32.06     -10.2212
32.08     -5.16131
32.1     -0.0538215
32.12     5.01405
32.14     9.9503
32.16     14.6605
32.18     19.0693
32.2     23.1311
32.22     26.8138
32.24     30.0888
32.26     32.9398
32.28     35.3761
32.3     37.4352
32.32     39.1566
32.34     40.5288
32.36     41.4603
32.38     41.8016
32.4     41.3895
32.42     40.1042
32.44     37.9062
32.46     34.8204
32.48     30.907
32.5     26.2584
32.52     21.0119
32.54     15.3435
32.56     9.43205
32.58     3.45772
32.6     -2.36813
32.62     -7.80922
32.64     -12.6588
32.66     -16.7865
32.68     -20.138
32.7     -22.714
32.72     -24.5755
32.74     -25.8512
32.76     -26.6932
32.78     -27.2031
32.8     -27.396
32.82     -27.2432
32.84     -26.746
32.86     -25.9314
32.88     -24.7895
32.9     -23.2578
32.92     -21.2593
32.94     -18.7279
32.96     -15.6206
32.98     -11.9423
33     -7.76113
33.02     -3.21354
33.04     1.50186
33.06     6.16627
33.08     10.59
33.1     14.6283
33.12     18.1657
33.14     21.102
33.16     23.3624
33.18     24.9099
33.2     25.7481
33.22     25.9208
33.24     25.5093
33.26     24.6293
33.28     23.4055
33.3     21.9229
33.32     20.2133
33.34     18.2864
33.36     16.1667
33.38     13.9064
33.4     11.5515
33.42     9.08242
33.44     6.40767
33.46     3.43653
33.48     0.164714
33.5     -3.29603
33.52     -6.77931
33.54     -10.167
33.56     -13.4182
33.58     -16.4982
33.6     -19.3154
33.62     -21.7608
33.64     -23.7834
33.66     -25.3892
33.68     -26.5766
33.7     -27.3089
33.72     -27.5685
33.74     -27.4165
33.76     -26.9728
33.78     -26.3306
33.8     -25.4923
33.82     -24.3887
33.84     -22.9489
33.86     -21.1492
33.88     -19.0155
33.9     -16.5933
33.92     -13.9261
33.94     -11.0501
33.96     -7.98987
33.98     -4.76961
34     -1.43691
34.02     1.9243
34.04     5.1917
34.06     8.2212
34.08     10.8795
34.1     13.0702
34.12     14.7496
34.14     15.9254
34.16     16.6324
34.18     16.9106
34.2     16.8101
34.22     16.3965
34.24     15.7376
34.26     14.8748
34.28     13.804
34.3     12.5002
34.32     10.9624
34.34     9.22418
34.36     7.3273
34.38     5.30485
34.4     3.18052
34.42     0.967831
34.44     -1.32706
34.46     -3.69202
34.48     -6.08998
34.5     -8.44304
34.52     -10.6436
34.54     -12.6
34.56     -14.2771
34.58     -15.6951
34.6     -16.8883
34.62     -17.8638
34.64     -18.5916
34.66     -19.0241
34.68     -19.1219
34.7     -18.8607
34.72     -18.2268
34.74     -17.2147
34.76     -15.8324
34.78     -14.1077
34.8     -12.0758
34.82     -9.75647
34.84     -7.15215
34.86     -4.27672
34.88     -1.17725
34.9     2.06904
34.92     5.36892
34.94     8.6323
34.96     11.7933
34.98     14.828
35     17.749
35.02     20.5697
35.04     23.2706
35.06     25.8011
35.08     28.1138
35.1     30.1895
35.12     32.0182
35.14     33.5483
35.16     34.6709
35.18     35.2559
35.2     35.2032
35.22     34.4772
35.24     33.0897
35.26     31.0585
35.28     28.4027
35.3     25.167
35.32     21.4269
35.34     17.284
35.36     12.8644
35.38     8.31353
35.4     3.77549
35.42     -0.648443
35.44     -4.93207
35.46     -9.10417
35.48     -13.1997
35.5     -17.2345
35.52     -21.2098
35.54     -25.1224
35.56     -28.9426
35.58     -32.5724
35.6     -35.8621
35.62     -38.6651
35.64     -40.8643
35.66     -42.3673
35.68     -43.0816
35.7     -42.8954
35.72     -41.693
35.74     -39.3928
35.76     -35.9844
35.78     -31.555
35.8     -26.2821
35.82     -20.3959
35.84     -14.1341
35.86     -7.69838
35.88     -1.23625
35.9     5.12249
35.92     11.2252
35.94     16.9102
35.96     22.0582
35.98     26.6265
36     30.6305
36.02     34.0905
36.04     36.9919
36.06     39.2965
36.08     40.9825
36.1     42.0441
36.12     42.4522
36.14     42.1422
36.16     41.0343
36.18     39.059
36.2     36.181
36.22     32.4176
36.24     27.8417
36.26     22.5818
36.28     16.8117
36.3     10.7075
36.32     4.40613
36.34     -2.00865
36.36     -8.48226
36.38     -14.9336
36.4     -21.2282
36.42     -27.2086
36.44     -32.7461
36.46     -37.7786
36.48     -42.3141
36.5     -46.3977
36.52     -50.0606
36.54     -53.2798
36.56     -55.9676
36.58     -57.9971
36.6     -59.2512
36.62     -59.6595
36.64     -59.1994
36.66     -57.8742
36.68     -55.6773
36.7     -52.5727
36.72     -48.5173
36.74     -43.5128
36.76     -37.648
36.78     -31.0996
36.8     -24.0877
36.82     -16.8241
36.84     -9.47617
36.86     -2.16761
36.88     4.98415
36.9     11.8484
36.92     18.3152
36.94     24.3304
36.96     29.8816
36.98     34.9622
37     39.5479
37.02     43.5937
37.04     47.0615
37.06     49.94
37.08     52.2222
37.1     53.872
37.12     54.811
37.14     54.94
37.16     54.184
37.18     52.5133
37.2     49.9421
37.22     46.5222
37.24     42.3358
37.26     37.4937
37.28     32.1381
37.3     26.4345
37.32     20.5394
37.34     14.5761
37.36     8.65812
37.38     2.91122
37.4     -2.54878
37.42     -7.64311
37.44     -12.3306
37.46     -16.5991
37.48     -20.4493
37.5     -23.8786
37.52     -26.8762
37.54     -29.4204
37.56     -31.4641
37.58     -32.9294
37.6     -33.7288
37.62     -33.7957
37.64     -33.1039
37.66     -31.675
37.68     -29.5711
37.7     -26.8743
37.72     -23.6635
37.74     -20.0157
37.76     -16.0271
37.78     -11.8191
37.8     -7.51993
37.82     -3.23705
37.84     0.967076
37.86     5.08053
37.88     9.12341
37.9     13.1239
37.92     17.0954
37.94     21.0221
37.96     24.8631
37.98     28.5493
38     31.9781
38.02     35.0421
38.04     37.6597
38.06     39.7593
38.08     41.2462
38.1     42.0045
38.12     41.9353
38.14     40.9951
38.16     39.2104
38.18     36.6641
38.2     33.4641
38.22     29.7135
38.24     25.5079
38.26     20.9613
38.28     16.2081
38.3     11.3539
38.32     6.43656
38.34     1.46244
38.36     -3.52216
38.38     -8.41395
38.4     -13.1126
38.42     -17.5923
38.44     -21.8963
38.46     -26.046
38.48     -29.9696
38.5     -33.5165
38.52     -36.5327
38.54     -38.9366
38.56     -40.7263
38.58     -41.9172
38.6     -42.473
38.62     -42.2966
38.64     -41.2988
38.66     -39.4833
38.68     -36.9553
38.7     -33.8374
38.72     -30.197
38.74     -26.0592
38.76     -21.4605
38.78     -16.4682
38.8     -11.1527
38.82     -5.57159
38.84     0.195149
38.86     6.02466
38.88     11.7984
38.9     17.4462
38.92     22.9311
38.94     28.2035
38.96     33.1721
38.98     37.7108
39     41.6969
39.02     45.0499
39.04     47.7311
39.06     49.7128
39.08     50.9692
39.1     51.4886
39.12     51.2672
39.14     50.2973
39.16     48.58
39.18     46.1399
39.2     43.0289
39.22     39.3254
39.24     35.1213
39.26     30.502
39.28     25.5504
39.3     20.3588
39.32     15.0152
39.34     9.58549
39.36     4.12593
39.38     -1.29513
39.4     -6.59439
39.42     -11.6857
39.44     -16.4945
39.46     -20.9758
39.48     -25.1197
39.5     -28.932
39.52     -32.4095
39.54     -35.5202
39.56     -38.195
39.58     -40.3458
39.6     -41.9013
39.62     -42.8289
39.64     -43.1295
39.66     -42.8203
39.68     -41.914
39.7     -40.4042
39.72     -38.2653
39.74     -35.4842
39.76     -32.1131
39.78     -28.2705
39.8     -24.0983
39.82     -19.7316
39.84     -15.2892
39.86     -10.8681
39.88     -6.54106
39.9     -2.37056
39.92     1.56702
39.94     5.17628
39.96     8.36688
39.98     11.092
40     13.3691
40.02     15.2577
40.04     16.8152
40.06     18.0632
40.08     18.9812
40.1     19.5322
40.12     19.6861
40.14     19.4286
40.16     18.7669
40.18     17.7312
40.2     16.3762
40.22     14.7761
40.24     12.9986
40.26     11.0713
40.28     8.98838
40.3     6.76562
40.32     4.47642
40.34     2.22937
40.36     0.117049
40.38     -1.82545
40.4     -3.62305
40.42     -5.31793
40.44     -6.93406
40.46     -8.48738
40.48     -9.99916
40.5     -11.468
40.52     -12.8332
40.54     -13.9925
40.56     -14.8655
40.58     -15.4378
40.6     -15.7385
40.62     -15.7702
40.64     -15.4761
40.66     -14.7799
40.68     -13.6533
40.7     -12.1457
40.72     -10.3619
40.74     -8.42517
40.76     -6.46494
40.78     -4.62087
40.8     -3.03036
40.82     -1.79097
40.84     -0.924451
40.86     -0.38291
40.88     -0.10273
40.9     -0.0481574
40.92     -0.197305
40.94     -0.501594
40.96     -0.872358
40.98     -1.20148
41     -1.39373
41.02     -1.39992
41.04     -1.24204
41.06     -1.00464
41.08     -0.796271
41.1     -0.71873
41.12     -0.847915
41.14     -1.22504
41.16     -1.86839
41.18     -2.78732
41.2     -3.97677
41.22     -5.40228
41.24     -7.00198
41.26     -8.69641
41.28     -10.3783
41.3     -11.9153
41.32     -13.1898
41.34     -14.1269
41.36     -14.6959
41.38     -14.9027
41.4     -14.7786
41.42     -14.3753
41.44     -13.7566
41.46     -12.9863
41.48     -12.123
41.5     -11.2201
41.52     -10.3272
41.54     -9.47736
41.56     -8.67622
41.58     -7.91637
41.6     -7.19411
41.62     -6.49409
41.64     -5.76674
41.66     -4.94781
41.68     -4.00875
41.7     -2.98154
41.72     -1.93957
41.74     -0.953625
41.76     -0.0565899
41.78     0.752787
41.8     1.47889
41.82     2.1058
41.84     2.60255
41.86     2.94587
41.88     3.13709
41.9     3.2114
41.92     3.23353
41.94     3.26654
41.96     3.33826
41.98     3.44354
42     3.5683
42.02     3.70015
42.04     3.82543
42.06     3.92782
42.08     3.98936
42.1     3.99419
42.12     3.92994
42.14     3.7829
42.16     3.54626
42.18     3.2394
42.2     2.90609
42.22     2.58378
42.24     2.27444
42.26     1.95279
42.28     1.60942
42.3     1.27509
42.32     0.992348
42.34     0.772462
42.36     0.589443
42.38     0.412849
42.4     0.240954
42.42     0.106368
42.44     0.0602794
42.46     0.148587
42.48     0.393578
42.5     0.798226
42.52     1.36536
42.54     2.10002
42.56     2.98666
42.58     3.97693
42.6     5.00768
42.62     6.02689
42.64     7.0076
42.66     7.93968
42.68     8.80474
42.7     9.55414
42.72     10.1202
42.74     10.4698
42.76     10.6423
42.78     10.7287
42.8     10.8121
42.82     10.9155
42.84     10.9967
42.86     11.0002
42.88     10.9096
42.9     10.7413
42.92     10.495
42.94     10.1311
42.96     9.59354
42.98     8.84422
43     7.87196
43.02     6.67457
43.04     5.26432
43.06     3.70926
43.08     2.12959
43.1     0.634359
43.12     -0.713168
43.14     -1.87754
43.16     -2.8294
43.18     -3.54109
43.2     -3.99456
43.22     -4.20009
43.24     -4.20585
43.26     -4.07686
43.28     -3.86901
43.3     -3.62992
43.32     -3.40324
43.34     -3.21121
43.36     -3.04309
43.38     -2.8662
43.4     -2.63998
43.42     -2.32887
43.44     -1.90859
43.46     -1.35759
43.48     -0.648904
43.5     0.247023
43.52     1.35032
43.54     2.65942
43.56     4.14565
43.58     5.75657
43.6     7.42628
43.62     9.0865
43.64     10.6708
43.66     12.1082
43.68     13.3267
43.7     14.2793
43.72     14.957
43.74     15.3696
43.76     15.5277
43.78     15.4439
43.8     15.1346
43.82     14.623
43.84     13.9499
43.86     13.1712
43.88     12.3363
43.9     11.4647
43.92     10.5416
43.94     9.53922
43.96     8.45053
43.98     7.30004
44     6.12518
44.02     4.94842
44.04     3.75362
44.06     2.49385
44.08     1.1345
44.1     -0.317034
44.12     -1.81188
44.14     -3.28037
44.16     -4.66791
44.18     -5.95312
44.2     -7.13404
44.22     -8.20812
44.24     -9.16439
44.26     -9.98874
44.28     -10.6739
44.3     -11.2204
44.32     -11.6268
44.34     -11.8892
44.36     -12.0086
44.38     -11.9826
44.4     -11.7858
44.42     -11.3715
44.44     -10.7002
44.46     -9.77031
44.48     -8.60857
44.5     -7.22208
44.52     -5.57799
44.54     -3.64279
44.56     -1.43974
44.58     0.929893
44.6     3.32483
44.62     5.63898
44.64     7.84738
44.66     9.97201
44.68     12.0045
44.7     13.8804
44.72     15.5273
44.74     16.9068
44.76     18.007
44.78     18.8274
44.8     19.3863
44.82     19.7281
44.84     19.899
44.86     19.9049
44.88     19.708
44.9     19.2692
44.92     18.5785
44.94     17.6523
44.96     16.5208
44.98     15.222
45     13.7981
45.02     12.2841
45.04     10.6906
45.06     8.99597
45.08     7.16154
45.1     5.1701
45.12     3.06785
45.14     0.956474
45.16     -1.07566
45.18     -3.0125
45.2     -4.90507
45.22     -6.80768
45.24     -8.70602
45.26     -10.5053
45.28     -12.0871
45.3     -13.3655
45.32     -14.2935
45.34     -14.8564
45.36     -15.0766
45.38     -15.0026
45.4     -14.6816
45.42     -14.1358
45.44     -13.3569
45.46     -12.3451
45.48     -11.1526
45.5     -9.86673
45.52     -8.55554
45.54     -7.25173
45.56     -5.97118
45.58     -4.71344
45.6     -3.44824
45.62     -2.12867
45.64     -0.72228
45.66     0.773997
45.68     2.33154
45.7     3.89469
45.72     5.40113
45.74     6.79672
45.76     8.02931
45.78     9.04021
45.8     9.76881
45.82     10.1597
45.84     10.1639
45.86     9.74378
45.88     8.88176
45.9     7.5873
45.92     5.90161
45.94     3.89087
45.96     1.62546
45.98     -0.83937
46     -3.46393
46.02     -6.20982
46.04     -9.03233
46.06     -11.8849
46.08     -14.727
46.1     -17.5238
46.12     -20.2352
46.14     -22.806
46.16     -25.1646
46.18     -27.2282
46.2     -28.9117
46.22     -30.1435
46.24     -30.8828
46.26     -31.1215
46.28     -30.859
46.3     -30.0834
46.32     -28.7798
46.34     -26.9579
46.36     -24.6792
46.38     -22.0584
46.4     -19.2318
46.42     -16.3163
46.44     -13.3887
46.46     -10.4937
46.48     -7.66607
46.5     -4.947
46.52     -2.38229
46.54     -0.00784739
46.56     2.16088
46.58     4.12661
46.6     5.89897
46.62     7.4839
46.64     8.87734
46.66     10.0623
46.68     11.0057
46.7     11.6575
46.72     11.9635
46.74     11.8838
46.76     11.4025
46.78     10.5275
46.8     9.28335
46.82     7.69924
46.84     5.80344
46.86     3.63272
46.88     1.24723
46.9     -1.27083
46.92     -3.83688
46.94     -6.38319
46.96     -8.86343
46.98     -11.2438
47     -13.4946
47.02     -15.5899
47.04     -17.5084
47.06     -19.2286
47.08     -20.7278
47.1     -21.9853
47.12     -22.9824
47.14     -23.7052
47.16     -24.1499
47.18     -24.3193
47.2     -24.2076
47.22     -23.7918
47.24     -23.0457
47.26     -21.9647
47.28     -20.577
47.3     -18.9285
47.32     -17.0579
47.34     -14.9818
47.36     -12.7041
47.38     -10.2371
47.4     -7.61838
47.42     -4.90464
47.44     -2.15105
47.46     0.602906
47.48     3.32564
47.5     5.97888
47.52     8.51643
47.54     10.8944
47.56     13.0744
47.58     15.0124
47.6     16.6506
47.62     17.9281
47.64     18.8
47.66     19.2498
47.68     19.2845
47.7     18.9181
47.72     18.1636
47.74     17.0364
47.76     15.5587
47.78     13.7591
47.8     11.6748
47.82     9.35743
47.84     6.87445
47.86     4.29657
47.88     1.68513
47.9     -0.906747
47.92     -3.4275
47.94     -5.82654
47.96     -8.05822
47.98     -10.0851
48     -11.8738
48.02     -13.3883
48.04     -14.5926
48.06     -15.459
48.08     -15.9707
48.1     -16.1184
48.12     -15.8946
48.14     -15.2905
48.16     -14.2956
48.18     -12.9044
48.2     -11.1288
48.22     -9.00689
48.24     -6.59649
48.26     -3.9601
48.28     -1.15506
48.3     1.76199
48.32     4.72681
48.34     7.66622
48.36     10.5053
48.38     13.1832
48.4     15.6651
48.42     17.9409
48.44     20.0159
48.46     21.9042
48.48     23.6212
48.5     25.1754
48.52     26.5632
48.54     27.7691
48.56     28.7743
48.58     29.5622
48.6     30.114
48.62     30.3954
48.64     30.3473
48.66     29.8952
48.68     28.9759
48.7     27.5605
48.72     25.6665
48.74     23.3568
48.76     20.7262
48.78     17.8785
48.8     14.9025
48.82     11.8617
48.84     8.80929
48.86     5.80844
48.88     2.93166
48.9     0.236638
48.92     -2.2608
48.94     -4.58971
48.96     -6.79958
48.98     -8.93131
49     -11.004
49.02     -13.0186
49.04     -14.9627
49.06     -16.8036
49.08     -18.4808
49.1     -19.9159
49.12     -21.029
49.14     -21.7487
49.16     -22.0153
49.18     -21.7833
49.2     -21.0288
49.22     -19.7562
49.24     -17.9973
49.26     -15.8027
49.28     -13.243
49.3     -10.4136
49.32     -7.42003
49.34     -4.34832
49.36     -1.25218
49.38     1.84096
49.4     4.92208
49.42     7.99648
49.44     11.0772
49.46     14.1712
49.48     17.2648
49.5     20.3173
49.52     23.2706
49.54     26.0667
49.56     28.6525
49.58     30.9671
49.6     32.932
49.62     34.4602
49.64     35.4809
49.66     35.9581
49.68     35.8904
49.7     35.2992
49.72     34.2161
49.74     32.6798
49.76     30.741
49.78     28.4681
49.8     25.9457
49.82     23.2611
49.84     20.4839
49.86     17.6545
49.88     14.7867
49.9     11.8848
49.92     8.96566
49.94     6.06647
49.96     3.23345
49.98     0.504045
50     -2.10036
50.02     -4.56248
50.04     -6.85037
50.06     -8.90762
50.08     -10.6625
50.1     -12.052
50.12     -13.0399
50.14     -13.6181
50.16     -13.7983
50.18     -13.6043
50.2     -13.0665
50.22     -12.2183
50.24     -11.0935
50.26     -9.72377
50.28     -8.13755
50.3     -6.36127
50.32     -4.42372
50.34     -2.36216
50.36     -0.222885
50.38     1.94595
50.4     4.1063
50.42     6.24193
50.44     8.35911
50.46     10.4653
50.48     12.541
50.5     14.533
50.52     16.3697
50.54     17.9864
50.56     19.3416
50.58     20.4171
50.6     21.2061
50.62     21.6999
50.64     21.8802
50.66     21.7216
50.68     21.1999
50.7     20.3032
50.72     19.0386
50.74     17.4303
50.76     15.5136
50.78     13.3247
50.8     10.8938
50.82     8.24596
50.84     5.40723
50.86     2.40288
50.88     -0.745471
50.9     -4.01274
50.92     -7.36316
50.94     -10.7499
50.96     -14.1194
50.98     -17.4122
51     -20.5589
51.02     -23.4835
51.04     -26.1133
51.06     -28.3815
51.08     -30.2288
51.1     -31.6056
51.12     -32.4747
51.14     -32.8159
51.16     -32.634
51.18     -31.9658
51.2     -30.8813
51.22     -29.4733
51.24     -27.8422
51.26     -26.0809
51.28     -24.2671
51.3     -22.4564
51.32     -20.674
51.34     -18.915
51.36     -17.1583
51.38     -15.3833
51.4     -13.573
51.42     -11.7103
51.44     -9.77839
51.46     -7.76525
51.48     -5.67038
51.5     -3.50945
51.52     -1.3178
51.54     0.842475
51.56     2.88221
51.58     4.70225
51.6     6.22144
51.62     7.39682
51.64     8.22469
51.66     8.72744
51.68     8.93632
51.7     8.87983
51.72     8.58334
51.74     8.07636
51.76     7.39627
51.78     6.58128
51.8     5.65941
51.82     4.64375
51.84     3.53446
51.86     2.32186
51.88     0.986537
51.9     -0.499003
51.92     -2.15994
51.94     -4.00253
51.96     -6.00249
51.98     -8.10591
52     -10.2403
52.02     -12.3291
52.04     -14.3048
52.06     -16.1174
52.08     -17.7365
52.1     -19.1405
52.12     -20.3092
52.14     -21.2247
52.16     -21.8779
52.18     -22.2703
52.2     -22.4125
52.22     -22.3163
52.24     -21.9887
52.26     -21.4328
52.28     -20.6541
52.3     -19.6555
52.32     -18.4287
52.34     -16.9601
52.36     -15.2524
52.38     -13.3376
52.4     -11.2712
52.42     -9.1141
52.44     -6.91932
52.46     -4.7336
52.48     -2.60783
52.5     -0.599869
52.52     1.23694
52.54     2.86961
52.56     4.28841
52.58     5.49602
52.6     6.49848
52.62     7.30458
52.64     7.92932
52.66     8.39237
52.68     8.7049
52.7     8.85968
52.72     8.83821
52.74     8.62105
52.76     8.18922
52.78     7.52283
52.8     6.60397
52.82     5.42398
52.84     3.99182
52.86     2.33929
52.88     0.517056
52.9     -1.41596
52.92     -3.40096
52.94     -5.38228
52.96     -7.30753
52.98     -9.12794
53     -10.7985
53.02     -12.28
53.04     -13.5443
53.06     -14.5781
53.08     -15.3828
53.1     -15.9696
53.12     -16.3492
53.14     -16.5208
53.16     -16.4715
53.18     -16.1859
53.2     -15.6569
53.22     -14.8888
53.24     -13.8907
53.26     -12.6721
53.28     -11.2454
53.3     -9.6291
53.32     -7.85118
53.34     -5.94758
53.36     -3.95568
53.38     -1.90925
53.4     0.158513
53.42     2.20923
53.44     4.1973
53.46     6.07456
53.48     7.80635
53.5     9.38618
53.52     10.8304
53.54     12.1589
53.56     13.3779
53.58     14.4739
53.6     15.4214
53.62     16.1971
53.64     16.786
53.66     17.1749
53.68     17.344
53.7     17.2685
53.72     16.926
53.74     16.3015
53.76     15.3852
53.78     14.169
53.8     12.654
53.82     10.8686
53.84     8.8745
53.86     6.75091
53.88     4.57062
53.9     2.39054
53.92     0.259628
53.94     -1.76974
53.96     -3.64094
53.98     -5.30302
54     -6.71951
54.02     -7.86918
54.04     -8.74426
54.06     -9.35138
54.08     -9.7126
54.1     -9.8581
54.12     -9.81256
54.14     -9.58846
54.16     -9.18881
54.18     -8.61149
54.2     -7.85207
54.22     -6.90349
54.24     -5.75623
54.26     -4.40375
54.28     -2.8483
54.3     -1.10157
54.32     0.816502
54.34     2.87612
54.36     5.03724
54.38     7.25448
54.4     9.48215
54.42     11.6749
54.44     13.7875
54.46     15.7777
54.48     17.6094
54.5     19.2564
54.52     20.7008
54.54     21.9285
54.56     22.9257
54.58     23.6812
54.6     24.1854
54.62     24.4242
54.64     24.3773
54.66     24.0245
54.68     23.357
54.7     22.3825
54.72     21.1197
54.74     19.5914
54.76     17.8238
54.78     15.8481
54.8     13.7038
54.82     11.4416
54.84     9.12339
54.86     6.81527
54.88     4.57688
54.9     2.45108
54.92     0.461948
54.94     -1.3785
54.96     -3.06155
54.98     -4.57766
55     -5.91823
55.02     -7.0778
55.04     -8.05181
55.06     -8.83143
55.08     -9.40089
55.1     -9.73908
55.12     -9.82215
55.14     -9.6243
55.16     -9.12024
55.18     -8.29117
55.2     -7.1312
55.22     -5.65234
55.24     -3.88622
55.26     -1.88109
55.28     0.30501
55.3     2.61259
55.32     4.98623
55.34     7.37568
55.36     9.73595
55.38     12.0285
55.4     14.2225
55.42     16.2931
55.44     18.219
55.46     19.9818
55.48     21.5667
55.5     22.9591
55.52     24.1364
55.54     25.065
55.56     25.7021
55.58     26.0032
55.6     25.9312
55.62     25.4613
55.64     24.582
55.66     23.2939
55.68     21.6089
55.7     19.5517
55.72     17.1611
55.74     14.486
55.76     11.5814
55.78     8.50479
55.8     5.31534
55.82     2.07293
55.84     -1.16327
55.86     -4.34
55.88     -7.41582
55.9     -10.3606
55.92     -13.1492
55.94     -15.7565
55.96     -18.1543
55.98     -20.3096
56     -22.1839
56.02     -23.7371
56.04     -24.9322
56.06     -25.74
56.08     -26.1396
56.1     -26.1157
56.12     -25.6578
56.14     -24.7639
56.16     -23.4496
56.18     -21.7513
56.2     -19.7173
56.22     -17.3952
56.24     -14.8321
56.26     -12.0832
56.28     -9.21448
56.3     -6.293
56.32     -3.37348
56.34     -0.494471
56.36     2.31299
56.38     5.01425
56.4     7.56871
56.42     9.93542
56.44     12.0774
56.46     13.9618
56.48     15.5584
56.5     16.8387
56.52     17.7762
56.54     18.3463
56.56     18.5283
56.58     18.3098
56.6     17.6885
56.62     16.6724
56.64     15.2791
56.66     13.5351
56.68     11.4755
56.7     9.14473
56.72     6.59479
56.74     3.88106
56.76     1.05711
56.78     -1.82757
56.8     -4.7245
56.82     -7.58181
56.84     -10.3468
56.86     -12.9743
56.88     -15.4302
56.9     -17.6883
56.92     -19.7229
56.94     -21.5038
56.96     -22.9982
56.98     -24.179
57     -25.0289
57.02     -25.5364
57.04     -25.6931
57.06     -25.497
57.08     -24.9539
57.1     -24.0762
57.12     -22.8798
57.14     -21.3845
57.16     -19.6162
57.18     -17.6102
57.2     -15.4081
57.22     -13.0481
57.24     -10.5599
57.26     -7.96743
57.28     -5.29484
57.3     -2.57021
57.32     0.176512
57.34     2.91686
57.36     5.6239
57.38     8.26915
57.4     10.8212
57.42     13.2473
57.44     15.5142
57.46     17.5842
57.48     19.4104
57.5     20.9403
57.52     22.1252
57.54     22.9259
57.56     23.3116
57.58     23.2592
57.6     22.7574
57.62     21.8151
57.64     20.4629
57.66     18.7431
57.68     16.6987
57.7     14.3724
57.72     11.8098
57.74     9.06062
57.76     6.17863
57.78     3.21765
57.8     0.221958
57.82     -2.78069
57.84     -5.77527
57.86     -8.74698
57.88     -11.6692
57.9     -14.5012
57.92     -17.196
57.94     -19.707
57.96     -21.9885
57.98     -23.9925
58     -25.6689
58.02     -26.9683
58.04     -27.8462
58.06     -28.2663
58.08     -28.2062
58.1     -27.6607
58.12     -26.6405
58.14     -25.1737
58.16     -23.3085
58.18     -21.1114
58.2     -18.6565
58.22     -16.0116
58.24     -13.2281
58.26     -10.3436
58.28     -7.39197
58.3     -4.41138
58.32     -1.44008
58.34     1.48955
58.36     4.35045
58.38     7.11649
58.4     9.7581
58.42     12.2387
58.44     14.515
58.46     16.5403
58.48     18.2645
58.5     19.6351
58.52     20.6049
58.54     21.1414
58.56     21.2292
58.58     20.873
58.6     20.0969
58.62     18.9439
58.64     17.4713
58.66     15.7439
58.68     13.8261
58.7     11.7763
58.72     9.64579
58.74     7.47969
58.76     5.31755
58.78     3.18989
58.8     1.11291
58.82     -0.914854
58.84     -2.90715
58.86     -4.87577
58.88     -6.8169
58.9     -8.70614
58.92     -10.5024
58.94     -12.1583
58.96     -13.6296
58.98     -14.8793
59     -15.8778
59.02     -16.5988
59.04     -17.0164
59.06     -17.1065
59.08     -16.8567
59.1     -16.2763
59.12     -15.397
59.14     -14.2656
59.16     -12.9352
59.18     -11.4547
59.2     -9.85974
59.22     -8.16462
59.24     -6.36577
59.26     -4.45439
59.28     -2.42884
59.3     -0.297768
59.32     1.9236
59.34     4.21951
59.36     6.57769
59.38     8.98373
59.4     11.4092
59.42     13.8044
59.44     16.1008
59.46     18.2219
59.48     20.0955
59.5     21.6631
59.52     22.8825
59.54     23.7262
59.56     24.1845
59.58     24.2699
59.6     24.0132
59.62     23.452
59.64     22.6208
59.66     21.5476
59.68     20.2578
59.7     18.7806
59.72     17.1447
59.74     15.3663
59.76     13.4447
59.78     11.3724
59.8     9.14673
59.82     6.77479
59.84     4.27231
59.86     1.6661
59.88     -0.999902
59.9     -3.66372
59.92     -6.25516
59.94     -8.70987
59.96     -10.9769
59.98     -13.019
60     -14.8005
