TIME/STEP     RF_deform_z
0     0
0.02     5.48756e-05
0.04     7.84287e-05
0.06     -0.000132951
0.08     -0.000509937
0.1     -0.00079109
0.12     -0.00065065
0.14     -0.000275716
0.16     -0.000341223
0.18     -0.000839186
0.2     -0.00108657
0.22     -0.000777578
0.24     -0.000602092
0.26     -0.00129807
0.28     -0.00241875
0.3     -0.00294224
0.32     -0.00285661
0.34     -0.00299558
0.36     -0.00381323
0.38     -0.00475147
0.4     -0.00487519
0.42     -0.00439124
0.44     -0.00398921
0.46     -0.00388776
0.48     -0.00394659
0.5     -0.00367842
0.52     -0.00248932
0.54     -0.000488222
0.56     0.00100915
0.58     0.00085746
0.6     -0.000108398
0.62     -0.000429629
0.64     -0.000524449
0.66     -0.00141667
0.68     -0.0032543
0.7     -0.00557619
0.72     -0.00762409
0.74     -0.00880878
0.76     -0.00896097
0.78     -0.00830726
0.8     -0.00707859
0.82     -0.00482235
0.84     -0.000556217
0.86     0.00599468
0.88     0.0137178
0.9     0.0208711
0.92     0.0267529
0.94     0.0312165
0.96     0.0329928
0.98     0.0304895
1     0.0232791
1.02     0.0127425
1.04     0.00117572
1.06     -0.0107829
1.08     -0.0235322
1.1     -0.0359332
1.12     -0.0458561
1.14     -0.0518341
1.16     -0.0543023
1.18     -0.0549438
1.2     -0.0542899
1.22     -0.0510686
1.24     -0.043825
1.26     -0.0330651
1.28     -0.0208478
1.3     -0.00839046
1.32     0.00446942
1.34     0.0179787
1.36     0.0308008
1.38     0.0405071
1.4     0.0463889
1.42     0.0498354
1.44     0.0523543
1.46     0.0537776
1.48     0.052392
1.5     0.0475766
1.52     0.0405777
1.54     0.0321858
1.56     0.0210782
1.58     0.00507593
1.6     -0.0160054
1.62     -0.0390547
1.64     -0.0598056
1.66     -0.076275
1.68     -0.0881296
1.7     -0.0947443
1.72     -0.096187
1.74     -0.0926262
1.76     -0.0834972
1.78     -0.0688586
1.8     -0.0504465
1.82     -0.0308851
1.84     -0.0103522
1.86     0.0132855
1.88     0.0390136
1.9     0.0622687
1.92     0.0802488
1.94     0.093297
1.96     0.102101
1.98     0.106462
2     0.105818
2.02     0.0993445
2.04     0.0870899
2.06     0.0706035
2.08     0.0506971
2.1     0.0260558
2.12     -0.00531707
2.14     -0.0433978
2.16     -0.0848161
2.18     -0.124903
2.2     -0.158956
2.22     -0.182163
2.24     -0.19125
2.26     -0.183853
2.28     -0.158765
2.3     -0.119283
2.32     -0.0718345
2.34     -0.0228549
2.36     0.0230967
2.38     0.0652039
2.4     0.10425
2.42     0.138586
2.44     0.164986
2.46     0.181985
2.48     0.188612
2.5     0.181855
2.52     0.158154
2.54     0.115326
2.56     0.0543442
2.58     -0.0181187
2.6     -0.0923666
2.62     -0.159387
2.64     -0.212079
2.66     -0.246388
2.68     -0.260148
2.7     -0.252485
2.72     -0.226195
2.74     -0.188875
2.76     -0.147564
2.78     -0.103978
2.8     -0.0549136
2.82     0.00347702
2.84     0.0692421
2.86     0.135408
2.88     0.196405
2.9     0.24912
2.92     0.288334
2.94     0.305655
2.96     0.29379
2.98     0.251698
3     0.183983
3.02     0.0977474
3.04     0.00164699
3.06     -0.097261
3.08     -0.192982
3.1     -0.277501
3.12     -0.342581
3.14     -0.382651
3.16     -0.394368
3.18     -0.375943
3.2     -0.329025
3.22     -0.257907
3.24     -0.167554
3.26     -0.0633542
3.28     0.0490416
3.3     0.161424
3.32     0.261045
3.34     0.336307
3.36     0.382585
3.38     0.399886
3.4     0.386895
3.42     0.338602
3.44     0.254072
3.46     0.144009
3.48     0.0239897
3.5     -0.0952498
3.52     -0.20422
3.54     -0.291131
3.56     -0.346698
3.58     -0.367173
3.6     -0.355133
3.62     -0.318283
3.64     -0.264581
3.66     -0.200179
3.68     -0.130666
3.7     -0.0580124
3.72     0.017224
3.74     0.08844
3.76     0.14586
3.78     0.186248
3.8     0.213197
3.82     0.227492
3.84     0.223998
3.86     0.197926
3.88     0.1495
3.9     0.0859942
3.92     0.0208257
3.94     -0.0365744
3.96     -0.086378
3.98     -0.129224
4     -0.159932
4.02     -0.172029
4.04     -0.163933
4.06     -0.142303
4.08     -0.11914
4.1     -0.0989658
4.12     -0.075582
4.14     -0.0433531
4.16     -0.00294842
4.18     0.0380592
4.2     0.0709008
4.22     0.0929459
4.24     0.106242
4.26     0.110186
4.28     0.0980187
4.3     0.0650221
4.32     0.0163589
4.34     -0.03805
4.36     -0.0916702
4.38     -0.141273
4.4     -0.181715
4.42     -0.202644
4.44     -0.19634
4.46     -0.164966
4.48     -0.11829
4.5     -0.0676655
4.52     -0.017012
4.54     0.0336715
4.56     0.0781444
4.58     0.106408
4.6     0.113501
4.62     0.104912
4.64     0.0930549
4.66     0.0856899
4.68     0.0805164
4.7     0.0700973
4.72     0.0494642
4.74     0.021079
4.76     -0.00830202
4.78     -0.0340142
4.8     -0.0560813
4.82     -0.07613
4.84     -0.0897766
4.86     -0.0866878
4.88     -0.0673198
4.9     -0.0491389
4.92     -0.0471692
4.94     -0.0616365
4.96     -0.0823878
4.98     -0.0990147
5     -0.106925
5.02     -0.0997553
5.04     -0.0660412
5.06     -0.00218333
5.08     0.079914
5.1     0.16257
5.12     0.232546
5.14     0.281392
5.16     0.303403
5.18     0.297472
5.2     0.266484
5.22     0.214235
5.24     0.145114
5.26     0.061471
5.28     -0.0340513
5.3     -0.131625
5.32     -0.218585
5.34     -0.287238
5.36     -0.33378
5.38     -0.353963
5.4     -0.342009
5.42     -0.296148
5.44     -0.225942
5.46     -0.148077
5.48     -0.0752902
5.5     -0.0120728
5.52     0.0426637
5.54     0.0902556
5.56     0.129176
5.58     0.1575
5.6     0.176726
5.62     0.18978
5.64     0.195624
5.66     0.187473
5.68     0.160483
5.7     0.120633
5.72     0.0791666
5.74     0.0415989
5.76     0.002136
5.78     -0.0478153
5.8     -0.102397
5.82     -0.150372
5.84     -0.19342
5.86     -0.236367
5.88     -0.273879
5.9     -0.295189
5.92     -0.290767
5.94     -0.255909
5.96     -0.194374
5.98     -0.114368
6     -0.0214786
6.02     0.0790127
6.04     0.176202
6.06     0.257016
6.08     0.313503
6.1     0.34246
6.12     0.338451
6.14     0.29531
6.16     0.214945
6.18     0.108634
6.2     -0.00596267
6.22     -0.11052
6.24     -0.191089
6.26     -0.23977
6.28     -0.254297
6.3     -0.23409
6.32     -0.185383
6.34     -0.125446
6.36     -0.067988
6.38     -0.0158062
6.4     0.0314576
6.42     0.0761805
6.44     0.120359
6.46     0.159489
6.48     0.184422
6.5     0.187916
6.52     0.170882
6.54     0.139434
6.56     0.0956262
6.58     0.0378606
6.6     -0.0273589
6.62     -0.081328
6.64     -0.107449
6.66     -0.102497
6.68     -0.0742462
6.7     -0.0391795
6.72     -0.0136931
6.74     -0.00222946
6.76     -0.00409221
6.78     -0.0203218
6.8     -0.0484497
6.82     -0.0816356
6.84     -0.112745
6.86     -0.138523
6.88     -0.159398
6.9     -0.177292
6.92     -0.194346
6.94     -0.209772
6.96     -0.220597
6.98     -0.221804
7     -0.200064
7.02     -0.141748
7.04     -0.0519754
7.06     0.050072
7.08     0.151366
7.1     0.249096
7.12     0.338774
7.14     0.405435
7.16     0.43061
7.18     0.409411
7.2     0.353251
7.22     0.276723
7.24     0.1877
7.26     0.0848536
7.28     -0.0354496
7.3     -0.169274
7.32     -0.302682
7.34     -0.419411
7.36     -0.512054
7.38     -0.583552
7.4     -0.633703
7.42     -0.646958
7.44     -0.603956
7.46     -0.503516
7.48     -0.361923
7.5     -0.194559
7.52     -0.00833941
7.54     0.190099
7.56     0.386466
7.58     0.562518
7.6     0.70307
7.62     0.798672
7.64     0.844466
7.66     0.839113
7.68     0.78419
7.7     0.679853
7.72     0.523564
7.74     0.320935
7.76     0.0910016
7.78     -0.146558
7.8     -0.378088
7.82     -0.586869
7.84     -0.747938
7.86     -0.84053
7.88     -0.86292
7.9     -0.826258
7.92     -0.736081
7.94     -0.592191
7.96     -0.406322
7.98     -0.204505
8     -0.00873251
8.02     0.170725
8.04     0.325673
8.06     0.446667
8.08     0.527944
8.1     0.570064
8.12     0.577645
8.14     0.554875
8.16     0.5059
8.18     0.437317
8.2     0.355841
8.22     0.264735
8.24     0.166561
8.26     0.0663322
8.28     -0.030798
8.3     -0.120337
8.32     -0.200504
8.34     -0.273255
8.36     -0.339643
8.38     -0.403096
8.4     -0.47108
8.42     -0.543949
8.44     -0.612688
8.46     -0.664283
8.48     -0.682079
8.5     -0.651811
8.52     -0.56791
8.54     -0.431024
8.56     -0.247249
8.58     -0.0303928
8.6     0.197287
8.62     0.414201
8.64     0.607655
8.66     0.768764
8.68     0.891289
8.7     0.972443
8.72     1.01381
8.74     1.02216
8.76     1.00181
8.78     0.949079
8.8     0.853462
8.82     0.700836
8.84     0.48358
8.86     0.21001
8.88     -0.103081
8.9     -0.442712
8.92     -0.79928
8.94     -1.1519
8.96     -1.46465
8.98     -1.70206
9     -1.84329
9.02     -1.88155
9.04     -1.80432
9.06     -1.59033
9.08     -1.23293
9.1     -0.747991
9.12     -0.165173
9.14     0.478707
9.16     1.14566
9.18     1.79565
9.2     2.38126
9.22     2.8554
9.24     3.17808
9.26     3.31747
9.28     3.25138
9.3     2.96705
9.32     2.47245
9.34     1.80208
9.36     1.00536
9.38     0.132335
9.4     -0.775102
9.42     -1.67669
9.44     -2.51819
9.46     -3.23331
9.48     -3.76519
9.5     -4.08176
9.52     -4.17305
9.54     -4.03686
9.56     -3.67622
9.58     -3.10779
9.6     -2.36106
9.62     -1.47408
9.64     -0.49329
9.66     0.529744
9.68     1.54477
9.7     2.50151
9.72     3.34507
9.74     4.02109
9.76     4.4824
9.78     4.68751
9.8     4.6058
9.82     4.2357
9.84     3.61626
9.86     2.81565
9.88     1.89571
9.9     0.886539
9.92     -0.194286
9.94     -1.30524
9.96     -2.37647
9.98     -3.3356
10     -4.12754
10.02     -4.70535
10.04     -5.00971
10.06     -4.97662
10.08     -4.5749
10.1     -3.83134
10.12     -2.82211
10.14     -1.64514
10.16     -0.393364
10.18     0.859048
10.2     2.0552
10.22     3.14695
10.24     4.09527
10.26     4.8755
10.28     5.46718
10.3     5.82733
10.32     5.88167
10.34     5.56223
10.36     4.85487
10.38     3.81241
10.4     2.53432
10.42     1.13679
10.44     -0.25824
10.46     -1.53298
10.48     -2.60366
10.5     -3.43746
10.52     -4.04112
10.54     -4.43792
10.56     -4.64638
10.58     -4.66774
10.6     -4.48415
10.62     -4.06928
10.64     -3.40951
10.66     -2.5193
10.68     -1.44711
10.7     -0.283944
10.72     0.849038
10.74     1.84039
10.76     2.61889
10.78     3.15337
10.8     3.43907
10.82     3.49132
10.84     3.33579
10.86     3.00191
10.88     2.51569
10.9     1.88597
10.92     1.11698
10.94     0.240187
10.96     -0.678706
10.98     -1.55963
11     -2.32849
11.02     -2.92921
11.04     -3.31928
11.06     -3.46425
11.08     -3.34742
11.1     -2.97995
11.12     -2.39599
11.14     -1.63403
11.16     -0.72758
11.18     0.289553
11.2     1.37555
11.22     2.47476
11.24     3.52103
11.26     4.4415
11.28     5.1475
11.3     5.54845
11.32     5.59091
11.34     5.26529
11.36     4.58719
11.38     3.59448
11.4     2.35569
11.42     0.963714
11.44     -0.481808
11.46     -1.87758
11.48     -3.11152
11.5     -4.0792
11.52     -4.71334
11.54     -4.98926
11.56     -4.90344
11.58     -4.46443
11.6     -3.71225
11.62     -2.72769
11.64     -1.61046
11.66     -0.446287
11.68     0.705523
11.7     1.80239
11.72     2.80768
11.74     3.68405
11.76     4.39657
11.78     4.91206
11.8     5.18438
11.82     5.15814
11.84     4.80138
11.86     4.12276
11.88     3.15325
11.9     1.92935
11.92     0.505464
11.94     -1.02534
11.96     -2.54245
11.98     -3.93129
12     -5.09445
12.02     -5.93885
12.04     -6.38578
12.06     -6.40492
12.08     -6.02218
12.1     -5.30454
12.12     -4.33395
12.14     -3.16792
12.16     -1.83476
12.18     -0.368298
12.2     1.17549
12.22     2.72317
12.24     4.18623
12.26     5.4618
12.28     6.43085
12.3     6.96299
12.32     6.94395
12.34     6.31537
12.36     5.10803
12.38     3.4511
12.4     1.54117
12.42     -0.411099
12.44     -2.23153
12.46     -3.81546
12.48     -5.12095
12.5     -6.13554
12.52     -6.85148
12.54     -7.25974
12.56     -7.34497
12.58     -7.06802
12.6     -6.36671
12.62     -5.19366
12.64     -3.56459
12.66     -1.5856
12.68     0.555656
12.7     2.62699
12.72     4.40157
12.74     5.7128
12.76     6.48494
12.78     6.71642
12.8     6.45166
12.82     5.7702
12.84     4.78051
12.86     3.59974
12.88     2.3177
12.9     0.967307
12.92     -0.459625
12.94     -1.9507
12.96     -3.43131
12.98     -4.78216
13     -5.88409
13.02     -6.63984
13.04     -6.96722
13.06     -6.79808
13.08     -6.09634
13.1     -4.87972
13.12     -3.22109
13.14     -1.22951
13.16     0.959294
13.18     3.16883
13.2     5.18151
13.22     6.78362
13.24     7.81819
13.26     8.21773
13.28     8.00432
13.3     7.26452
13.32     6.13789
13.34     4.80315
13.36     3.43275
13.38     2.13342
13.4     0.921634
13.42     -0.247918
13.44     -1.42834
13.46     -2.62897
13.48     -3.79093
13.5     -4.79828
13.52     -5.51637
13.54     -5.82395
13.56     -5.6314
13.58     -4.90766
13.6     -3.71559
13.62     -2.22682
13.64     -0.671153
13.66     0.749438
13.68     1.91708
13.7     2.80431
13.72     3.43514
13.74     3.83779
13.76     4.02513
13.78     3.99584
13.8     3.74761
13.82     3.28978
13.84     2.62806
13.86     1.7522
13.88     0.667913
13.9     -0.554005
13.92     -1.7808
13.94     -2.88729
13.96     -3.81293
13.98     -4.53861
14     -5.03252
14.02     -5.24557
14.04     -5.13904
14.06     -4.70195
14.08     -3.95414
14.1     -2.94136
14.12     -1.73834
14.14     -0.463058
14.16     0.737031
14.18     1.73306
14.2     2.45535
14.22     2.89715
14.24     3.08397
14.26     3.04767
14.28     2.82647
14.3     2.46849
14.32     2.01226
14.34     1.46128
14.36     0.789205
14.38     -0.0119165
14.4     -0.878379
14.42     -1.67906
14.44     -2.27795
14.46     -2.59311
14.48     -2.61188
14.5     -2.37693
14.52     -1.95935
14.54     -1.43778
14.56     -0.890999
14.58     -0.385741
14.6     0.038659
14.62     0.379607
14.64     0.668464
14.66     0.940225
14.68     1.19446
14.7     1.389
14.72     1.46588
14.74     1.38339
14.76     1.14286
14.78     0.802611
14.8     0.45193
14.82     0.164366
14.84     -0.0302383
14.86     -0.149126
14.88     -0.240161
14.9     -0.364865
14.92     -0.58628
14.94     -0.946808
14.96     -1.43522
14.98     -1.98103
15     -2.48442
15.02     -2.84309
15.04     -2.97864
15.06     -2.86296
15.08     -2.51705
15.1     -1.99221
15.12     -1.35787
15.14     -0.680952
15.16     0.00229
15.18     0.682734
15.2     1.35153
15.22     1.99194
15.24     2.57973
15.26     3.07422
15.28     3.42378
15.3     3.58365
15.32     3.52266
15.34     3.22832
15.36     2.72155
15.38     2.06
15.4     1.31583
15.42     0.562165
15.44     -0.149637
15.46     -0.83108
15.48     -1.53995
15.5     -2.32081
15.52     -3.17342
15.54     -4.05152
15.56     -4.87336
15.58     -5.54178
15.6     -5.96346
15.62     -6.05944
15.64     -5.77781
15.66     -5.11177
15.68     -4.11709
15.7     -2.91404
15.72     -1.65255
15.74     -0.445593
15.76     0.676438
15.78     1.75124
15.8     2.83097
15.82     3.938
15.84     5.05247
15.86     6.11701
15.88     7.04509
15.9     7.72584
15.92     8.0337
15.94     7.86086
15.96     7.16384
15.98     5.99988
16     4.52136
16.02     2.91558
16.04     1.33516
16.06     -0.130998
16.08     -1.44619
16.1     -2.597
16.12     -3.57871
16.14     -4.40006
16.16     -5.06893
16.18     -5.56156
16.2     -5.8123
16.22     -5.7385
16.24     -5.28686
16.26     -4.4734
16.28     -3.39065
16.3     -2.17444
16.32     -0.958681
16.34     0.154145
16.36     1.09928
16.38     1.84699
16.4     2.39819
16.42     2.78204
16.44     3.0533
16.46     3.262
16.48     3.41621
16.5     3.47752
16.52     3.38461
16.54     3.09121
16.56     2.59827
16.58     1.94619
16.6     1.18248
16.62     0.3496
16.64     -0.503448
16.66     -1.31027
16.68     -2.00425
16.7     -2.55148
16.72     -2.94675
16.74     -3.17594
16.76     -3.20136
16.78     -2.98169
16.8     -2.50394
16.82     -1.79752
16.84     -0.928022
16.86     0.0150477
16.88     0.930704
16.9     1.70912
16.92     2.24695
16.94     2.48069
16.96     2.40794
16.98     2.08437
17     1.60101
17.02     1.04404
17.04     0.45951
17.06     -0.132856
17.08     -0.708591
17.1     -1.24371
17.12     -1.73861
17.14     -2.22129
17.16     -2.71362
17.18     -3.19679
17.2     -3.62146
17.22     -3.94344
17.24     -4.12976
17.26     -4.14534
17.28     -3.95337
17.3     -3.52735
17.32     -2.87146
17.34     -2.01989
17.36     -1.0172
17.38     0.0735822
17.4     1.15785
17.42     2.13761
17.44     2.9482
17.46     3.56466
17.48     3.98507
17.5     4.20639
17.52     4.21643
17.54     4.00436
17.56     3.5688
17.58     2.91956
17.6     2.07247
17.62     1.04699
17.64     -0.113334
17.66     -1.31518
17.68     -2.41774
17.7     -3.26079
17.72     -3.7155
17.74     -3.73891
17.76     -3.37713
17.78     -2.71297
17.8     -1.81612
17.82     -0.735907
17.84     0.488086
17.86     1.82112
17.88     3.22655
17.9     4.6513
17.92     6.00106
17.94     7.12788
17.96     7.85006
17.98     8
18     7.4715
18.02     6.25025
18.04     4.43292
18.06     2.21249
18.08     -0.166027
18.1     -2.45503
18.12     -4.45051
18.14     -6.02412
18.16     -7.12764
18.18     -7.77399
18.2     -8.01606
18.22     -7.91623
18.24     -7.51116
18.26     -6.81694
18.28     -5.86603
18.3     -4.72224
18.32     -3.4701
18.34     -2.20026
18.36     -0.993561
18.38     0.0808659
18.4     0.959021
18.42     1.6079
18.44     2.04878
18.46     2.32877
18.48     2.47825
18.5     2.50179
18.52     2.39897
18.54     2.17007
18.56     1.80909
18.58     1.31293
18.6     0.69334
18.62     -0.0101602
18.64     -0.721201
18.66     -1.34003
18.68     -1.77106
18.7     -1.95343
18.72     -1.89029
18.74     -1.65368
18.76     -1.34653
18.78     -1.05113
18.8     -0.80681
18.82     -0.622834
18.84     -0.493424
18.86     -0.383017
18.88     -0.213516
18.9     0.105202
18.92     0.624938
18.94     1.32655
18.96     2.11908
18.98     2.8836
19     3.53056
19.02     4.01658
19.04     4.32474
19.06     4.44385
19.08     4.37695
19.1     4.16004
19.12     3.84619
19.14     3.46141
19.16     2.98232
19.18     2.36572
19.2     1.59805
19.22     0.719265
19.24     -0.192727
19.26     -1.05648
19.28     -1.81225
19.3     -2.43004
19.32     -2.90344
19.34     -3.24444
19.36     -3.47368
19.38     -3.59798
19.4     -3.60073
19.42     -3.44387
19.44     -3.07026
19.46     -2.42759
19.48     -1.50483
19.5     -0.34862
19.52     0.944231
19.54     2.24992
19.56     3.43942
19.58     4.39726
19.6     5.05217
19.62     5.40265
19.64     5.49563
19.66     5.36487
19.68     5.00533
19.7     4.40806
19.72     3.59409
19.74     2.60778
19.76     1.49259
19.78     0.292621
19.8     -0.915421
19.82     -2.00748
19.84     -2.84977
19.86     -3.35574
19.88     -3.51173
19.9     -3.35639
19.92     -2.94818
19.94     -2.36005
19.96     -1.67772
19.98     -0.982949
20     -0.328438
20.02     0.282459
20.04     0.88104
20.06     1.48291
20.08     2.04632
20.1     2.49428
20.12     2.78048
20.14     2.91428
20.16     2.92011
20.18     2.79899
20.2     2.54934
20.22     2.204
20.24     1.82336
20.26     1.45247
20.28     1.08288
20.3     0.652945
20.32     0.0847245
20.34     -0.670461
20.36     -1.59896
20.38     -2.61905
20.4     -3.59644
20.42     -4.37746
20.44     -4.8376
20.46     -4.90362
20.48     -4.54869
20.5     -3.79734
20.52     -2.73726
20.54     -1.51222
20.56     -0.273494
20.58     0.888574
20.6     1.97438
20.62     3.04088
20.64     4.13564
20.66     5.24909
20.68     6.31008
20.7     7.21728
20.72     7.87213
20.74     8.19202
20.76     8.10741
20.78     7.57223
20.8     6.6029
20.82     5.29537
20.84     3.78699
20.86     2.19121
20.88     0.551312
20.9     -1.15043
20.92     -2.93136
20.94     -4.76009
20.96     -6.56162
20.98     -8.23826
21     -9.6836
21.02     -10.7946
21.04     -11.4821
21.06     -11.6874
21.08     -11.3894
21.1     -10.5886
21.12     -9.29694
21.14     -7.53878
21.16     -5.34557
21.18     -2.75528
21.2     0.167833
21.22     3.303
21.24     6.44449
21.26     9.30911
21.28     11.6024
21.3     13.082
21.32     13.5849
21.34     13.0389
21.36     11.4703
21.38     9.00299
21.4     5.83993
21.42     2.24003
21.44     -1.51084
21.46     -5.14786
21.48     -8.47188
21.5     -11.3455
21.52     -13.6448
21.54     -15.2256
21.56     -15.9359
21.58     -15.6756
21.6     -14.4442
21.62     -12.3426
21.64     -9.54738
21.66     -6.26848
21.68     -2.7435
21.7     0.753972
21.72     3.94368
21.74     6.59258
21.76     8.57993
21.78     9.91741
21.8     10.6942
21.82     10.9996
21.84     10.8928
21.86     10.4304
21.88     9.68638
21.9     8.73814
21.92     7.63044
21.94     6.35885
21.96     4.91048
21.98     3.32173
22     1.68768
22.02     0.116952
22.04     -1.31063
22.06     -2.5431
22.08     -3.53739
22.1     -4.26212
22.12     -4.71352
22.14     -4.91705
22.16     -4.91555
22.18     -4.74863
22.2     -4.44165
22.22     -4.0004
22.24     -3.40106
22.26     -2.60323
22.28     -1.58298
22.3     -0.357355
22.32     1.00688
22.34     2.4069
22.36     3.72648
22.38     4.84068
22.4     5.62083
22.42     5.96795
22.44     5.85421
22.46     5.33003
22.48     4.49896
22.5     3.47431
22.52     2.34255
22.54     1.16994
22.56     0.0157887
22.58     -1.07724
22.6     -2.09301
22.62     -3.03573
22.64     -3.9002
22.66     -4.6453
22.68     -5.20129
22.7     -5.50172
22.72     -5.51114
22.74     -5.2287
22.76     -4.68138
22.78     -3.92272
22.8     -3.02746
22.82     -2.06986
22.84     -1.10081
22.86     -0.145186
22.88     0.780843
22.9     1.65235
22.92     2.44125
22.94     3.11955
22.96     3.63129
22.98     3.87305
23     3.72553
23.02     3.11606
23.04     2.0609
23.06     0.664903
23.08     -0.910863
23.1     -2.4936
23.12     -3.92526
23.14     -5.06681
23.16     -5.81099
23.18     -6.11453
23.2     -6.00912
23.22     -5.56216
23.24     -4.84271
23.26     -3.90868
23.28     -2.79131
23.3     -1.50525
23.32     -0.0786436
23.34     1.4182
23.36     2.86612
23.38     4.12265
23.4     5.05267
23.42     5.56673
23.44     5.63903
23.46     5.28088
23.48     4.52344
23.5     3.42309
23.52     2.05927
23.54     0.517117
23.56     -1.13725
23.58     -2.85701
23.6     -4.58557
23.62     -6.22709
23.64     -7.6382
23.66     -8.65553
23.68     -9.13596
23.7     -8.98909
23.72     -8.20968
23.74     -6.87934
23.76     -5.12251
23.78     -3.06584
23.8     -0.831628
23.82     1.44784
23.84     3.6295
23.86     5.58714
23.88     7.23478
23.9     8.51218
23.92     9.34943
23.94     9.66383
23.96     9.39792
23.98     8.56089
24     7.23713
24.02     5.5531
24.04     3.6449
24.06     1.64393
24.08     -0.342021
24.1     -2.24156
24.12     -4.01626
24.14     -5.6394
24.16     -7.07052
24.18     -8.25185
24.2     -9.10551
24.22     -9.51953
24.24     -9.35821
24.26     -8.5094
24.28     -6.94034
24.3     -4.72685
24.32     -2.04011
24.34     0.898195
24.36     3.86384
24.38     6.65241
24.4     9.08829
24.42     11.0446
24.44     12.464
24.46     13.3464
24.48     13.6946
24.5     13.4812
24.52     12.6564
24.54     11.1769
24.56     9.04408
24.58     6.32152
24.6     3.1331
24.62     -0.347359
24.64     -3.90597
24.66     -7.30124
24.68     -10.2961
24.7     -12.7019
24.72     -14.4065
24.74     -15.3681
24.76     -15.585
24.78     -15.0715
24.8     -13.8428
24.82     -11.9118
24.84     -9.30587
24.86     -6.08391
24.88     -2.35444
24.9     1.7093
24.92     5.86187
24.94     9.80286
24.96     13.2212
24.98     15.8259
25     17.3735
25.02     17.7201
25.04     16.8525
25.06     14.8757
25.08     11.9802
25.1     8.40079
25.12     4.39583
25.14     0.236193
25.16     -3.82869
25.18     -7.58985
25.2     -10.8714
25.22     -13.5252
25.24     -15.426
25.26     -16.4657
25.28     -16.5584
25.3     -15.6567
25.32     -13.7819
25.34     -11.0472
25.36     -7.64139
25.38     -3.79142
25.4     0.256613
25.42     4.23627
25.44     7.87277
25.46     10.9266
25.48     13.247
25.5     14.7798
25.52     15.5287
25.54     15.5207
25.56     14.7929
25.58     13.3855
25.6     11.3464
25.62     8.75672
25.64     5.74403
25.66     2.46759
25.68     -0.894942
25.7     -4.15021
25.72     -7.09087
25.74     -9.51758
25.76     -11.2884
25.78     -12.341
25.8     -12.6627
25.82     -12.2557
25.84     -11.1249
25.86     -9.28744
25.88     -6.79449
25.9     -3.74349
25.92     -0.275541
25.94     3.42441
25.96     7.12246
25.98     10.5395
26     13.3618
26.02     15.2823
26.04     16.0648
26.06     15.5871
26.08     13.85
26.1     10.9658
26.12     7.14463
26.14     2.68415
26.16     -2.05925
26.18     -6.71394
26.2     -10.9507
26.22     -14.5274
26.24     -17.2875
26.26     -19.1316
26.28     -19.9913
26.3     -19.8308
26.32     -18.6481
26.34     -16.4532
26.36     -13.2607
26.38     -9.12051
26.4     -4.16177
26.42     1.38032
26.44     7.15563
26.46     12.7202
26.48     17.6039
26.5     21.3981
26.52     23.8155
26.54     24.7222
26.56     24.138
26.58     22.1918
26.6     19.0777
26.62     15.0305
26.64     10.3027
26.66     5.13752
26.68     -0.236294
26.7     -5.57423
26.72     -10.5946
26.74     -14.9832
26.76     -18.4309
26.78     -20.6834
26.8     -21.5769
26.82     -21.0639
26.84     -19.2254
26.86     -16.2614
26.88     -12.4456
26.9     -8.04914
26.92     -3.29443
26.94     1.63051
26.96     6.53095
26.98     11.1607
27     15.221
27.02     18.4034
27.04     20.4204
27.06     21.0364
27.08     20.131
27.1     17.7691
27.12     14.2096
27.14     9.85081
27.16     5.14632
27.18     0.507883
27.2     -3.76054
27.22     -7.47678
27.24     -10.578
27.26     -13.0936
27.28     -15.0717
27.3     -16.51
27.32     -17.3295
27.34     -17.3983
27.36     -16.5925
27.38     -14.8567
27.4     -12.2401
27.42     -8.89136
27.44     -5.02824
27.46     -0.907946
27.48     3.2075
27.5     7.08559
27.52     10.5398
27.54     13.4323
27.56     15.6604
27.58     17.1217
27.6     17.6915
27.62     17.2455
27.64     15.7159
27.66     13.1361
27.68     9.64692
27.7     5.47851
27.72     0.937454
27.74     -3.60223
27.76     -7.74384
27.78     -11.1515
27.8     -13.6148
27.82     -15.0589
27.84     -15.5105
27.86     -15.0492
27.88     -13.7725
27.9     -11.794
27.92     -9.2474
27.94     -6.2789
27.96     -3.04729
27.98     0.268537
28     3.45625
28.02     6.26821
28.04     8.45432
28.06     9.82738
28.08     10.3135
28.1     9.9406
28.12     8.79599
28.14     7.00133
28.16     4.70235
28.18     2.06012
28.2     -0.768595
28.22     -3.64361
28.24     -6.43
28.26     -8.98182
28.28     -11.1284
28.3     -12.6677
28.32     -13.3849
28.34     -13.1101
28.36     -11.782
28.38     -9.46909
28.4     -6.33834
28.42     -2.60523
28.44     1.49701
28.46     5.71502
28.48     9.75841
28.5     13.3292
28.52     16.2033
28.54     18.2615
28.56     19.4288
28.58     19.628
28.6     18.807
28.62     16.9882
28.64     14.2928
28.66     10.9136
28.68     7.06387
28.7     2.94887
28.72     -1.23257
28.74     -5.27303
28.76     -8.96705
28.78     -12.14
28.8     -14.6585
28.82     -16.4139
28.84     -17.2954
28.86     -17.1938
28.88     -16.0604
28.9     -13.9723
28.92     -11.1271
28.94     -7.78918
28.96     -4.24644
28.98     -0.75231
29     2.51737
29.02     5.44186
29.04     7.92709
29.06     9.90702
29.08     11.3369
29.1     12.1616
29.12     12.2871
29.14     11.5942
29.16     9.99532
29.18     7.50654
29.2     4.29737
29.22     0.67744
29.24     -2.99512
29.26     -6.41145
29.28     -9.34978
29.3     -11.6698
29.32     -13.3003
29.34     -14.2261
29.36     -14.4686
29.38     -14.0579
29.4     -13.0011
29.42     -11.2798
29.44     -8.88635
29.46     -5.87969
29.48     -2.42268
29.5     1.2234
29.52     4.73749
29.54     7.79283
29.56     10.1248
29.58     11.5851
29.6     12.1504
29.62     11.8841
29.64     10.881
29.66     9.23417
29.68     7.03627
29.7     4.39023
29.72     1.41728
29.74     -1.73123
29.76     -4.85973
29.78     -7.72662
29.8     -10.0719
29.82     -11.6745
29.84     -12.4037
29.86     -12.2438
29.88     -11.2848
29.9     -9.68681
29.92     -7.63191
29.94     -5.27189
29.96     -2.69586
29.98     0.0525498
30     2.91183
30.02     5.75421
30.04     8.38257
30.06     10.5647
30.08     12.0856
30.1     12.7806
30.12     12.5476
30.14     11.3683
30.16     9.34773
30.18     6.7171
30.2     3.76507
30.22     0.74887
30.24     -2.15187
30.26     -4.82108
30.28     -7.15841
30.3     -9.0459
30.32     -10.3538
30.34     -10.9599
30.36     -10.7624
30.38     -9.71988
30.4     -7.90621
30.42     -5.51678
30.44     -2.8186
30.46     -0.0895389
30.48     2.4121
30.5     4.46312
30.52     5.91668
30.54     6.77827
30.56     7.21453
30.58     7.42533
30.6     7.51668
30.62     7.47398
30.64     7.21045
30.66     6.62843
30.68     5.65571
30.7     4.27022
30.72     2.51454
30.74     0.502616
30.76     -1.59203
30.78     -3.5752
30.8     -5.28886
30.82     -6.65202
30.84     -7.6538
30.86     -8.31582
30.88     -8.64735
30.9     -8.61154
30.92     -8.12917
30.94     -7.11737
30.96     -5.52885
30.98     -3.37988
31     -0.768121
31.02     2.12006
31.04     5.00531
31.06     7.54359
31.08     9.41564
31.1     10.4085
31.12     10.4347
31.14     9.5231
31.16     7.81368
31.18     5.54968
31.2     3.02627
31.22     0.510025
31.24     -1.81487
31.26     -3.84052
31.28     -5.49097
31.3     -6.68833
31.32     -7.37332
31.34     -7.54591
31.36     -7.2363
31.38     -6.44146
31.4     -5.12509
31.42     -3.2808
31.44     -0.986754
31.46     1.59792
31.48     4.27875
31.5     6.86842
31.52     9.19475
31.54     11.0907
31.56     12.4052
31.58     13.0363
31.6     12.9528
31.62     12.1718
31.64     10.7092
31.66     8.55363
31.68     5.69706
31.7     2.20372
31.72     -1.74913
31.74     -5.88645
31.76     -9.88422
31.78     -13.4008
31.8     -16.0731
31.82     -17.5506
31.84     -17.5939
31.86     -16.1695
31.88     -13.4751
31.9     -9.8782
31.92     -5.80869
31.94     -1.65403
31.96     2.2875
31.98     5.78987
32     8.68803
32.02     10.9107
32.04     12.5009
32.06     13.5441
32.08     14.0488
32.1     13.917
32.12     13.0394
32.14     11.4001
32.16     9.09968
32.18     6.30942
32.2     3.21794
32.22     0.0205642
32.24     -3.08068
32.26     -5.91003
32.28     -8.35617
32.3     -10.3826
32.32     -11.9876
32.34     -13.1136
32.36     -13.6086
32.38     -13.2922
32.4     -12.0352
32.42     -9.80186
32.44     -6.65957
32.46     -2.77685
32.48     1.57035
32.5     6.00773
32.52     10.1103
32.54     13.4803
32.56     15.8296
32.58     17.0189
32.6     17.0407
32.62     15.9731
32.64     13.9381
32.66     11.0908
32.68     7.62607
32.7     3.77165
32.72     -0.233771
32.74     -4.15648
32.76     -7.76801
32.78     -10.8477
32.8     -13.2038
32.82     -14.7081
32.84     -15.3119
32.86     -15.0122
32.88     -13.8105
32.9     -11.7257
32.92     -8.82859
32.94     -5.26443
32.96     -1.26177
32.98     2.90223
33     6.95608
33.02     10.6559
33.04     13.7829
33.06     16.1515
33.08     17.6508
33.1     18.2743
33.12     18.1016
33.14     17.2315
33.16     15.7086
33.18     13.5143
33.2     10.6197
33.22     7.04679
33.24     2.91807
33.26     -1.52788
33.28     -5.97244
33.3     -10.0788
33.32     -13.5402
33.34     -16.0988
33.36     -17.5531
33.38     -17.7933
33.4     -16.8605
33.42     -14.9438
33.44     -12.2787
33.46     -9.04871
33.48     -5.36478
33.5     -1.31221
33.52     2.95941
33.54     7.18636
33.56     11.0492
33.58     14.2737
33.6     16.6612
33.62     18.0397
33.64     18.2486
33.66     17.2013
33.68     14.945
33.7     11.6648
33.72     7.63183
33.74     3.12182
33.76     -1.62983
33.78     -6.40412
33.8     -10.9527
33.82     -14.9885
33.84     -18.229
33.86     -20.4501
33.88     -21.5102
33.9     -21.3479
33.92     -19.9484
33.94     -17.321
33.96     -13.529
33.98     -8.74457
34     -3.25569
34.02     2.5972
34.04     8.48675
34.06     14.1047
34.08     19.1204
34.1     23.1659
34.12     25.8887
34.14     27.0281
34.16     26.4699
34.18     24.2676
34.2     20.6134
34.22     15.7927
34.24     10.1637
34.26     4.13257
34.28     -1.88772
34.3     -7.52392
34.32     -12.4948
34.34     -16.6192
34.36     -19.7662
34.38     -21.8206
34.4     -22.6981
34.42     -22.3818
34.44     -20.9426
34.46     -18.5168
34.48     -15.2447
34.5     -11.227
34.52     -6.56052
34.54     -1.40113
34.56     4.01094
34.58     9.35105
34.6     14.2317
34.62     18.2511
34.64     21.0394
34.66     22.2938
34.68     21.8398
34.7     19.6897
34.72     16.0519
34.74     11.2909
34.76     5.84381
34.78     0.127819
34.8     -5.50917
34.82     -10.7793
34.84     -15.4248
34.86     -19.22
34.88     -21.9777
34.9     -23.5279
34.92     -23.7054
34.94     -22.3833
34.96     -19.5247
34.98     -15.227
35     -9.75171
35.02     -3.52189
35.04     2.91596
35.06     8.98235
35.08     14.1784
35.1     18.1566
35.12     20.7352
35.14     21.8746
35.16     21.6446
35.18     20.2037
35.2     17.7714
35.22     14.5833
35.24     10.8568
35.26     6.78434
35.28     2.55196
35.3     -1.65171
35.32     -5.65335
35.34     -9.28803
35.36     -12.3723
35.38     -14.7091
35.4     -16.1371
35.42     -16.5814
35.44     -16.0433
35.46     -14.5505
35.48     -12.1552
35.5     -8.98741
35.52     -5.27846
35.54     -1.31546
35.56     2.61841
35.58     6.27437
35.6     9.43682
35.62     11.9112
35.64     13.5249
35.66     14.1539
35.68     13.7488
35.7     12.3301
35.72     9.97623
35.74     6.82408
35.76     3.07338
35.78     -1.02918
35.8     -5.20816
35.82     -9.14527
35.84     -12.4751
35.86     -14.8456
35.88     -16.0147
35.9     -15.9231
35.92     -14.6929
35.94     -12.5461
35.96     -9.72079
35.98     -6.44038
36     -2.94025
36.02     0.510725
36.04     3.66153
36.06     6.35494
36.08     8.54197
36.1     10.2074
36.12     11.2766
36.14     11.6109
36.16     11.1027
36.18     9.77056
36.2     7.75013
36.22     5.20998
36.24     2.29569
36.26     -0.863416
36.28     -4.11755
36.3     -7.27918
36.32     -10.1549
36.34     -12.5761
36.36     -14.3898
36.38     -15.4545
36.4     -15.6514
36.42     -14.9084
36.44     -13.2333
36.46     -10.7265
36.48     -7.57331
36.5     -4.02622
36.52     -0.371073
36.54     3.12715
36.56     6.27792
36.58     8.97995
36.6     11.1796
36.62     12.8091
36.64     13.7742
36.66     13.9949
36.68     13.4405
36.7     12.1357
36.72     10.149
36.74     7.59016
36.76     4.63529
36.78     1.53379
36.8     -1.43624
36.82     -4.02984
36.84     -6.08226
36.86     -7.52917
36.88     -8.38658
36.9     -8.70683
36.92     -8.55946
36.94     -8.02529
36.96     -7.17575
36.98     -6.06763
37     -4.75185
37.02     -3.27642
37.04     -1.69209
37.06     -0.0635215
37.08     1.5332
37.1     3.03845
37.12     4.42343
37.14     5.66223
37.16     6.6982
37.18     7.45076
37.2     7.8464
37.22     7.82814
37.24     7.34464
37.26     6.34317
37.28     4.79839
37.3     2.77763
37.32     0.47881
37.34     -1.82341
37.36     -3.88508
37.38     -5.54071
37.4     -6.68675
37.42     -7.27121
37.44     -7.31011
37.46     -6.89992
37.48     -6.18089
37.5     -5.26605
37.52     -4.19189
37.54     -2.92805
37.56     -1.4342
37.58     0.285927
37.6     2.16665
37.62     4.08072
37.64     5.84495
37.66     7.2539
37.68     8.12882
37.7     8.34851
37.72     7.85758
37.74     6.67393
37.76     4.88584
37.78     2.62285
37.8     0.0320888
37.82     -2.73356
37.84     -5.5182
37.86     -8.15108
37.88     -10.4416
37.9     -12.1978
37.92     -13.2488
37.94     -13.4569
37.96     -12.7423
37.98     -11.1194
38     -8.71755
38.02     -5.77177
38.04     -2.56584
38.06     0.650685
38.08     3.7032
38.1     6.47362
38.12     8.87606
38.14     10.8564
38.16     12.3871
38.18     13.4364
38.2     13.9385
38.22     13.8018
38.24     12.9495
38.26     11.3685
38.28     9.135
38.3     6.38682
38.32     3.28587
38.34     0.015704
38.36     -3.21684
38.38     -6.20892
38.4     -8.80487
38.42     -10.9162
38.44     -12.4992
38.46     -13.5202
38.48     -13.9467
38.5     -13.7503
38.52     -12.8974
38.54     -11.3623
38.56     -9.16841
38.58     -6.42225
38.6     -3.30351
38.62     -0.0195824
38.64     3.21988
38.66     6.2009
38.68     8.70596
38.7     10.5345
38.72     11.555
38.74     11.7652
38.76     11.2906
38.78     10.3078
38.8     8.97129
38.82     7.38471
38.84     5.59193
38.86     3.58732
38.88     1.35204
38.9     -1.11765
38.92     -3.78345
38.94     -6.51381
38.96     -9.05875
38.98     -11.086
39     -12.2681
39.02     -12.3952
39.04     -11.4581
39.06     -9.64733
39.08     -7.27597
39.1     -4.70079
39.12     -2.25741
39.14     -0.197914
39.16     1.34281
39.18     2.35071
39.2     2.90306
39.22     3.10258
39.24     3.0098
39.26     2.63939
39.28     2.01355
39.3     1.19049
39.32     0.270384
39.34     -0.614851
39.36     -1.33928
39.38     -1.80951
39.4     -1.9721
39.42     -1.8268
39.44     -1.45388
39.46     -1.01606
39.48     -0.692604
39.5     -0.577665
39.52     -0.62462
39.54     -0.684286
39.56     -0.594516
39.58     -0.256936
39.6     0.330554
39.62     1.08741
39.64     1.88669
39.66     2.58954
39.68     3.06843
39.7     3.24182
39.72     3.11582
39.74     2.78534
39.76     2.39724
39.78     2.09302
39.8     1.94194
39.82     1.91183
39.84     1.89204
39.86     1.74968
39.88     1.39181
39.9     0.795966
39.92     0.0087984
39.94     -0.869213
39.96     -1.70931
39.98     -2.39702
40     -2.86969
40.02     -3.10478
40.04     -3.08843
40.06     -2.81726
40.08     -2.30766
40.1     -1.57882
40.12     -0.625863
40.14     0.587126
40.16     2.0936
40.18     3.86745
40.2     5.79543
40.22     7.69557
40.24     9.35288
40.26     10.5568
40.28     11.1458
40.3     11.0411
40.32     10.2555
40.34     8.88802
40.36     7.11042
40.38     5.13847
40.4     3.18238
40.42     1.38184
40.44     -0.226194
40.46     -1.66854
40.48     -2.9704
40.5     -4.12257
40.52     -5.07978
40.54     -5.76764
40.56     -6.10033
40.58     -5.99948
40.6     -5.4057
40.62     -4.30511
40.64     -2.77051
40.66     -0.969446
40.68     0.883931
40.7     2.58994
40.72     4.00551
40.74     5.07267
40.76     5.8155
40.78     6.2915
40.8     6.54227
40.82     6.57175
40.84     6.3349
40.86     5.74716
40.88     4.72097
40.9     3.1992
40.92     1.18071
40.94     -1.24795
40.96     -3.89321
40.98     -6.47783
41     -8.70589
41.02     -10.3318
41.04     -11.1899
41.06     -11.1917
41.08     -10.3283
41.1     -8.67933
41.12     -6.40927
41.14     -3.72859
41.16     -0.843193
41.18     2.06667
41.2     4.84089
41.22     7.32544
41.24     9.37038
41.26     10.8524
41.28     11.7008
41.3     11.8905
41.32     11.4169
41.34     10.2936
41.36     8.56693
41.38     6.32334
41.4     3.69762
41.42     0.870407
41.44     -1.95765
41.46     -4.58852
41.48     -6.84354
41.5     -8.59109
41.52     -9.75839
41.54     -10.319
41.56     -10.29
41.58     -9.73554
41.6     -8.74972
41.62     -7.42167
41.64     -5.81025
41.66     -3.95029
41.68     -1.89149
41.7     0.266507
41.72     2.37652
41.74     4.27848
41.76     5.83193
41.78     6.9249
41.8     7.47716
41.82     7.45468
41.84     6.88183
41.86     5.83516
41.88     4.42117
41.9     2.74576
41.92     0.886081
41.94     -1.11402
41.96     -3.2176
41.98     -5.36287
42     -7.45022
42.02     -9.3277
42.04     -10.7783
42.06     -11.5639
42.08     -11.5008
42.1     -10.5071
42.12     -8.61874
42.14     -5.97462
42.16     -2.78735
42.18     0.682464
42.2     4.15275
42.22     7.36223
42.24     10.1126
42.26     12.2723
42.28     13.7537
42.3     14.4891
42.32     14.4099
42.34     13.4508
42.36     11.5872
42.38     8.87266
42.4     5.46284
42.42     1.61484
42.44     -2.35172
42.46     -6.11441
42.48     -9.38939
42.5     -11.9519
42.52     -13.6551
42.54     -14.4328
42.56     -14.2826
42.58     -13.245
42.6     -11.381
42.62     -8.75938
42.64     -5.4715
42.66     -1.67405
42.68     2.38023
42.7     6.35899
42.72     9.90099
42.74     12.6776
42.76     14.4469
42.78     15.0844
42.8     14.5925
42.82     13.0991
42.84     10.8368
42.86     8.08188
42.88     5.07334
42.9     1.98667
42.92     -1.03303
42.94     -3.84944
42.96     -6.34304
42.98     -8.41509
43     -9.9685
43.02     -10.8813
43.04     -11.0279
43.06     -10.3656
43.08     -8.99584
43.1     -7.12647
43.12     -4.97902
43.14     -2.72277
43.16     -0.482029
43.18     1.62099
43.2     3.46612
43.22     4.98176
43.24     6.17668
43.26     7.10009
43.28     7.7631
43.3     8.10976
43.32     8.06157
43.34     7.58227
43.36     6.70564
43.38     5.51419
43.4     4.088
43.42     2.48084
43.44     0.748463
43.46     -1.01759
43.48     -2.69617
43.5     -4.18156
43.52     -5.41061
43.54     -6.34234
43.56     -6.92835
43.58     -7.11174
43.6     -6.8622
43.62     -6.2161
43.64     -5.2784
43.66     -4.17147
43.68     -2.96449
43.7     -1.66614
43.72     -0.278912
43.74     1.16818
43.76     2.62062
43.78     4.00649
43.8     5.23705
43.82     6.18962
43.84     6.70232
43.86     6.62295
43.88     5.882
43.9     4.5289
43.92     2.71901
43.94     0.661519
43.96     -1.44352
43.98     -3.43349
44     -5.17849
44.02     -6.58013
44.04     -7.57318
44.06     -8.11964
44.08     -8.19094
44.1     -7.74481
44.12     -6.73703
44.14     -5.17535
44.16     -3.1558
44.18     -0.851191
44.2     1.51869
44.22     3.72552
44.24     5.57579
44.26     6.94763
44.28     7.81618
44.3     8.24679
44.32     8.34289
44.34     8.17146
44.36     7.72045
44.38     6.91124
44.4     5.63953
44.42     3.83337
44.44     1.51318
44.46     -1.18325
44.48     -4.0147
44.5     -6.66978
44.52     -8.82591
44.54     -10.2328
44.56     -10.7767
44.58     -10.4904
44.6     -9.50827
44.62     -7.99747
44.64     -6.1056
44.66     -3.94309
44.68     -1.58823
44.7     0.898216
44.72     3.44585
44.74     5.93082
44.76     8.1449
44.78     9.82132
44.8     10.7071
44.82     10.6341
44.84     9.56882
44.86     7.62785
44.88     5.04768
44.9     2.12774
44.92     -0.838075
44.94     -3.6238
44.96     -6.09907
44.98     -8.21535
45     -9.97056
45.02     -11.3696
45.04     -12.3859
45.06     -12.9353
45.08     -12.8781
45.1     -12.0683
45.12     -10.4348
45.14     -8.0434
45.16     -5.095
45.18     -1.87476
45.2     1.3021
45.22     4.13962
45.24     6.41881
45.26     8.04671
45.28     9.05581
45.3     9.55249
45.32     9.65304
45.34     9.43676
45.36     8.92141
45.38     8.06283
45.4     6.78836
45.42     5.05163
45.44     2.87799
45.46     0.385574
45.48     -2.22938
45.5     -4.73613
45.52     -6.91268
45.54     -8.58561
45.56     -9.66501
45.58     -10.149
45.6     -10.093
45.62     -9.56993
45.64     -8.64956
45.66     -7.38293
45.68     -5.78515
45.7     -3.84854
45.72     -1.5847
45.74     0.933073
45.76     3.55243
45.78     6.0679
45.8     8.27407
45.82     10.004
45.84     11.132
45.86     11.5727
45.88     11.3028
45.9     10.3791
45.92     8.91768
45.94     7.04674
45.96     4.87232
45.98     2.48325
46     -0.017019
46.02     -2.48959
46.04     -4.77044
46.06     -6.7053
46.08     -8.18276
46.1     -9.14371
46.12     -9.57579
46.14     -9.50389
46.16     -8.9804
46.18     -8.08242
46.2     -6.90782
46.22     -5.55111
46.24     -4.07585
46.26     -2.51861
46.28     -0.919383
46.3     0.652421
46.32     2.09539
46.34     3.29952
46.36     4.1795
46.38     4.69794
46.4     4.87362
46.42     4.77911
46.44     4.5262
46.46     4.2398
46.48     4.01826
46.5     3.88491
46.52     3.76662
46.54     3.52113
46.56     2.99009
46.58     2.05172
46.6     0.669861
46.62     -1.0692
46.64     -2.96399
46.66     -4.75107
46.68     -6.17023
46.7     -7.02657
46.72     -7.2386
46.74     -6.85373
46.76     -6.01904
46.78     -4.91856
46.8     -3.71257
46.82     -2.50238
46.84     -1.32551
46.86     -0.174004
46.88     0.973622
46.9     2.1131
46.92     3.17994
46.94     4.04008
46.96     4.52296
46.98     4.48201
47     3.84839
47.02     2.66304
47.04     1.07688
47.06     -0.690872
47.08     -2.41602
47.1     -3.92332
47.12     -5.11625
47.14     -5.97397
47.16     -6.51711
47.18     -6.76829
47.2     -6.73383
47.22     -6.40402
47.24     -5.75756
47.26     -4.76971
47.28     -3.43687
47.3     -1.80963
47.32     -0.0109109
47.34     1.77071
47.36     3.32785
47.38     4.51105
47.4     5.27687
47.42     5.67276
47.44     5.78243
47.46     5.67945
47.48     5.41355
47.5     5.01707
47.52     4.50285
47.54     3.84514
47.56     2.98182
47.58     1.86848
47.6     0.547618
47.62     -0.831998
47.64     -2.0713
47.66     -3.00641
47.68     -3.55379
47.7     -3.70052
47.72     -3.47684
47.74     -2.94293
47.76     -2.1878
47.78     -1.32229
47.8     -0.453961
47.82     0.346791
47.84     1.05793
47.86     1.68255
47.88     2.21084
47.9     2.59924
47.92     2.78396
47.94     2.71596
47.96     2.38966
47.98     1.84632
48     1.16256
48.02     0.439972
48.04     -0.208784
48.06     -0.681731
48.08     -0.913285
48.1     -0.892635
48.12     -0.660639
48.14     -0.286022
48.16     0.1571
48.18     0.596955
48.2     0.966686
48.22     1.21548
48.24     1.32336
48.26     1.30013
48.28     1.16651
48.3     0.933329
48.32     0.598948
48.34     0.177827
48.36     -0.274362
48.38     -0.683035
48.4     -0.995714
48.42     -1.19633
48.44     -1.29091
48.46     -1.28658
48.48     -1.189
48.5     -1.02026
48.52     -0.83008
48.54     -0.673681
48.56     -0.569605
48.58     -0.482814
48.6     -0.354029
48.62     -0.142382
48.64     0.158234
48.66     0.526421
48.68     0.918808
48.7     1.26689
48.72     1.48336
48.74     1.48685
48.76     1.23118
48.78     0.727053
48.8     0.0547073
48.82     -0.64692
48.84     -1.2209
48.86     -1.53466
48.88     -1.50332
48.9     -1.09751
48.92     -0.344679
48.94     0.66764
48.96     1.79357
48.98     2.85932
49     3.71493
49.02     4.26708
49.04     4.48062
49.06     4.36386
49.08     3.95
49.1     3.28246
49.12     2.40814
49.14     1.38183
49.16     0.275424
49.18     -0.824681
49.2     -1.82983
49.22     -2.65609
49.24     -3.22563
49.26     -3.47061
49.28     -3.3454
49.3     -2.84782
49.32     -2.03877
49.34     -1.03649
49.36     0.0263459
49.38     1.04939
49.4     1.97618
49.42     2.77581
49.44     3.43083
49.46     3.94477
49.48     4.34487
49.5     4.66488
49.52     4.91695
49.54     5.07216
49.56     5.07028
49.58     4.85703
49.6     4.42154
49.62     3.80551
49.64     3.08194
49.66     2.33273
49.68     1.64134
49.7     1.0894
49.72     0.743466
49.74     0.634019
49.76     0.738937
49.78     0.983896
49.8     1.2678
49.82     1.49865
49.84     1.60873
49.86     1.54594
49.88     1.26651
49.9     0.744802
49.92     -0.00934228
49.94     -0.944031
49.96     -1.97574
49.98     -3.0055
50     -3.92477
50.02     -4.61621
50.04     -4.96709
50.06     -4.8961
50.08     -4.37639
50.1     -3.43725
50.12     -2.14821
50.14     -0.603666
50.16     1.08312
50.18     2.78238
50.2     4.35695
50.22     5.68101
50.24     6.65777
50.26     7.22325
50.28     7.34095
50.3     7.00131
50.32     6.23084
50.34     5.10094
50.36     3.72382
50.38     2.23457
50.4     0.765029
50.42     -0.58178
50.44     -1.7433
50.46     -2.68879
50.48     -3.40276
50.5     -3.88297
50.52     -4.15141
50.54     -4.25254
50.56     -4.23616
50.58     -4.14437
50.6     -4.00618
50.62     -3.83785
50.64     -3.64456
50.66     -3.41702
50.68     -3.12864
50.7     -2.73651
50.72     -2.18695
50.74     -1.43181
50.76     -0.454981
50.78     0.705399
50.8     1.9539
50.82     3.15217
50.84     4.14621
50.86     4.80062
50.88     5.0261
50.9     4.79459
50.92     4.138
50.94     3.13469
50.96     1.89855
50.98     0.568203
51     -0.719543
51.02     -1.86494
51.04     -2.81927
51.06     -3.56527
51.08     -4.08738
51.1     -4.36338
51.12     -4.37884
51.14     -4.14073
51.16     -3.67412
51.18     -3.00727
51.2     -2.16398
51.22     -1.17329
51.24     -0.0828117
51.26     1.04101
51.28     2.12091
51.3     3.07208
51.32     3.80338
51.34     4.22571
51.36     4.26663
51.38     3.88323
51.4     3.07195
51.42     1.87714
51.44     0.393124
51.46     -1.2429
51.48     -2.86785
51.5     -4.3223
51.52     -5.48007
51.54     -6.26384
51.56     -6.64396
51.58     -6.62584
51.6     -6.2401
51.62     -5.53654
51.64     -4.5766
51.66     -3.42835
51.68     -2.16233
51.7     -0.844846
51.72     0.467413
51.74     1.72508
51.76     2.88196
51.78     3.89692
51.8     4.73421
51.82     5.35429
51.84     5.70422
51.86     5.72662
51.88     5.37933
51.9     4.64481
51.92     3.53451
51.94     2.09611
51.96     0.42222
51.98     -1.35071
52     -3.06648
52.02     -4.58578
52.04     -5.81068
52.06     -6.68557
52.08     -7.18656
52.1     -7.31352
52.12     -7.08254
52.14     -6.51823
52.16     -5.6494
52.18     -4.50984
52.2     -3.1451
52.22     -1.62508
52.24     -0.0532292
52.26     1.44477
52.28     2.75026
52.3     3.77207
52.32     4.45089
52.34     4.76492
52.36     4.73474
52.38     4.41106
52.4     3.8481
52.42     3.07975
52.44     2.11524
52.46     0.958128
52.48     -0.368109
52.5     -1.8068
52.52     -3.27226
52.54     -4.66341
52.56     -5.87372
52.58     -6.79984
52.6     -7.35981
52.62     -7.51695
52.64     -7.291
52.66     -6.74366
52.68     -5.94357
52.7     -4.93663
52.72     -3.74577
52.74     -2.39022
52.76     -0.902382
52.78     0.664218
52.8     2.23712
52.82     3.73057
52.84     5.04654
52.86     6.07744
52.88     6.72273
52.9     6.91663
52.92     6.64863
52.94     5.95954
52.96     4.91703
52.98     3.59447
53     2.06812
53.02     0.422915
53.04     -1.24476
53.06     -2.83249
53.08     -4.24353
53.1     -5.39472
53.12     -6.21888
53.14     -6.66421
53.16     -6.69467
53.18     -6.29679
53.2     -5.49056
53.22     -4.33526
53.24     -2.92339
53.26     -1.36755
53.28     0.21137
53.3     1.6917
53.32     2.95608
53.34     3.90118
53.36     4.45368
53.38     4.58372
53.4     4.30834
53.42     3.68505
53.44     2.7985
53.46     1.74216
53.48     0.602928
53.5     -0.542851
53.52     -1.62809
53.54     -2.59665
53.56     -3.4084
53.58     -4.04284
53.6     -4.49422
53.62     -4.76094
53.64     -4.83868
53.66     -4.7203
53.68     -4.4034
53.7     -3.90369
53.72     -3.26132
53.74     -2.53144
53.76     -1.76883
53.78     -1.02169
53.8     -0.334491
53.82     0.248349
53.84     0.684691
53.86     0.944749
53.88     1.02005
53.9     0.920065
53.92     0.660728
53.94     0.258292
53.96     -0.266933
53.98     -0.881438
54     -1.53383
54.02     -2.16253
54.04     -2.71058
54.06     -3.13437
54.08     -3.40003
54.1     -3.47988
54.12     -3.35956
54.14     -3.04668
54.16     -2.5689
54.18     -1.96077
54.2     -1.25057
54.22     -0.459915
54.24     0.388041
54.26     1.26279
54.28     2.12621
54.3     2.93468
54.32     3.6393
54.34     4.18685
54.36     4.52567
54.38     4.61586
54.4     4.43997
54.42     4.00736
54.44     3.34871
54.46     2.50749
54.48     1.53345
54.5     0.477472
54.52     -0.608746
54.54     -1.66846
54.56     -2.6407
54.58     -3.4682
54.6     -4.10358
54.62     -4.50768
54.64     -4.64472
54.66     -4.48663
54.68     -4.03014
54.7     -3.31008
54.72     -2.39258
54.74     -1.35493
54.76     -0.27334
54.78     0.77544
54.8     1.71379
54.82     2.47429
54.84     3.01512
54.86     3.3265
54.88     3.42108
54.9     3.31802
54.92     3.03656
54.94     2.59892
54.96     2.03212
54.98     1.36606
55     0.633085
55.02     -0.131028
55.04     -0.887454
55.06     -1.59601
55.08     -2.21526
55.1     -2.70032
55.12     -3.00705
55.14     -3.10457
55.16     -2.98586
55.18     -2.66724
55.2     -2.1791
55.22     -1.55654
55.24     -0.834958
55.26     -0.0494423
55.28     0.764857
55.3     1.57492
55.32     2.3539
55.34     3.08148
55.36     3.73787
55.38     4.29777
55.4     4.7309
55.42     5.00961
55.44     5.11987
55.46     5.06724
55.48     4.8742
55.5     4.57305
55.52     4.19769
55.54     3.77685
55.56     3.33086
55.58     2.87174
55.6     2.40361
55.62     1.92517
55.64     1.43576
55.66     0.941823
55.68     0.460396
55.7     0.018655
55.72     -0.351096
55.74     -0.618846
55.76     -0.764324
55.78     -0.783481
55.8     -0.690494
55.82     -0.512689
55.84     -0.280893
55.86     -0.0212386
55.88     0.246121
55.9     0.503287
55.92     0.733714
55.94     0.926405
55.96     1.07843
55.98     1.19141
56     1.2651
56.02     1.29372
56.04     1.26856
56.06     1.18516
56.08     1.04746
56.1     0.866422
56.12     0.656494
56.14     0.431604
56.16     0.204972
56.18     -0.00564186
56.2     -0.174908
56.22     -0.273703
56.24     -0.277666
56.26     -0.174987
56.28     0.0310493
56.3     0.324067
56.32     0.677547
56.34     1.05499
56.36     1.41142
56.38     1.7011
56.4     1.88767
56.42     1.95102
56.44     1.88692
56.46     1.70148
56.48     1.40609
56.5     1.01429
56.52     0.539513
56.54     -0.00474546
56.56     -0.601598
56.58     -1.22653
56.6     -1.84556
56.62     -2.41785
56.64     -2.90134
56.66     -3.25831
56.68     -3.45921
56.7     -3.48722
56.72     -3.34367
56.74     -3.04776
56.76     -2.62693
56.78     -2.10563
56.8     -1.50526
56.82     -0.852513
56.84     -0.179732
56.86     0.482625
56.88     1.10955
56.9     1.67822
56.92     2.16262
56.94     2.53176
56.96     2.75634
56.98     2.81946
57     2.71937
57.02     2.46132
57.04     2.05124
57.06     1.49817
57.08     0.820604
57.1     0.0515053
57.12     -0.762385
57.14     -1.56655
57.16     -2.30617
57.18     -2.93167
57.2     -3.40061
57.22     -3.67857
57.24     -3.74308
57.26     -3.58699
57.28     -3.21647
57.3     -2.64673
57.32     -1.89877
57.34     -0.997684
57.36     0.0256633
57.38     1.13135
57.4     2.26715
57.42     3.36704
57.44     4.35595
57.46     5.16138
57.48     5.72715
57.5     6.02183
57.52     6.03959
57.54     5.79696
57.56     5.32771
57.58     4.67601
57.6     3.88663
57.62     2.99198
57.64     2.00597
57.66     0.9354
57.68     -0.200217
57.7     -1.35734
57.72     -2.47103
57.74     -3.46403
57.76     -4.2556
57.78     -4.7712
57.8     -4.95533
57.82     -4.78471
57.84     -4.27624
57.86     -3.48479
57.88     -2.49059
57.9     -1.38266
57.92     -0.24533
57.94     0.847583
57.96     1.83383
57.98     2.66312
58     3.29568
58.02     3.69864
58.04     3.84344
58.06     3.70813
58.08     3.28552
58.1     2.59189
58.12     1.67028
58.14     0.589553
58.16     -0.559932
58.18     -1.67564
58.2     -2.65707
58.22     -3.42134
58.24     -3.91698
58.26     -4.12962
58.28     -4.07395
58.3     -3.78101
58.32     -3.28868
58.34     -2.63264
58.36     -1.8398
58.38     -0.929085
58.4     0.0804196
58.42     1.15409
58.44     2.2282
58.46     3.21282
58.48     4.00845
58.5     4.52335
58.52     4.68944
58.54     4.47954
58.56     3.91989
58.58     3.08899
58.6     2.09846
58.62     1.05991
58.64     0.0569349
58.66     -0.862361
58.68     -1.67783
58.7     -2.38601
58.72     -2.98713
58.74     -3.47103
58.76     -3.81011
58.78     -3.96539
58.8     -3.90031
58.82     -3.59612
58.84     -3.0641
58.86     -2.34913
58.88     -1.52293
58.9     -0.666704
58.92     0.15089
58.94     0.886667
58.96     1.52239
58.98     2.05829
59     2.50676
59.02     2.8843
59.04     3.19718
59.06     3.42691
59.08     3.5294
59.1     3.45428
59.12     3.17116
59.14     2.68249
59.16     2.01738
59.18     1.21862
59.2     0.337338
59.22     -0.566096
59.24     -1.42719
59.26     -2.19019
59.28     -2.81855
59.3     -3.29276
59.32     -3.59793
59.34     -3.71444
59.36     -3.62014
59.38     -3.30078
59.4     -2.76108
59.42     -2.02964
59.44     -1.15541
59.46     -0.201401
59.48     0.759869
59.5     1.65113
59.52     2.39739
59.54     2.93537
59.56     3.22301
59.58     3.24385
59.6     3.00457
59.62     2.52865
59.64     1.85379
59.66     1.03468
59.68     0.139807
59.7     -0.759826
59.72     -1.5996
59.74     -2.32234
59.76     -2.87675
59.78     -3.22252
59.8     -3.33989
59.82     -3.23247
59.84     -2.91813
59.86     -2.41748
59.88     -1.75245
59.9     -0.953637
59.92     -0.0640068
59.94     0.866581
59.96     1.78734
59.98     2.6433
60     3.36858
