TIME/STEP     base_shear_x
0     0
0.02     0.02041
0.04     0.08375
0.06     0.08128
0.08     -0.4767
0.1     -1.471
0.12     -1.964
0.14     -1.715
0.16     -1.494
0.18     -1.963
0.2     -2.792
0.22     -3.131
0.24     -2.972
0.26     -3.078
0.28     -3.411
0.3     -3.705
0.32     -3.763
0.34     -3.089
0.36     -1.799
0.38     -1.417
0.4     -3.377
0.42     -5.883
0.44     -5.77
0.46     -3.689
0.48     -2.644
0.5     -3.241
0.52     -3.447
0.54     -1.993
0.56     -0.5223
0.58     -0.6633
0.6     -2.208
0.62     -3.871
0.64     -4.63
0.66     -4.826
0.68     -4.969
0.7     -4.872
0.72     -3.872
0.74     -2.074
0.76     -0.7758
0.78     0.1105
0.8     2.416
0.82     6.47
0.84     10.31
0.86     12.41
0.88     12.48
0.9     10.84
0.92     9.047
0.94     7.342
0.96     4.396
0.98     0.3699
1     -3.215
1.02     -4.461
1.04     -2.972
1.06     -1.759
1.08     -3.199
1.1     -5.194
1.12     -5.434
1.14     -3.985
1.16     -1.765
1.18     -0.7464
1.2     -3.601
1.22     -10.61
1.24     -18.56
1.26     -22.58
1.28     -21.36
1.3     -20.64
1.32     -23.86
1.34     -26.11
1.36     -23.68
1.38     -18.89
1.4     -14.9
1.42     -12.36
1.44     -8.789
1.46     -3.192
1.48     2.192
1.5     5.252
1.52     4.61
1.54     0.6365
1.56     -4.02
1.58     -6.544
1.6     -5.481
1.62     -1.89
1.64     0.1757
1.66     -0.6949
1.68     -0.001601
1.7     5.071
1.72     10.06
1.74     10.37
1.76     8.684
1.78     9.208
1.8     11.15
1.82     11.44
1.84     8.593
1.86     4.794
1.88     2.098
1.9     -0.1517
1.92     -0.7522
1.94     1.197
1.96     2.391
1.98     0.2792
2     -3.5
2.02     -6.047
2.04     -6.517
2.06     -7.741
2.08     -12.36
2.1     -16.93
2.12     -16.52
2.14     -12.29
2.16     -9.959
2.18     -12.57
2.2     -13.99
2.22     -9.878
2.24     -6.602
2.26     -6.992
2.28     -6.849
2.3     -4.014
2.32     -0.1564
2.34     1.114
2.36     -0.08427
2.38     1.055
2.4     3.348
2.42     -0.09466
2.44     -10.11
2.46     -21.09
2.48     -27.34
2.5     -26.31
2.52     -21.13
2.54     -18.81
2.56     -22.13
2.58     -26.94
2.6     -28.28
2.62     -26.34
2.64     -25.23
2.66     -23.93
2.68     -17.61
2.7     -6.889
2.72     3.69
2.74     6.39
2.76     -4.602
2.78     -22.51
2.8     -33.24
2.82     -28.3
2.84     -11.99
2.86     2.739
2.88     6.816
2.9     0.2953
2.92     -8.897
2.94     -12.96
2.96     -13.09
2.98     -16.34
3     -23.21
3.02     -23.88
3.04     -14.24
3.06     -6.886
3.08     -13.63
3.1     -25.57
3.12     -27.16
3.14     -17.66
3.16     -5.757
3.18     4.115
3.2     14.98
3.22     29.09
3.24     36.38
3.26     28.74
3.28     14.84
3.3     0.05309
3.32     -18.96
3.34     -40.1
3.36     -57.91
3.38     -65.6
3.4     -59.18
3.42     -48.35
3.44     -45.05
3.46     -46.07
3.48     -40.91
3.5     -25.29
3.52     -2.725
3.54     20.41
3.56     37.48
3.58     41.4
3.6     34.02
3.62     26.31
3.64     19.13
3.66     1.765
3.68     -25.96
3.7     -51.54
3.72     -66.54
3.74     -72.01
3.76     -76.33
3.78     -79.96
3.8     -65.72
3.82     -31.48
3.84     -2.319
3.86     7.373
3.88     3.373
3.9     -3.691
3.92     -3.326
3.94     5.058
3.96     13.2
3.98     17.33
4     12.09
4.02     -10.62
4.04     -43.38
4.06     -66.62
4.08     -68.75
4.1     -50.57
4.12     -22.99
4.14     0.7367
4.16     14.68
4.18     15.83
4.2     5.137
4.22     -8.659
4.24     -13.8
4.26     -7.966
4.28     -3.89
4.3     -11.25
4.32     -26.35
4.34     -41.44
4.36     -53.78
4.38     -65.75
4.4     -71.35
4.42     -55.29
4.44     -19.58
4.46     5.025
4.48     -7.463
4.5     -42.81
4.52     -62.79
4.54     -54.1
4.56     -38.71
4.58     -36.6
4.6     -44.19
4.62     -51.45
4.64     -63.21
4.66     -85.84
4.68     -103.2
4.7     -91.82
4.72     -52.44
4.74     -8.529
4.76     23.23
4.78     40.79
4.8     43.49
4.82     33.88
4.84     19.31
4.86     6.741
4.88     -1.296
4.9     -7.588
4.92     -9.212
4.94     -0.5343
4.96     12.23
4.98     21.07
5     30.15
5.02     45.13
5.04     63.24
5.06     75.58
5.08     81.25
5.1     99.07
5.12     134.7
5.14     154.9
5.16     130.2
5.18     74.96
5.2     23.85
5.22     -9.198
5.24     -33.39
5.26     -55.86
5.28     -56.27
5.3     -12.81
5.32     50.88
5.34     87.04
5.36     72.94
5.38     27.17
5.4     -10.66
5.42     -13.92
5.44     15.75
5.46     52.74
5.48     67.21
5.5     42.94
5.52     -14.7
5.54     -79.78
5.56     -125.8
5.58     -147
5.6     -152.2
5.62     -138.2
5.64     -96.8
5.66     -42.74
5.68     -2.725
5.7     10.4
5.72     -0.4285
5.74     -24.84
5.76     -46.07
5.78     -44.47
5.8     -16.1
5.82     16.27
5.84     24.15
5.86     0.9173
5.88     -37.59
5.9     -67.44
5.92     -71.45
5.94     -52.5
5.96     -27.93
5.98     0.4154
6     48.03
6.02     105.7
6.04     135.4
6.06     114.4
6.08     55.21
6.1     -5.175
6.12     -27.54
6.14     -5.292
6.16     27.49
6.18     36.25
6.2     17.61
6.22     -6.98
6.24     -16.3
6.26     -10.76
6.28     -1.902
6.3     14.82
6.32     52.14
6.34     102.6
6.36     140
6.38     141.4
6.4     102.9
6.42     44.3
6.44     -9.433
6.46     -47.53
6.48     -62.93
6.5     -47.27
6.52     -13.9
6.54     7.03
6.56     5.12
6.58     0.254
6.6     14.71
6.62     44.47
6.64     70.29
6.66     91.76
6.68     118.5
6.7     136.7
6.72     124.7
6.74     80.32
6.76     17.5
6.78     -42.6
6.8     -79.1
6.82     -86.44
6.84     -82.08
6.86     -86.38
6.88     -99.81
6.9     -105.4
6.92     -83.08
6.94     -35.2
6.96     6.577
6.98     18.32
7     9.482
7.02     1.559
7.04     -1.082
7.06     -10.93
7.08     -35.5
7.1     -64.25
7.12     -83.84
7.14     -94.2
7.16     -99.87
7.18     -101.5
7.2     -101
7.22     -98.69
7.24     -83.72
7.26     -50.14
7.28     -16.12
7.3     -4.879
7.32     -11.89
7.34     -12.77
7.36     -0.4999
7.38     6.122
7.4     -5.939
7.42     -22.3
7.44     -24.9
7.46     -19.23
7.48     -17.04
7.5     -7.877
7.52     25.17
7.54     71.1
7.56     99.41
7.58     101.6
7.6     96.55
7.62     94.56
7.64     81.95
7.66     49.64
7.68     21.38
7.7     27.41
7.72     56.06
7.74     66.22
7.76     44.15
7.78     16.63
7.8     13.65
7.82     45.09
7.84     105
7.86     168.7
7.88     200.6
7.9     189.4
7.92     160
7.94     135.8
7.96     107.8
7.98     56.54
8     -11.83
8.02     -71.58
8.04     -106.3
8.06     -121.3
8.08     -129.8
8.1     -134.2
8.12     -126.5
8.14     -104.3
8.16     -71.87
8.18     -30.62
8.2     9.944
8.22     36.57
8.24     45.35
8.26     39.88
8.28     22.89
8.3     -15.21
8.32     -86.72
8.34     -175.9
8.36     -239.9
8.38     -256.2
8.4     -241.3
8.42     -216.6
8.44     -189.2
8.46     -163.1
8.48     -143.9
8.5     -126.4
8.52     -93.87
8.54     -41.5
8.56     11.89
8.58     41.78
8.6     36.94
8.62     1.69
8.64     -51.61
8.66     -110.9
8.68     -165.2
8.7     -192.6
8.72     -173.1
8.74     -116.9
8.76     -54.38
8.78     -5.95
8.8     28.47
8.82     56.83
8.84     83.62
8.86     110.3
8.88     136.5
8.9     158.9
8.92     175.2
8.94     180
8.96     157.6
8.98     93.71
9     2.208
9.02     -63.19
9.04     -49.39
9.06     35.3
9.08     129.5
9.1     190.5
9.12     227.4
9.14     263.5
9.16     291.3
9.18     284.2
9.2     248.1
9.22     227.3
9.24     250.7
9.26     290.3
9.28     286.6
9.3     220.6
9.32     137.2
9.34     87.14
9.36     73.03
9.38     64.48
9.4     56.49
9.42     90.51
9.44     191.5
9.46     304.5
9.48     334.8
9.5     249.1
9.52     117.7
9.54     40.56
9.56     38.11
9.58     46.81
9.6     18.14
9.62     -25.93
9.64     -56.35
9.66     -102.6
9.68     -201.2
9.7     -314.1
9.72     -346.2
9.74     -252.5
9.76     -104.4
9.78     -7.54
9.8     15.77
9.82     21.57
9.84     45.43
9.86     42.61
9.88     -41.48
9.9     -166.2
9.92     -221.7
9.94     -162.6
9.96     -70.28
9.98     -57.1
10     -139.1
10.02     -228.9
10.04     -238.4
10.06     -160.2
10.08     -48.56
10.1     45.1
10.12     113.4
10.14     178.9
10.16     241.7
10.18     270.6
10.2     245.5
10.22     171.7
10.24     69.9
10.26     -21.91
10.28     -65.41
10.3     -51.93
10.32     5.516
10.34     85.06
10.36     156.9
10.38     196.3
10.4     190
10.42     146.6
10.44     104.7
10.46     106.5
10.48     171.1
10.5     293.8
10.52     432.6
10.54     509.2
10.56     465.2
10.58     299.8
10.6     75.56
10.62     -97.61
10.64     -137.4
10.66     -47.56
10.68     106.3
10.7     242
10.72     299.1
10.74     268.4
10.76     179.2
10.78     74.99
10.8     9.987
10.82     12.22
10.84     47.65
10.86     53.6
10.88     -12.43
10.9     -144.8
10.92     -297
10.94     -420
10.96     -485.5
10.98     -482.7
11     -401
11.02     -245.8
11.04     -73.32
11.06     45.17
11.08     86.95
11.1     73.41
11.12     33.99
11.14     -18.74
11.16     -101.4
11.18     -228
11.2     -361
11.22     -435.8
11.24     -421.8
11.26     -344.4
11.28     -263.9
11.3     -216.8
11.32     -182.9
11.34     -112.9
11.36     26.8
11.38     223.1
11.4     425.7
11.42     584.4
11.44     665
11.46     633.9
11.48     473
11.5     210.8
11.52     -89.26
11.54     -353.2
11.56     -520.2
11.58     -567.9
11.6     -518.8
11.62     -419
11.64     -318.5
11.66     -244.9
11.68     -172.4
11.7     -51.9
11.72     131.4
11.74     346.6
11.76     535.4
11.78     640.2
11.8     624.6
11.82     483.4
11.84     257.9
11.86     8.317
11.88     -231.1
11.9     -436.1
11.92     -549.2
11.94     -506
11.96     -310
11.98     -52.27
12     154.2
12.02     258.8
12.04     295
12.06     331.1
12.08     405.7
12.1     506.1
12.12     578
12.14     570.8
12.16     492.7
12.18     376.1
12.2     233.1
12.22     80.39
12.24     -56.1
12.26     -153.1
12.28     -196.4
12.3     -196.2
12.32     -168.4
12.34     -113.7
12.36     -49.73
12.38     -28.69
12.4     -86.89
12.42     -208
12.44     -346.5
12.46     -465.9
12.48     -550.2
12.5     -579.8
12.52     -522.2
12.54     -377.3
12.56     -197.7
12.58     -53.41
12.6     -3.347
12.62     -75.12
12.64     -228.3
12.66     -352.2
12.68     -352.7
12.7     -242.3
12.72     -131.4
12.74     -132.1
12.76     -263.7
12.78     -449.1
12.8     -585.3
12.82     -616.6
12.84     -541.2
12.86     -369.8
12.88     -127.5
12.9     113
12.92     249
12.94     222.9
12.96     66.61
12.98     -121.2
13     -226.1
13.02     -193.2
13.04     -86.74
13.06     -38.76
13.08     -112.5
13.1     -238.1
13.12     -300.1
13.14     -256.3
13.16     -146.8
13.18     -23.44
13.2     89.49
13.22     187.9
13.24     257.7
13.26     254.1
13.28     146.2
13.3     -12.72
13.32     -121.7
13.34     -137.5
13.36     -91.93
13.38     -52.54
13.4     -61.8
13.42     -81.44
13.44     -34.69
13.46     107.4
13.48     301
13.5     451.8
13.52     480.5
13.54     394.9
13.56     259.8
13.58     116.6
13.6     -31.73
13.62     -176.2
13.64     -264.4
13.66     -243
13.68     -148.1
13.7     -85.87
13.72     -105.9
13.74     -138.3
13.76     -83.33
13.78     63.84
13.8     225.8
13.82     350.5
13.84     440.9
13.86     490.3
13.88     449.2
13.9     275.7
13.92     15.66
13.94     -194.2
13.96     -228.1
13.98     -77.84
14     135.2
14.02     257
14.04     239.2
14.06     170.1
14.08     154.8
14.1     202.4
14.12     248.1
14.14     249.7
14.16     228.1
14.18     218.7
14.2     195.7
14.22     77.72
14.24     -168.1
14.26     -472.9
14.28     -724.9
14.3     -863.1
14.32     -910.5
14.34     -920.4
14.36     -914.7
14.38     -876
14.4     -792.8
14.42     -709.8
14.44     -690.7
14.46     -736.1
14.48     -773.3
14.5     -738.3
14.52     -657.9
14.54     -616.4
14.56     -656.9
14.58     -752.3
14.6     -857.5
14.62     -945.7
14.64     -983
14.66     -913.1
14.68     -695.8
14.7     -353.9
14.72     27.08
14.74     360.6
14.76     612.1
14.78     781.7
14.8     861.4
14.82     837
14.84     737.1
14.86     654.3
14.88     674.9
14.9     790.5
14.92     907
14.94     927.1
14.96     832.2
14.98     708.3
15     686.6
15.02     827.9
15.04     1060
15.06     1242
15.08     1293
15.1     1229
15.12     1073
15.14     795.2
15.16     383.5
15.18     -76.6
15.2     -441.6
15.22     -635.4
15.24     -692.9
15.26     -708.7
15.28     -768.7
15.3     -906.4
15.32     -1109
15.34     -1324
15.36     -1447
15.38     -1379
15.4     -1144
15.42     -912.6
15.44     -868.4
15.46     -1053
15.48     -1345
15.5     -1578
15.52     -1684
15.54     -1703
15.56     -1692
15.58     -1651
15.6     -1561
15.62     -1427
15.64     -1295
15.66     -1198
15.68     -1078
15.7     -814.3
15.72     -354.8
15.74     188.4
15.76     609
15.78     783.3
15.8     768.1
15.82     712.2
15.84     711.2
15.86     765.3
15.88     835.6
15.9     916.8
15.92     1038
15.94     1184
15.96     1284
15.98     1301
16     1289
16.02     1347
16.04     1514
16.06     1726
16.08     1870
16.1     1881
16.12     1769
16.14     1561
16.16     1277
16.18     962.3
16.2     679.6
16.22     467.9
16.24     318.1
16.26     208.8
16.28     126.9
16.3     46.37
16.32     -62.01
16.34     -202.3
16.36     -352.9
16.38     -491.1
16.4     -613.7
16.42     -728.5
16.44     -840
16.46     -960.2
16.48     -1107
16.5     -1270
16.52     -1391
16.54     -1413
16.56     -1329
16.58     -1174
16.6     -968
16.62     -711.1
16.64     -427.7
16.66     -177
16.68     -7.67
16.7     87.67
16.72     157.9
16.74     219.5
16.76     236.2
16.78     203.9
16.8     199.1
16.82     296.2
16.84     471.7
16.86     633.5
16.88     734.1
16.9     827.2
16.92     991.4
16.94     1211
16.96     1385
16.98     1439
17     1386
17.02     1279
17.04     1129
17.06     898.5
17.08     589.8
17.1     276.9
17.12     35.92
17.14     -122.8
17.16     -241.4
17.18     -357.4
17.2     -466.6
17.22     -550
17.24     -620.9
17.26     -701.8
17.28     -782.6
17.3     -833.5
17.32     -855.1
17.34     -892.1
17.36     -988.5
17.38     -1142
17.4     -1281
17.42     -1291
17.44     -1115
17.46     -812.1
17.48     -507.6
17.5     -283.3
17.52     -114.6
17.54     65.42
17.56     263.1
17.58     413
17.6     471.5
17.62     486.7
17.64     539.9
17.66     650.3
17.68     751.6
17.7     767.5
17.72     712.3
17.74     681.8
17.76     763
17.78     973.9
17.8     1263
17.82     1553
17.84     1789
17.86     1935
17.88     1966
17.9     1879
17.92     1708
17.94     1498
17.96     1278
17.98     1064
18     877.5
18.02     743.4
18.04     642.8
18.06     515.1
18.08     327.3
18.1     129.2
18.12     28.41
18.14     86.46
18.16     242.8
18.18     383.7
18.2     447.4
18.22     411.4
18.24     235.9
18.26     -99.76
18.28     -526.9
18.3     -902.4
18.32     -1099
18.34     -1089
18.36     -958.7
18.38     -830.4
18.4     -787.6
18.42     -837.9
18.44     -918.3
18.46     -938.2
18.48     -848.8
18.5     -681.4
18.52     -509.6
18.54     -373.8
18.56     -264.5
18.58     -186
18.6     -182.3
18.62     -274
18.64     -406.4
18.66     -458.2
18.68     -329.8
18.7     -43.86
18.72     274.6
18.74     505.6
18.76     603.4
18.78     607.9
18.8     601.7
18.82     637.8
18.84     713.6
18.86     805.9
18.88     901
18.9     997.8
18.92     1092
18.94     1160
18.96     1172
18.98     1121
19     1033
19.02     955.6
19.04     935.8
19.06     1001
19.08     1127
19.1     1234
19.12     1262
19.14     1216
19.16     1161
19.18     1138
19.2     1112
19.22     1030
19.24     903.2
19.26     792.7
19.28     709.5
19.3     615.3
19.32     495.9
19.34     378.6
19.36     292.3
19.38     246.4
19.4     234.6
19.42     241.5
19.44     235.1
19.46     171.9
19.48     24.81
19.5     -185.3
19.52     -390.5
19.54     -537.8
19.56     -635.5
19.58     -737.1
19.6     -884.7
19.62     -1053
19.64     -1172
19.66     -1207
19.68     -1186
19.7     -1155
19.72     -1124
19.74     -1072
19.76     -1009
19.78     -998.8
19.8     -1097
19.82     -1263
19.84     -1357
19.86     -1274
19.88     -1047
19.9     -802.3
19.92     -628.7
19.94     -522
19.96     -428.1
19.98     -320.4
20     -208.3
20.02     -92.65
20.04     26.98
20.06     124.5
20.08     177.7
20.1     219.4
20.12     316.1
20.14     498.1
20.16     738
20.18     990.4
20.2     1240
20.22     1486
20.24     1705
20.26     1848
20.28     1897
20.3     1895
20.32     1890
20.34     1881
20.36     1841
20.38     1762
20.4     1660
20.42     1553
20.44     1452
20.46     1359
20.48     1286
20.5     1240
20.52     1185
20.54     1040
20.56     762.8
20.58     403.1
20.6     52.03
20.62     -252.6
20.64     -539.1
20.66     -842.9
20.68     -1162
20.7     -1452
20.72     -1659
20.74     -1767
20.76     -1798
20.78     -1816
20.8     -1885
20.82     -2024
20.84     -2187
20.86     -2320
20.88     -2414
20.9     -2467
20.92     -2432
20.94     -2242
20.96     -1885
20.98     -1439
21     -1003
21.02     -618
21.04     -251.1
21.06     165.2
21.08     682.4
21.1     1295
21.12     1921
21.14     2426
21.16     2712
21.18     2790
21.2     2766
21.22     2745
21.24     2775
21.26     2865
21.28     3029
21.3     3278
21.32     3556
21.34     3722
21.36     3659
21.38     3370
21.4     3000
21.42     2758
21.44     2726
21.46     2760
21.48     2602
21.5     2094
21.52     1293
21.54     376.5
21.56     -537.4
21.58     -1421
21.6     -2231
21.62     -2859
21.64     -3221
21.66     -3396
21.68     -3603
21.7     -4000
21.72     -4501
21.74     -4877
21.76     -5000
21.78     -4948
21.8     -4902
21.82     -4988
21.84     -5221
21.86     -5563
21.88     -5967
21.9     -6360
21.92     -6611
21.94     -6548
21.96     -6067
21.98     -5236
22     -4261
22.02     -3330
22.04     -2491
22.06     -1674
22.08     -812.5
22.1     48.77
22.12     767.4
22.14     1248
22.16     1529
22.18     1722
22.2     1888
22.22     2025
22.24     2129
22.26     2274
22.28     2605
22.3     3204
22.32     4009
22.34     4847
22.36     5571
22.38     6111
22.4     6447
22.42     6578
22.44     6490
22.46     6159
22.48     5595
22.5     4859
22.52     4035
22.54     3177
22.56     2311
22.58     1472
22.6     709.2
22.62     85.46
22.64     -370.8
22.66     -685.5
22.68     -901.1
22.7     -1067
22.72     -1269
22.74     -1624
22.76     -2201
22.78     -2939
22.8     -3674
22.82     -4276
22.84     -4769
22.86     -5282
22.88     -5858
22.9     -6376
22.92     -6673
22.94     -6682
22.96     -6450
22.98     -6059
23     -5543
23.02     -4878
23.04     -4077
23.06     -3252
23.08     -2562
23.1     -2078
23.12     -1718
23.14     -1304
23.16     -745
23.18     -125.8
23.2     430.2
23.22     937.4
23.24     1517
23.26     2211
23.28     2911
23.3     3500
23.32     3973
23.34     4407
23.36     4833
23.38     5157
23.4     5245
23.42     5082
23.44     4777
23.46     4411
23.48     3963
23.5     3401
23.52     2790
23.54     2269
23.56     1910
23.58     1608
23.6     1171
23.62     503.9
23.64     -328.6
23.66     -1204
23.68     -2059
23.7     -2914
23.72     -3799
23.74     -4674
23.76     -5438
23.78     -6021
23.8     -6450
23.82     -6793
23.84     -7048
23.86     -7128
23.88     -6959
23.9     -6579
23.92     -6135
23.94     -5768
23.96     -5508
23.98     -5284
24     -5034
24.02     -4759
24.04     -4480
24.06     -4162
24.08     -3711
24.1     -3046
24.12     -2164
24.14     -1126
24.16     -15.04
24.18     1106
24.2     2218
24.22     3318
24.24     4366
24.26     5281
24.28     5997
24.3     6506
24.32     6847
24.34     7052
24.36     7107
24.38     6983
24.4     6707
24.42     6387
24.44     6135
24.46     6003
24.48     5965
24.5     5952
24.52     5888
24.54     5717
24.56     5411
24.58     4964
24.6     4395
24.62     3714
24.64     2916
24.66     2006
24.68     1008
24.7     -44.63
24.72     -1116
24.74     -2159
24.76     -3104
24.78     -3876
24.8     -4418
24.82     -4725
24.84     -4836
24.86     -4821
24.88     -4757
24.9     -4716
24.92     -4728
24.94     -4760
24.96     -4740
24.98     -4633
25     -4471
25.02     -4311
25.04     -4172
25.06     -4001
25.08     -3731
25.1     -3332
25.12     -2818
25.14     -2206
25.16     -1502
25.18     -706.5
25.2     164.4
25.22     1062
25.24     1907
25.26     2628
25.28     3201
25.3     3648
25.32     4028
25.34     4377
25.36     4648
25.38     4750
25.4     4672
25.42     4507
25.44     4348
25.46     4217
25.48     4078
25.5     3917
25.52     3787
25.54     3751
25.56     3782
25.58     3737
25.6     3470
25.62     2965
25.64     2333
25.66     1684
25.68     1044
25.7     380.4
25.72     -321.1
25.74     -1030
25.76     -1701
25.78     -2298
25.8     -2796
25.82     -3156
25.84     -3330
25.86     -3286
25.88     -3053
25.9     -2735
25.92     -2465
25.94     -2344
25.96     -2390
25.98     -2527
26     -2621
26.02     -2564
26.04     -2347
26.06     -2050
26.08     -1739
26.1     -1420
26.12     -1061
26.14     -635.9
26.16     -128.4
26.18     465.5
26.2     1138
26.22     1864
26.24     2584
26.26     3187
26.28     3575
26.3     3733
26.32     3751
26.34     3759
26.36     3839
26.38     3961
26.4     4027
26.42     3984
26.44     3858
26.46     3726
26.48     3633
26.5     3537
26.52     3361
26.54     3083
26.56     2727
26.58     2305
26.6     1803
26.62     1220
26.64     586.2
26.66     -49.69
26.68     -640.2
26.7     -1147
26.72     -1555
26.74     -1904
26.76     -2262
26.78     -2643
26.8     -2988
26.82     -3249
26.84     -3439
26.86     -3596
26.88     -3715
26.9     -3767
26.92     -3773
26.94     -3810
26.96     -3895
26.98     -3884
27     -3599
27.02     -3012
27.04     -2254
27.06     -1476
27.08     -739.2
27.1     -37.62
27.12     637.5
27.14     1269
27.16     1837
27.18     2340
27.2     2773
27.22     3125
27.24     3406
27.26     3639
27.28     3826
27.3     3958
27.32     4061
27.34     4189
27.36     4368
27.38     4550
27.4     4627
27.42     4497
27.44     4133
27.46     3595
27.48     2969
27.5     2293
27.52     1552
27.54     730.4
27.56     -146.8
27.58     -1010
27.6     -1793
27.62     -2476
27.64     -3058
27.66     -3506
27.68     -3758
27.7     -3804
27.72     -3733
27.74     -3692
27.76     -3788
27.78     -4013
27.8     -4255
27.82     -4390
27.84     -4370
27.86     -4214
27.88     -3950
27.9     -3604
27.92     -3195
27.94     -2722
27.96     -2170
27.98     -1512
28     -736
28.02     139.8
28.04     1073
28.06     1996
28.08     2818
28.1     3428
28.12     3758
28.14     3853
28.16     3870
28.18     3973
28.2     4196
28.22     4422
28.24     4517
28.26     4461
28.28     4340
28.3     4228
28.32     4118
28.34     3948
28.36     3681
28.38     3350
28.4     3015
28.42     2668
28.44     2217
28.46     1572
28.48     754.7
28.5     -73.38
28.52     -727.2
28.54     -1160
28.56     -1495
28.58     -1875
28.6     -2322
28.62     -2748
28.64     -3087
28.66     -3364
28.68     -3639
28.7     -3922
28.72     -4151
28.74     -4260
28.76     -4256
28.78     -4206
28.8     -4145
28.82     -4039
28.84     -3835
28.86     -3522
28.88     -3131
28.9     -2693
28.92     -2225
28.94     -1749
28.96     -1286
28.98     -838.5
29     -386.7
29.02     73.99
29.04     506.3
29.06     866.9
29.08     1169
29.1     1475
29.12     1837
29.14     2263
29.16     2735
29.18     3224
29.2     3688
29.22     4046
29.24     4209
29.26     4157
29.28     3959
29.3     3721
29.32     3481
29.34     3183
29.36     2753
29.38     2184
29.4     1541
29.42     927
29.44     428
29.46     74.91
29.48     -163.2
29.5     -350.9
29.52     -553.7
29.54     -822.9
29.56     -1196
29.58     -1682
29.6     -2256
29.62     -2875
29.64     -3503
29.66     -4115
29.68     -4705
29.7     -5260
29.72     -5729
29.74     -6049
29.76     -6181
29.78     -6107
29.8     -5827
29.82     -5377
29.84     -4819
29.86     -4236
29.88     -3721
29.9     -3336
29.92     -3080
29.94     -2898
29.96     -2722
29.98     -2504
30     -2225
30.02     -1881
30.04     -1461
30.06     -939.7
30.08     -313
30.1     382.9
30.12     1093
30.14     1775
30.16     2405
30.18     2972
30.2     3466
30.22     3866
30.24     4118
30.26     4180
30.28     4073
30.3     3878
30.32     3688
30.34     3551
30.36     3456
30.38     3356
30.4     3208
30.42     2995
30.44     2713
30.46     2344
30.48     1861
30.5     1265
30.52     605.5
30.54     -44.24
30.56     -647.2
30.58     -1237
30.6     -1889
30.62     -2628
30.64     -3389
30.66     -4062
30.68     -4570
30.7     -4899
30.72     -5104
30.74     -5267
30.76     -5454
30.78     -5682
30.8     -5925
30.82     -6120
30.84     -6204
30.86     -6155
30.88     -5988
30.9     -5704
30.92     -5293
30.94     -4782
30.96     -4232
30.98     -3668
31     -3028
31.02     -2230
31.04     -1270
31.06     -274.9
31.08     589
31.1     1249
31.12     1781
31.14     2325
31.16     2971
31.18     3726
31.2     4547
31.22     5373
31.24     6107
31.26     6634
31.28     6919
31.3     7033
31.32     7099
31.34     7208
31.36     7345
31.38     7395
31.4     7221
31.42     6770
31.44     6097
31.46     5326
31.48     4599
31.5     4015
31.52     3574
31.54     3193
31.56     2774
31.58     2231
31.6     1513
31.62     650.7
31.64     -231
31.66     -986.8
31.68     -1532
31.7     -1884
31.72     -2181
31.74     -2638
31.76     -3373
31.78     -4257
31.8     -4998
31.82     -5361
31.84     -5323
31.86     -5045
31.88     -4709
31.9     -4394
31.92     -4076
31.94     -3711
31.96     -3286
31.98     -2803
32     -2254
32.02     -1636
32.04     -992.1
32.06     -428
32.08     -42.24
32.1     153.2
32.12     260.9
32.14     450.2
32.16     865.1
32.18     1552
32.2     2433
32.22     3344
32.24     4125
32.26     4705
32.28     5107
32.3     5399
32.32     5615
32.34     5710
32.36     5605
32.38     5260
32.4     4703
32.42     4016
32.44     3302
32.46     2635
32.48     2065
32.5     1651
32.52     1446
32.54     1432
32.56     1464
32.58     1360
32.6     1046
32.62     587.7
32.64     81.26
32.66     -440.2
32.68     -995.6
32.7     -1596
32.72     -2238
32.74     -2916
32.76     -3592
32.78     -4155
32.8     -4448
32.82     -4389
32.84     -4042
32.86     -3532
32.88     -2928
32.9     -2254
32.92     -1571
32.94     -969.5
32.96     -501.5
32.98     -152.1
33     135.4
33.02     390.8
33.04     579
33.06     658.6
33.08     657.9
33.1     674.8
33.12     805
33.14     1080
33.16     1473
33.18     1927
33.2     2381
33.22     2785
33.24     3103
33.26     3317
33.28     3416
33.3     3358
33.32     3107
33.34     2685
33.36     2179
33.38     1695
33.4     1272
33.42     844.6
33.44     317.7
33.46     -302.8
33.48     -881.1
33.5     -1254
33.52     -1388
33.54     -1428
33.56     -1552
33.58     -1785
33.6     -2003
33.62     -2147
33.64     -2330
33.66     -2689
33.68     -3165
33.7     -3528
33.72     -3622
33.74     -3541
33.76     -3510
33.78     -3627
33.8     -3746
33.82     -3640
33.84     -3229
33.86     -2634
33.88     -2047
33.9     -1562
33.92     -1161
33.94     -797.3
33.96     -472.6
33.98     -224.8
34     -68.01
34.02     47.94
34.04     194.5
34.06     395.6
34.08     608.3
34.1     770.1
34.12     874.8
34.14     992.5
34.16     1202
34.18     1514
34.2     1871
34.22     2185
34.24     2377
34.26     2390
34.28     2186
34.3     1784
34.32     1274
34.34     779
34.36     378.1
34.38     90.67
34.4     -101.2
34.42     -238.3
34.44     -376.2
34.46     -564
34.48     -813.3
34.5     -1074
34.52     -1269
34.54     -1366
34.56     -1421
34.58     -1534
34.6     -1760
34.62     -2072
34.64     -2382
34.66     -2606
34.68     -2691
34.7     -2601
34.72     -2319
34.74     -1872
34.76     -1352
34.78     -895.8
34.8     -600.6
34.82     -450.3
34.84     -339.6
34.86     -171.4
34.88     81.43
34.9     390.4
34.92     719.6
34.94     1059
34.96     1425
34.98     1849
35     2347
35.02     2891
35.04     3419
35.06     3873
35.08     4239
35.1     4531
35.12     4732
35.14     4764
35.16     4560
35.18     4145
35.2     3657
35.22     3255
35.24     3005
35.26     2844
35.28     2683
35.3     2500
35.32     2315
35.34     2122
35.36     1870
35.38     1506
35.4     1031
35.42     474.8
35.44     -158.3
35.46     -890
35.48     -1727
35.5     -2636
35.52     -3549
35.54     -4383
35.56     -5029
35.58     -5362
35.6     -5335
35.62     -5035
35.64     -4638
35.66     -4291
35.68     -4032
35.7     -3804
35.72     -3539
35.74     -3216
35.76     -2859
35.78     -2508
35.8     -2188
35.82     -1899
35.84     -1628
35.86     -1332
35.88     -932.5
35.9     -367.7
35.92     361.4
35.94     1205
35.96     2105
35.98     3009
36     3841
36.02     4505
36.04     4919
36.06     5091
36.08     5128
36.1     5126
36.12     5074
36.14     4878
36.16     4484
36.18     3925
36.2     3296
36.22     2681
36.24     2115
36.26     1612
36.28     1198
36.3     874.8
36.32     569.1
36.34     136.2
36.36     -555.1
36.38     -1506
36.4     -2575
36.42     -3584
36.44     -4427
36.46     -5115
36.48     -5723
36.5     -6317
36.52     -6895
36.54     -7400
36.56     -7747
36.58     -7869
36.6     -7747
36.62     -7415
36.64     -6953
36.66     -6454
36.68     -5991
36.7     -5574
36.72     -5160
36.74     -4696
36.76     -4153
36.78     -3543
36.8     -2889
36.82     -2206
36.84     -1494
36.86     -745.1
36.88     27.42
36.9     804.2
36.92     1608
36.94     2496
36.96     3474
36.98     4460
37     5326
37.02     5984
37.04     6444
37.06     6776
37.08     7012
37.1     7104
37.12     6979
37.14     6634
37.16     6168
37.18     5699
37.2     5283
37.22     4901
37.24     4525
37.26     4163
37.28     3857
37.3     3612
37.32     3337
37.34     2890
37.36     2214
37.38     1386
37.4     531.1
37.42     -282.1
37.44     -1056
37.46     -1812
37.48     -2529
37.5     -3141
37.52     -3590
37.54     -3865
37.56     -3977
37.58     -3928
37.6     -3717
37.62     -3375
37.64     -2983
37.66     -2651
37.68     -2466
37.7     -2434
37.72     -2466
37.74     -2443
37.76     -2289
37.78     -1993
37.8     -1571
37.82     -1030
37.84     -365.7
37.86     414.2
37.88     1267
37.9     2130
37.92     2941
37.94     3655
37.96     4241
37.98     4660
38     4856
38.02     4831
38.04     4673
38.06     4495
38.08     4349
38.1     4223
38.12     4093
38.14     3975
38.16     3901
38.18     3880
38.2     3859
38.22     3751
38.24     3487
38.26     3080
38.28     2575
38.3     1967
38.32     1187
38.34     227.9
38.36     -765.9
38.38     -1587
38.4     -2150
38.42     -2576
38.44     -3052
38.46     -3613
38.48     -4113
38.5     -4394
38.52     -4462
38.54     -4486
38.56     -4620
38.58     -4844
38.6     -4984
38.62     -4888
38.64     -4591
38.66     -4286
38.68     -4113
38.7     -3990
38.72     -3698
38.74     -3125
38.76     -2388
38.78     -1684
38.8     -1062
38.82     -399.7
38.84     392.5
38.86     1232
38.88     1964
38.9     2537
38.92     3043
38.94     3609
38.96     4259
38.98     4892
39     5380
39.02     5685
39.04     5865
39.06     5992
39.08     6097
39.1     6176
39.12     6201
39.14     6138
39.16     5970
39.18     5701
39.2     5339
39.22     4895
39.24     4382
39.26     3816
39.28     3227
39.3     2654
39.32     2090
39.34     1484
39.36     791.3
39.38     33.82
39.4     -718.1
39.42     -1401
39.44     -2000
39.46     -2554
39.48     -3117
39.5     -3704
39.52     -4280
39.54     -4782
39.56     -5148
39.58     -5346
39.6     -5386
39.62     -5312
39.64     -5171
39.66     -5006
39.68     -4845
39.7     -4681
39.72     -4469
39.74     -4166
39.76     -3785
39.78     -3380
39.8     -2994
39.82     -2640
39.84     -2315
39.86     -1998
39.88     -1641
39.9     -1199
39.92     -670.7
39.94     -114.9
39.96     394.4
39.98     823.5
40     1197
40.02     1554
40.04     1898
40.06     2191
40.08     2381
40.1     2447
40.12     2396
40.14     2245
40.16     2017
40.18     1755
40.2     1532
40.22     1420
40.24     1422
40.26     1441
40.28     1349
40.3     1110
40.32     806.9
40.34     548
40.36     361.2
40.38     180.5
40.4     -79.57
40.42     -431.9
40.44     -821.9
40.46     -1214
40.48     -1621
40.5     -2018
40.52     -2281
40.54     -2272
40.56     -1985
40.58     -1589
40.6     -1294
40.62     -1178
40.64     -1155
40.66     -1114
40.68     -1041
40.7     -1002
40.72     -1037
40.74     -1110
40.76     -1171
40.78     -1234
40.8     -1356
40.82     -1533
40.84     -1640
40.86     -1516
40.88     -1122
40.9     -588.6
40.92     -109.6
40.94     210.9
40.96     388.9
40.98     485.5
41     528.9
41.02     496.4
41.04     347.8
41.06     80.19
41.08     -257
41.1     -607.5
41.12     -942.3
41.14     -1247
41.16     -1499
41.18     -1658
41.2     -1684
41.22     -1568
41.24     -1370
41.26     -1192
41.28     -1092
41.3     -1051
41.32     -1034
41.34     -1039
41.36     -1099
41.38     -1239
41.4     -1450
41.42     -1690
41.44     -1905
41.46     -2050
41.48     -2105
41.5     -2070
41.52     -1959
41.54     -1781
41.56     -1544
41.58     -1277
41.6     -1037
41.62     -850.2
41.64     -675
41.66     -459.9
41.68     -224.8
41.7     -57.9
41.72     -34.72
41.74     -141.3
41.76     -278.6
41.78     -346.4
41.8     -317.4
41.82     -230.6
41.84     -125.2
41.86     0.1479
41.88     163.9
41.9     364.5
41.92     571.7
41.94     737.6
41.96     823.5
41.98     833.5
42     806.2
42.02     765
42.04     691.2
42.06     557.4
42.08     376.4
42.1     211.6
42.12     129.9
42.14     143.6
42.16     214.5
42.18     309
42.2     422.4
42.22     545.5
42.24     630.2
42.26     617.2
42.28     503.3
42.3     352.5
42.32     226.4
42.34     127.7
42.36     26.02
42.38     -76.44
42.4     -127.2
42.42     -72.36
42.44     92.59
42.46     317.5
42.48     536.4
42.5     717.8
42.52     874.9
42.54     1019
42.56     1108
42.58     1080
42.6     927
42.62     733.9
42.64     624.1
42.66     667.8
42.68     830.2
42.7     1004
42.72     1107
42.74     1166
42.76     1283
42.78     1519
42.8     1813
42.82     2025
42.84     2049
42.86     1904
42.88     1705
42.9     1526
42.92     1335
42.94     1064
42.96     735.6
42.98     469.9
43     365.2
43.02     379.7
43.04     386.4
43.06     338.4
43.08     306.3
43.1     358.2
43.12     469.5
43.14     550.4
43.16     523.7
43.18     380.3
43.2     171
43.22     -52.69
43.24     -278.2
43.26     -504.9
43.28     -708.5
43.3     -855.2
43.32     -923.7
43.34     -899.6
43.36     -774.3
43.38     -559
43.4     -284.5
43.42     4.271
43.44     263.3
43.46     469.1
43.48     623.6
43.5     742
43.52     838
43.54     919.9
43.56     994.3
43.58     1068
43.6     1147
43.62     1232
43.64     1317
43.66     1385
43.68     1427
43.7     1469
43.72     1556
43.74     1693
43.76     1836
43.78     1934
43.8     1963
43.82     1938
43.84     1896
43.86     1868
43.88     1847
43.9     1795
43.92     1670
43.94     1469
43.96     1232
43.98     1006
44     808.4
44.02     618.6
44.04     402.3
44.06     147.8
44.08     -109.5
44.1     -318.1
44.12     -452.7
44.14     -525.5
44.16     -575.1
44.18     -635.5
44.2     -715.1
44.22     -811.7
44.24     -936.2
44.26     -1110
44.28     -1334
44.3     -1563
44.32     -1719
44.34     -1750
44.36     -1679
44.38     -1565
44.4     -1437
44.42     -1272
44.44     -1052
44.46     -807.8
44.48     -593.2
44.5     -403.2
44.52     -172.8
44.54     134.6
44.56     458.9
44.58     678.1
44.6     724
44.62     668.4
44.64     679.8
44.66     870
44.68     1195
44.7     1529
44.72     1817
44.74     2094
44.76     2378
44.78     2605
44.8     2702
44.82     2686
44.84     2647
44.86     2643
44.88     2646
44.9     2590
44.92     2436
44.94     2203
44.96     1953
44.98     1759
45     1656
45.02     1624
45.04     1584
45.06     1442
45.08     1141
45.1     712.1
45.12     266.8
45.14     -75.27
45.16     -291.3
45.18     -464.6
45.2     -694
45.22     -992.3
45.24     -1271
45.26     -1434
45.28     -1473
45.3     -1454
45.32     -1415
45.34     -1345
45.36     -1254
45.38     -1217
45.4     -1316
45.42     -1548
45.44     -1789
45.46     -1897
45.48     -1833
45.5     -1655
45.52     -1430
45.54     -1198
45.56     -977.5
45.58     -763
45.6     -517.4
45.62     -208
45.64     153
45.66     512.7
45.68     803.1
45.7     968.3
45.72     993.8
45.74     907.2
45.76     752.7
45.78     575
45.8     421.9
45.82     333.8
45.84     316.8
45.86     335
45.88     331
45.9     262
45.92     127.1
45.94     -44.38
45.96     -231.4
45.98     -446.4
46     -716.8
46.02     -1051
46.04     -1433
46.06     -1842
46.08     -2269
46.1     -2703
46.12     -3112
46.14     -3438
46.16     -3632
46.18     -3679
46.2     -3606
46.22     -3473
46.24     -3351
46.26     -3290
46.28     -3286
46.3     -3287
46.32     -3238
46.34     -3123
46.36     -2970
46.38     -2819
46.4     -2684
46.42     -2536
46.44     -2333
46.46     -2056
46.48     -1710
46.5     -1313
46.52     -873.7
46.54     -404.7
46.56     61.17
46.58     467.3
46.6     761.9
46.62     935
46.64     1024
46.66     1080
46.68     1119
46.7     1112
46.72     1025
46.74     863
46.76     674
46.78     511
46.8     392.6
46.82     293.4
46.84     171.7
46.86     11.41
46.88     -165.8
46.9     -334.4
46.92     -504.5
46.94     -718.3
46.96     -1007
46.98     -1357
47     -1720
47.02     -2060
47.04     -2371
47.06     -2653
47.08     -2891
47.1     -3056
47.12     -3127
47.14     -3114
47.16     -3065
47.18     -3028
47.2     -3004
47.22     -2948
47.24     -2821
47.26     -2637
47.28     -2449
47.3     -2293
47.32     -2149
47.34     -1955
47.36     -1672
47.38     -1316
47.4     -936.4
47.42     -572.4
47.44     -217.3
47.46     153
47.48     530.3
47.5     866.3
47.52     1121
47.54     1309
47.56     1483
47.58     1668
47.6     1833
47.62     1925
47.64     1933
47.66     1903
47.68     1891
47.7     1909
47.72     1918
47.74     1870
47.76     1745
47.78     1551
47.8     1307
47.82     1031
47.84     740.2
47.86     449.5
47.88     169.9
47.9     -87.13
47.92     -315.3
47.94     -524.4
47.96     -737.7
47.98     -973.5
48     -1220
48.02     -1436
48.04     -1582
48.06     -1650
48.08     -1664
48.1     -1646
48.12     -1598
48.14     -1504
48.16     -1344
48.18     -1119
48.2     -850
48.22     -570.6
48.24     -299.3
48.26     -31.7
48.28     243.8
48.3     522.6
48.32     784.5
48.34     1016
48.36     1229
48.38     1464
48.4     1760
48.42     2125
48.44     2539
48.46     2969
48.48     3389
48.5     3775
48.52     4088
48.54     4285
48.56     4346
48.58     4290
48.6     4162
48.62     3999
48.64     3797
48.66     3538
48.68     3224
48.7     2890
48.72     2594
48.74     2385
48.76     2278
48.78     2248
48.8     2228
48.82     2140
48.84     1928
48.86     1588
48.88     1153
48.9     653.6
48.92     108.7
48.94     -464.8
48.96     -1029
48.98     -1532
49     -1940
49.02     -2257
49.04     -2498
49.06     -2653
49.08     -2682
49.1     -2566
49.12     -2343
49.14     -2094
49.16     -1892
49.18     -1762
49.2     -1688
49.22     -1643
49.24     -1609
49.26     -1563
49.28     -1481
49.3     -1346
49.32     -1142
49.34     -845.8
49.36     -444.4
49.38     51.7
49.4     616
49.42     1226
49.44     1865
49.46     2500
49.48     3072
49.5     3512
49.52     3785
49.54     3917
49.56     3977
49.58     4013
49.6     4035
49.62     4032
49.64     4016
49.66     4022
49.68     4074
49.7     4154
49.72     4214
49.74     4209
49.76     4129
49.78     3991
49.8     3810
49.82     3574
49.84     3253
49.86     2825
49.88     2306
49.9     1746
49.92     1211
49.94     752.1
49.96     385
49.98     95.32
50     -142.3
50.02     -343.7
50.04     -513.9
50.06     -655.7
50.08     -778.7
50.1     -896.9
50.12     -1014
50.14     -1115
50.16     -1182
50.18     -1214
50.2     -1229
50.22     -1241
50.24     -1236
50.26     -1173
50.28     -1012
50.3     -747.4
50.32     -414.6
50.34     -70.96
50.36     237.1
50.38     495.6
50.4     722.2
50.42     952.1
50.44     1217
50.46     1520
50.48     1827
50.5     2090
50.52     2279
50.54     2390
50.56     2444
50.58     2467
50.6     2484
50.62     2509
50.64     2547
50.66     2575
50.68     2555
50.7     2446
50.72     2234
50.74     1944
50.76     1626
50.78     1324
50.8     1049
50.82     780.1
50.84     483.2
50.86     126.7
50.88     -308.3
50.9     -812.6
50.92     -1349
50.94     -1869
50.96     -2330
50.98     -2708
51     -2988
51.02     -3178
51.04     -3307
51.06     -3411
51.08     -3516
51.1     -3626
51.12     -3724
51.14     -3790
51.16     -3818
51.18     -3825
51.2     -3841
51.22     -3886
51.24     -3955
51.26     -4020
51.28     -4042
51.3     -3977
51.32     -3779
51.34     -3420
51.36     -2913
51.38     -2325
51.4     -1744
51.42     -1245
51.44     -859.3
51.46     -585.2
51.48     -398.7
51.5     -267.4
51.52     -162.7
51.54     -74.14
51.56     -12.18
51.58     11.82
51.6     11.35
51.62     28.33
51.64     110.3
51.66     282
51.68     530.3
51.7     808.8
51.72     1056
51.74     1219
51.76     1258
51.78     1157
51.8     921.9
51.82     590.6
51.84     224
51.86     -119.9
51.88     -417.1
51.9     -683
51.92     -944.5
51.94     -1205
51.96     -1438
51.98     -1609
52     -1707
52.02     -1753
52.04     -1788
52.06     -1852
52.08     -1975
52.1     -2166
52.12     -2410
52.14     -2676
52.16     -2927
52.18     -3119
52.2     -3215
52.22     -3197
52.24     -3075
52.26     -2884
52.28     -2672
52.3     -2462
52.32     -2243
52.34     -1989
52.36     -1712
52.38     -1456
52.4     -1260
52.42     -1126
52.44     -1019
52.46     -902.4
52.48     -769.1
52.5     -629.4
52.52     -477.2
52.54     -278.8
52.56     -7.16
52.58     319.2
52.6     639.7
52.62     895.4
52.64     1067
52.66     1170
52.68     1214
52.7     1185
52.72     1068
52.74     879
52.76     657
52.78     438.5
52.8     237.4
52.82     49.75
52.84     -126.3
52.86     -277.9
52.88     -388.9
52.9     -461.5
52.92     -522.3
52.94     -606.3
52.96     -736.3
52.98     -914.2
53     -1125
53.02     -1349
53.04     -1571
53.06     -1783
53.08     -1972
53.1     -2124
53.12     -2222
53.14     -2247
53.16     -2190
53.18     -2062
53.2     -1888
53.22     -1694
53.24     -1496
53.26     -1302
53.28     -1122
53.3     -962.9
53.32     -826.5
53.34     -696.1
53.36     -542.1
53.38     -339.4
53.4     -87.78
53.42     186.5
53.44     449
53.46     679.6
53.48     890
53.5     1113
53.52     1370
53.54     1647
53.56     1904
53.58     2102
53.6     2224
53.62     2278
53.64     2276
53.66     2224
53.68     2123
53.7     1991
53.72     1861
53.74     1754
53.76     1656
53.78     1519
53.8     1312
53.82     1060
53.84     829.6
53.86     671.4
53.88     574
53.9     484.6
53.92     361.9
53.94     205.2
53.96     35.14
53.98     -141.7
54     -337.1
54.02     -553.9
54.04     -767.1
54.06     -939.7
54.08     -1055
54.1     -1127
54.12     -1171
54.14     -1189
54.16     -1162
54.18     -1067
54.2     -896.2
54.22     -660.6
54.24     -383.9
54.26     -93.14
54.28     188.4
54.3     446.8
54.32     677.6
54.34     879.4
54.36     1054
54.38     1215
54.4     1383
54.42     1577
54.44     1799
54.46     2040
54.48     2285
54.5     2524
54.52     2752
54.54     2958
54.56     3126
54.58     3246
54.6     3308
54.62     3304
54.64     3227
54.66     3077
54.68     2877
54.7     2662
54.72     2460
54.74     2278
54.76     2114
54.78     1958
54.8     1803
54.82     1641
54.84     1467
54.86     1276
54.88     1061
54.9     814
54.92     533.2
54.94     226.5
54.96     -87.81
54.98     -387.4
55     -652.4
55.02     -866.9
55.04     -1016
55.06     -1086
55.08     -1074
55.1     -995.7
55.12     -875
55.14     -731.1
55.16     -570.2
55.18     -392
55.2     -201.1
55.22     -11.74
55.24     159.6
55.26     306.2
55.28     437.6
55.3     576.8
55.32     747.6
55.34     963.8
55.36     1227
55.38     1534
55.4     1876
55.42     2234
55.44     2580
55.46     2883
55.48     3123
55.5     3294
55.52     3396
55.54     3424
55.56     3375
55.58     3254
55.6     3079
55.62     2876
55.64     2668
55.66     2466
55.68     2275
55.7     2090
55.72     1903
55.74     1699
55.76     1457
55.78     1159
55.8     798.9
55.82     388.9
55.84     -47.86
55.86     -491.2
55.88     -931.6
55.9     -1364
55.92     -1775
55.94     -2146
55.96     -2459
55.98     -2703
56     -2876
56.02     -2980
56.04     -3024
56.06     -3024
56.08     -2996
56.1     -2950
56.12     -2887
56.14     -2802
56.16     -2689
56.18     -2551
56.2     -2381
56.22     -2163
56.24     -1890
56.26     -1576
56.28     -1252
56.3     -933.1
56.32     -608.2
56.34     -256.3
56.36     124
56.38     505.9
56.4     855.5
56.42     1157
56.44     1414
56.46     1631
56.48     1798
56.5     1905
56.52     1951
56.54     1948
56.56     1915
56.58     1862
56.6     1783
56.62     1665
56.64     1502
56.66     1300
56.68     1075
56.7     835.6
56.72     584.2
56.74     312.7
56.76     12.58
56.78     -317.2
56.8     -666.6
56.82     -1018
56.84     -1359
56.86     -1690
56.88     -2011
56.9     -2318
56.92     -2589
56.94     -2805
56.96     -2959
56.98     -3062
57     -3134
57.02     -3176
57.04     -3179
57.06     -3138
57.08     -3062
57.1     -2965
57.12     -2846
57.14     -2693
57.16     -2495
57.18     -2258
57.2     -1996
57.22     -1720
57.24     -1419
57.26     -1081
57.28     -706.3
57.3     -307.8
57.32     95.17
57.34     489.5
57.36     868.1
57.38     1223
57.4     1544
57.42     1825
57.44     2067
57.46     2274
57.48     2438
57.5     2551
57.52     2610
57.54     2620
57.56     2589
57.58     2520
57.6     2419
57.62     2299
57.64     2178
57.66     2055
57.68     1908
57.7     1712
57.72     1456
57.74     1147
57.76     799.6
57.78     426.5
57.8     27.84
57.82     -402.9
57.84     -864.1
57.86     -1336
57.88     -1785
57.9     -2183
57.92     -2517
57.94     -2788
57.96     -2993
57.98     -3126
58     -3186
58.02     -3193
58.04     -3176
58.06     -3153
58.08     -3125
58.1     -3080
58.12     -3004
58.14     -2896
58.16     -2766
58.18     -2627
58.2     -2472
58.22     -2271
58.24     -1992
58.26     -1621
58.28     -1179
58.3     -703.6
58.32     -227.1
58.34     235.5
58.36     672
58.38     1062
58.4     1384
58.42     1630
58.44     1813
58.46     1957
58.48     2073
58.5     2151
58.52     2178
58.54     2157
58.56     2114
58.58     2075
58.6     2056
58.62     2053
58.64     2049
58.66     2023
58.68     1954
58.7     1822
58.72     1615
58.74     1332
58.76     992.7
58.78     622.8
58.8     247.2
58.82     -123.2
58.84     -486.9
58.86     -837.1
58.88     -1154
58.9     -1413
58.92     -1593
58.94     -1693
58.96     -1730
58.98     -1729
59     -1715
59.02     -1708
59.04     -1716
59.06     -1734
59.08     -1754
59.1     -1768
59.12     -1768
59.14     -1747
59.16     -1697
59.18     -1610
59.2     -1472
59.22     -1260
59.24     -953.2
59.26     -554.5
59.28     -99.52
59.3     359
59.32     774.6
59.34     1125
59.36     1416
59.38     1662
59.4     1873
59.42     2051
59.44     2195
59.46     2311
59.48     2408
59.5     2493
59.52     2569
59.54     2639
59.56     2714
59.58     2814
59.6     2941
59.62     3068
59.64     3140
59.66     3109
59.68     2962
59.7     2722
59.72     2425
59.74     2087
59.76     1712
59.78     1308
59.8     907.8
59.82     538.8
59.84     208.1
59.86     -95.52
59.88     -376.1
59.9     -618.6
59.92     -807.2
59.94     -950
59.96     -1082
59.98     -1245
60     -1449
