TIME/STEP     base_shear_z
0     0
0.02     0.1274
0.04     0.0674
0.06     -0.4698
0.08     -0.9654
0.1     -0.7912
0.12     0.3569
0.14     1.125
0.16     0.07016
0.18     -1.607
0.2     -1.715
0.22     -0.3021
0.24     0.08896
0.26     -1.56
0.28     -2.877
0.3     -1.809
0.32     -0.2611
0.34     -0.8056
0.36     -3.155
0.38     -4.366
0.4     -2.934
0.42     -1.351
0.44     -1.406
0.46     -2.383
0.48     -2.948
0.5     -2.417
0.52     -0.5146
0.54     1.648
0.56     1.449
0.58     -1.785
0.6     -4.069
0.62     -2.635
0.64     -0.4044
0.66     -0.09962
0.68     -1.608
0.7     -3.687
0.72     -5.216
0.74     -5.401
0.76     -4.075
0.78     -2.16
0.8     -0.9692
0.82     0.09089
0.84     3.035
0.86     8.113
0.88     12.6
0.9     13.78
0.92     13.09
0.94     12.72
0.96     11.56
0.98     8.112
1     3.26
1.02     -0.03467
1.04     -0.5549
1.06     -2.842
1.08     -10.34
1.1     -19.6
1.12     -25.54
1.14     -26.9
1.16     -27.27
1.18     -29.68
1.2     -31.94
1.22     -29.51
1.24     -21.36
1.26     -12.09
1.28     -6.17
1.3     -2.661
1.32     1.915
1.34     8.811
1.36     15.16
1.38     18.36
1.4     20.83
1.42     25.79
1.44     32.33
1.46     35.62
1.48     32.01
1.5     24.31
1.52     17.8
1.54     12.89
1.56     5.257
1.58     -7.608
1.6     -22.14
1.62     -31.67
1.64     -33.88
1.66     -34.04
1.68     -36.47
1.7     -40.83
1.72     -46.92
1.74     -52.41
1.76     -51.61
1.78     -41.11
1.8     -24.92
1.82     -10.85
1.84     0.7793
1.86     15.21
1.88     29.5
1.9     36.39
1.92     37.36
1.94     40.18
1.96     47.74
1.98     56.74
2     62.25
2.02     60.03
2.04     49.88
2.06     35.57
2.08     19.36
2.1     0.3795
2.12     -22.18
2.14     -45.51
2.16     -64.19
2.18     -76.13
2.2     -81.56
2.22     -80.82
2.24     -76.82
2.26     -70.2
2.28     -59.73
2.3     -48.25
2.32     -37.56
2.34     -25.98
2.36     -9.248
2.38     18.19
2.4     55.36
2.42     89.82
2.44     108.8
2.46     110.2
2.48     97.94
2.5     74.68
2.52     44.86
2.54     13.62
2.56     -14.75
2.58     -35.15
2.6     -48.16
2.62     -59.36
2.64     -74.16
2.66     -94.71
2.68     -116
2.7     -127.9
2.72     -126
2.74     -115.1
2.76     -97.64
2.78     -69.54
2.8     -25.61
2.82     30.51
2.84     81.2
2.86     110.4
2.88     120.4
2.9     123.9
2.92     125.9
2.94     122.1
2.96     109.1
2.98     90.46
3     67.32
3.02     36.64
3.04     -1.996
3.06     -48.81
3.08     -100.5
3.1     -147.4
3.12     -180
3.14     -194.3
3.16     -188.8
3.18     -165.9
3.2     -135.4
3.22     -104.9
3.24     -72.32
3.26     -29.91
3.28     27.24
3.3     90.34
3.32     138.8
3.34     162.9
3.36     171.8
3.38     176.5
3.4     172.4
3.42     143.7
3.44     90.83
3.46     36.67
3.48     -4.176
3.5     -41.08
3.52     -79.59
3.54     -111.8
3.56     -132.8
3.58     -146.5
3.6     -158.5
3.62     -166.9
3.64     -161.1
3.66     -134.1
3.68     -91.55
3.7     -36.88
3.72     24.08
3.74     71
3.76     86.14
3.78     79.77
3.8     78.09
3.82     89.07
3.84     98.19
3.86     90.64
3.88     64.05
3.9     30.66
3.92     8.943
3.94     -1.546
3.96     -18.92
3.98     -47.89
4     -73.24
4.02     -80.88
4.04     -71.93
4.06     -62.2
4.08     -67.44
4.1     -76.68
4.12     -65.47
4.14     -28.06
4.16     20.29
4.18     53.72
4.2     57.61
4.22     40.17
4.24     21.67
4.26     12.54
4.28     6.168
4.3     -3.249
4.32     -11.44
4.34     -18.72
4.36     -34.45
4.38     -61.96
4.4     -88.12
4.42     -91.29
4.44     -69.95
4.46     -43.2
4.48     -29.66
4.5     -31.89
4.52     -30.72
4.54     -12.88
4.56     11.08
4.58     26.03
4.6     31.44
4.62     40.01
4.64     60.71
4.66     82.43
4.68     84.39
4.7     56.07
4.72     6.886
4.74     -37.33
4.76     -53.19
4.78     -37.17
4.8     -9.083
4.82     4.335
4.84     -1.903
4.86     -9.734
4.88     -19.01
4.9     -48.93
4.92     -93.41
4.94     -120.5
4.96     -105.6
4.98     -56.67
5     -4.257
5.02     36.6
5.04     70.64
5.06     91.64
5.08     84.93
5.1     60.28
5.12     49.52
5.14     69.78
5.16     107.7
5.18     141.3
5.2     155
5.22     139.2
5.24     91.15
5.26     13.12
5.28     -74.46
5.3     -132.7
5.32     -142.4
5.34     -123.8
5.36     -110.7
5.38     -115.6
5.4     -124.7
5.42     -124.3
5.44     -119.4
5.46     -116.2
5.48     -103.5
5.5     -65.34
5.52     -2.646
5.54     63.08
5.56     106
5.58     116.7
5.6     106.8
5.62     92.54
5.64     80.28
5.66     65.73
5.68     50.81
5.7     48.59
5.72     59.87
5.74     63.98
5.76     31.88
5.78     -38.16
5.8     -101.7
5.82     -128.1
5.84     -136.2
5.86     -144.9
5.88     -144.6
5.9     -127.5
5.92     -101.2
5.94     -76.6
5.96     -58.65
5.98     -40.42
6     -8.605
6.02     37.72
6.04     83.44
6.06     118
6.08     144
6.1     160.3
6.12     149
6.14     101.6
6.16     39.57
6.18     -6.064
6.2     -21.37
6.22     -17.27
6.24     -13.67
6.26     -24.03
6.28     -49.9
6.3     -76.97
6.32     -96.28
6.34     -110
6.36     -104.2
6.38     -62.41
6.4     4.679
6.42     73.55
6.44     122.9
6.46     135.4
6.48     105.2
6.5     47.88
6.52     1.094
6.54     -5.489
6.56     18.2
6.58     35.62
6.6     30.3
6.62     18.47
6.64     13.22
6.66     9.423
6.68     -1.267
6.7     -27.74
6.72     -64.86
6.74     -86.02
6.76     -78.44
6.78     -54.02
6.8     -28.75
6.82     -14.96
6.84     -21.8
6.86     -52.84
6.88     -97.57
6.9     -136.8
6.92     -156.9
6.94     -153.5
6.96     -133
6.98     -101.9
7     -49.16
7.02     25.25
7.04     81.6
7.06     87.46
7.08     67.34
7.1     73.71
7.12     123.5
7.14     181.5
7.16     204.8
7.18     191.6
7.2     165.6
7.22     137.4
7.24     98.48
7.26     36.37
7.28     -48.67
7.3     -139.6
7.32     -211.5
7.34     -250
7.36     -265.9
7.38     -286.8
7.4     -318.9
7.42     -328.9
7.44     -285.4
7.46     -203.7
7.48     -120.6
7.5     -48.09
7.52     27.53
7.54     114.2
7.56     203.8
7.58     287.4
7.6     360.1
7.62     413.4
7.64     435.4
7.66     423.9
7.68     388.6
7.7     329.8
7.72     233.9
7.74     107.6
7.76     -15.61
7.78     -117.3
7.8     -205.8
7.82     -283.8
7.84     -335.2
7.86     -354.7
7.88     -366.7
7.9     -386.7
7.92     -384.7
7.94     -322.8
7.96     -214.3
7.98     -106.2
8     -16.55
8.02     66.34
8.04     142.5
8.06     199.6
8.08     237.5
8.1     269.8
8.12     301.4
8.14     316.2
8.16     299.3
8.18     257
8.2     204.6
8.22     146.8
8.24     84.23
8.26     24.72
8.28     -23.52
8.3     -58.38
8.32     -91.68
8.34     -139.2
8.36     -199.5
8.38     -267
8.4     -337.9
8.42     -393.2
8.44     -411.9
8.46     -387.7
8.48     -326
8.5     -246.3
8.52     -173.8
8.54     -115.8
8.56     -60.76
8.58     5.772
8.6     85.48
8.62     180.6
8.64     294.8
8.66     413.2
8.68     511.3
8.7     570.3
8.72     591
8.74     589.3
8.76     571.9
8.78     528.8
8.8     445.6
8.82     312.2
8.84     140.8
8.86     -33.7
8.88     -188.6
8.9     -336.5
8.92     -502.2
8.94     -675.3
8.96     -816.5
8.98     -901.1
9     -937.5
9.02     -940.2
9.04     -881.9
9.06     -722.4
9.08     -472
9.1     -176.1
9.12     131.1
9.14     436.1
9.16     737.8
9.18     1030
9.2     1292
9.22     1509
9.24     1659
9.26     1710
9.28     1630
9.3     1411
9.32     1092
9.34     735.3
9.36     372.5
9.38     -11.99
9.4     -451.7
9.42     -945
9.44     -1426
9.46     -1804
9.48     -2034
9.5     -2126
9.52     -2114
9.54     -2015
9.56     -1830
9.58     -1558
9.6     -1192
9.62     -722.5
9.64     -172.2
9.66     407.8
9.68     967.5
9.7     1470
9.72     1880
9.74     2175
9.76     2340
9.78     2363
9.8     2244
9.82     2019
9.84     1746
9.86     1458
9.88     1103
9.9     580.9
9.92     -131.7
9.94     -916.9
9.96     -1595
9.98     -2057
10     -2311
10.02     -2412
10.04     -2386
10.06     -2237
10.08     -1986
10.1     -1672
10.12     -1311
10.14     -879.3
10.16     -346.5
10.18     303.5
10.2     1046
10.22     1800
10.24     2460
10.26     2941
10.28     3200
10.3     3216
10.32     2977
10.34     2535
10.36     2009
10.38     1519
10.4     1100
10.42     697.4
10.44     238.9
10.46     -308.9
10.48     -948.3
10.5     -1638
10.52     -2273
10.54     -2720
10.56     -2885
10.58     -2756
10.6     -2392
10.62     -1890
10.64     -1354
10.66     -867.6
10.68     -460.2
10.7     -125.3
10.72     173.6
10.74     502.2
10.76     911.3
10.78     1371
10.8     1770
10.82     1993
10.84     1971
10.86     1714
10.88     1289
10.9     769.7
10.92     234
10.94     -227.8
10.96     -561.8
10.98     -794
11     -999.5
11.02     -1237
11.04     -1490
11.06     -1672
11.08     -1699
11.1     -1532
11.12     -1183
11.14     -690.3
11.16     -108.7
11.18     495.5
11.2     1071
11.22     1593
11.24     2057
11.26     2448
11.28     2705
11.3     2771
11.32     2672
11.34     2458
11.36     2131
11.38     1668
11.4     1083
11.42     422.3
11.44     -274.7
11.46     -959.9
11.48     -1549
11.5     -1964
11.52     -2204
11.54     -2313
11.56     -2300
11.58     -2128
11.6     -1796
11.62     -1358
11.64     -870.4
11.66     -334
11.68     274.7
11.7     942.2
11.72     1604
11.74     2172
11.76     2579
11.78     2790
11.8     2775
11.82     2538
11.84     2160
11.86     1743
11.88     1304
11.9     765.2
11.92     75.06
11.94     -709.8
11.96     -1478
11.98     -2157
12     -2701
12.02     -3042
12.04     -3137
12.06     -3041
12.08     -2861
12.1     -2652
12.12     -2372
12.14     -1890
12.16     -1106
12.18     -76.05
12.2     1027
12.22     2013
12.24     2738
12.26     3144
12.28     3247
12.3     3107
12.32     2798
12.34     2376
12.36     1885
12.38     1358
12.4     804.9
12.42     186.1
12.44     -570
12.46     -1512
12.48     -2576
12.5     -3556
12.52     -4209
12.54     -4402
12.56     -4158
12.58     -3582
12.6     -2782
12.62     -1871
12.64     -965.1
12.66     -161.3
12.68     503.7
12.7     1054
12.72     1547
12.74     2054
12.76     2608
12.78     3128
12.8     3431
12.82     3353
12.84     2872
12.86     2113
12.88     1230
12.9     306.6
12.92     -636.7
12.94     -1536
12.96     -2274
12.98     -2769
13     -3049
13.02     -3187
13.04     -3207
13.06     -3065
13.08     -2702
13.1     -2094
13.12     -1252
13.14     -214.2
13.16     924.4
13.18     1983
13.2     2768
13.22     3211
13.24     3394
13.26     3468
13.28     3525
13.3     3546
13.32     3462
13.34     3211
13.36     2734
13.38     1967
13.4     906.7
13.42     -318.9
13.44     -1480
13.46     -2341
13.48     -2759
13.5     -2744
13.52     -2456
13.54     -2112
13.56     -1848
13.58     -1665
13.6     -1488
13.62     -1255
13.64     -925.1
13.66     -444.6
13.68     223.3
13.7     1043
13.72     1864
13.74     2459
13.76     2647
13.78     2395
13.8     1852
13.82     1266
13.84     798.9
13.86     429.6
13.88     43.37
13.9     -402.6
13.92     -863.7
13.94     -1326
13.96     -1842
13.98     -2392
14     -2823
14.02     -2961
14.04     -2755
14.06     -2280
14.08     -1670
14.1     -1059
14.12     -550.7
14.14     -207.6
14.16     -3.538
14.18     193.2
14.2     528.3
14.22     1028
14.24     1550
14.26     1881
14.28     1894
14.3     1609
14.32     1124
14.34     537
14.36     -65.3
14.38     -573.2
14.4     -856.5
14.42     -859.9
14.44     -683.8
14.46     -529
14.48     -554.1
14.5     -781.8
14.52     -1084
14.54     -1256
14.56     -1143
14.58     -727.9
14.6     -150.1
14.62     386.5
14.64     740.9
14.66     877.6
14.68     825.2
14.7     642.4
14.72     409.9
14.74     217.3
14.76     146.2
14.78     246.5
14.8     469.7
14.82     657.8
14.84     635.6
14.86     330
14.88     -176.5
14.9     -708.8
14.92     -1114
14.94     -1324
14.96     -1338
14.98     -1217
15     -1081
15.02     -1021
15.04     -1056
15.06     -1146
15.08     -1212
15.1     -1164
15.12     -956.5
15.14     -587.5
15.16     -76.99
15.18     508.3
15.2     1045
15.22     1430
15.24     1643
15.26     1713
15.28     1695
15.3     1645
15.32     1586
15.34     1494
15.36     1343
15.38     1126
15.4     836.4
15.42     494.1
15.44     104.2
15.46     -401.5
15.48     -1074
15.5     -1834
15.52     -2506
15.54     -2938
15.56     -3082
15.58     -3008
15.6     -2845
15.62     -2690
15.64     -2556
15.66     -2382
15.68     -2107
15.7     -1723
15.72     -1260
15.74     -696.7
15.76     43.51
15.78     996.1
15.8     2059
15.82     3025
15.84     3706
15.86     4036
15.88     4084
15.9     3972
15.92     3786
15.94     3544
15.96     3230
15.98     2852
16     2440
16.02     1984
16.04     1397
16.06     592.9
16.08     -413.9
16.1     -1467
16.12     -2352
16.14     -2933
16.16     -3189
16.18     -3171
16.2     -2951
16.22     -2609
16.24     -2226
16.26     -1874
16.28     -1592
16.3     -1348
16.32     -1049
16.34     -600.4
16.36     20.07
16.38     728
16.4     1370
16.42     1818
16.44     2050
16.46     2114
16.48     2058
16.5     1900
16.52     1650
16.54     1345
16.56     1057
16.58     826.1
16.6     600.6
16.62     290.4
16.64     -137.1
16.66     -615.3
16.68     -1045
16.7     -1384
16.72     -1621
16.74     -1716
16.76     -1616
16.78     -1325
16.8     -925.1
16.82     -514.9
16.84     -162
16.86     112.9
16.88     323.2
16.9     482.7
16.92     604.1
16.94     709.7
16.96     812.5
16.98     897.2
17     926.3
17.02     836.5
17.04     550.3
17.06     70.06
17.08     -479.7
17.1     -946.7
17.12     -1273
17.14     -1513
17.16     -1733
17.18     -1939
17.2     -2104
17.22     -2225
17.24     -2288
17.26     -2245
17.28     -2048
17.3     -1700
17.32     -1264
17.34     -795.7
17.36     -303.4
17.38     192.8
17.4     627
17.42     975.9
17.44     1304
17.46     1682
17.48     2089
17.5     2397
17.52     2471
17.54     2264
17.56     1828
17.58     1269
17.6     679.5
17.62     111.4
17.64     -405.5
17.66     -830.3
17.68     -1119
17.7     -1241
17.72     -1216
17.74     -1150
17.76     -1147
17.78     -1175
17.8     -1051
17.82     -588.8
17.84     259.1
17.86     1370
17.88     2513
17.9     3443
17.92     3979
17.94     4058
17.96     3748
17.98     3212
18     2614
18.02     2043
18.04     1505
18.06     946
18.08     273.6
18.1     -580.4
18.12     -1607
18.14     -2701
18.16     -3689
18.18     -4390
18.2     -4708
18.22     -4645
18.24     -4252
18.26     -3635
18.28     -2961
18.3     -2380
18.32     -1930
18.34     -1541
18.36     -1098
18.38     -550
18.4     41.81
18.42     592.1
18.44     1060
18.46     1405
18.48     1557
18.5     1483
18.52     1253
18.54     972.2
18.56     692.7
18.58     419.9
18.6     146
18.62     -119.1
18.64     -342.8
18.66     -494.2
18.68     -559.2
18.7     -553
18.72     -544.9
18.74     -630.2
18.76     -828.6
18.78     -1026
18.8     -1055
18.82     -843.1
18.84     -465.5
18.86     -40.4
18.88     374.6
18.9     764
18.92     1102
18.94     1344
18.96     1462
18.98     1503
19     1591
19.02     1830
19.04     2198
19.06     2544
19.08     2712
19.1     2652
19.12     2408
19.14     2035
19.16     1558
19.18     1018
19.2     495.5
19.22     74.02
19.24     -216.7
19.26     -423.8
19.28     -641.7
19.3     -957.1
19.32     -1389
19.34     -1873
19.36     -2271
19.38     -2429
19.4     -2267
19.42     -1829
19.44     -1224
19.46     -574.3
19.48     9.212
19.5     465.2
19.52     805.7
19.54     1111
19.56     1466
19.58     1892
19.6     2361
19.62     2826
19.64     3201
19.66     3322
19.68     3046
19.7     2407
19.72     1625
19.74     923.7
19.76     386.2
19.78     -34.93
19.8     -393.9
19.82     -693.8
19.84     -936.6
19.86     -1157
19.88     -1379
19.9     -1556
19.92     -1592
19.94     -1445
19.96     -1147
19.98     -759.9
20     -323.3
20.02     155.1
20.04     657.7
20.06     1106
20.08     1375
20.1     1407
20.12     1311
20.14     1267
20.16     1349
20.18     1474
20.2     1523
20.22     1458
20.24     1296
20.26     1043
20.28     676.5
20.3     179.2
20.32     -432.1
20.34     -1090
20.36     -1674
20.38     -2052
20.4     -2149
20.42     -2016
20.44     -1825
20.46     -1730
20.48     -1723
20.5     -1668
20.52     -1452
20.54     -1066
20.56     -544.9
20.58     129.9
20.6     1007
20.62     2052
20.64     3090
20.66     3883
20.68     4273
20.7     4282
20.72     4086
20.74     3884
20.76     3760
20.78     3648
20.8     3427
20.82     3017
20.84     2389
20.86     1526
20.88     410.5
20.9     -926.2
20.92     -2335
20.94     -3586
20.96     -4510
20.98     -5085
21     -5419
21.02     -5665
21.04     -5919
21.06     -6160
21.08     -6251
21.1     -5985
21.12     -5218
21.14     -3964
21.16     -2363
21.18     -594.2
21.2     1178
21.22     2801
21.24     4126
21.26     5047
21.28     5589
21.3     5865
21.32     5938
21.34     5771
21.36     5236
21.38     4227
21.4     2748
21.42     942.5
21.44     -986.6
21.46     -2863
21.48     -4600
21.5     -6149
21.52     -7405
21.54     -7383
21.56     -7515
21.58     -7361
21.6     -6626
21.62     -5825
21.64     -4720
21.66     -3289
21.68     -1724
21.7     -205.4
21.72     1207
21.74     2479
21.76     3550
21.78     4395
21.8     5063
21.82     5578
21.84     5632
21.86     5705
21.88     5594
21.9     5004
21.92     4460
21.94     3867
21.96     3119
21.98     2200
22     1269
22.02     510
22.04     -39.82
22.06     -476.8
22.08     -900.6
22.1     -1352
22.12     -1828
22.14     -2303
22.16     -2724
22.18     -3000
22.2     -3041
22.22     -2805
22.24     -2296
22.26     -1575
22.28     -757.9
22.3     19.37
22.32     649.8
22.34     1109
22.36     1464
22.38     1793
22.4     2116
22.42     2416
22.44     2672
22.46     2850
22.48     2888
22.5     2701
22.52     2215
22.54     1462
22.56     579.1
22.58     -281.4
22.6     -1025
22.62     -1631
22.64     -2107
22.66     -2451
22.68     -2674
22.7     -2808
22.72     -2894
22.74     -2938
22.76     -2904
22.78     -2752
22.8     -2452
22.82     -1980
22.84     -1321
22.86     -524.5
22.88     288.5
22.9     974
22.92     1469
22.94     1798
22.96     1968
22.98     1918
23     1612
23.02     1121
23.04     591.4
23.06     130.2
23.08     -261.9
23.1     -676.5
23.12     -1204
23.14     -1840
23.16     -2479
23.18     -2998
23.2     -3307
23.22     -3325
23.24     -3031
23.26     -2481
23.28     -1751
23.3     -911.3
23.32     -41.46
23.34     741.3
23.36     1327
23.38     1691
23.4     1906
23.42     2096
23.44     2334
23.46     2535
23.48     2520
23.5     2156
23.52     1440
23.54     468.4
23.56     -634.8
23.58     -1747
23.6     -2744
23.62     -3515
23.64     -3993
23.66     -4184
23.68     -4151
23.7     -3965
23.72     -3706
23.74     -3406
23.76     -2972
23.78     -2229
23.8     -1080
23.82     356.9
23.84     1801
23.86     3000
23.88     3863
23.9     4415
23.92     4696
23.94     4724
23.96     4541
23.98     4222
24     3815
24.02     3289
24.04     2573
24.06     1637
24.08     493.7
24.1     -797.1
24.12     -2127
24.14     -3331
24.16     -4241
24.18     -4789
24.2     -5009
24.22     -4932
24.24     -4542
24.26     -3837
24.28     -2886
24.3     -1817
24.32     -720.6
24.34     408.5
24.36     1641
24.38     3005
24.4     4426
24.42     5764
24.44     6789
24.46     6623
24.48     6883
24.5     7051
24.52     6987
24.54     6075
24.56     4543
24.58     2762
24.6     1142
24.62     -279.3
24.64     -1695
24.66     -3176
24.68     -4586
24.7     -5776
24.72     -6728
24.74     -6722
24.76     -7060
24.78     -7286
24.8     -7319
24.82     -6977
24.84     -5156
24.86     -3104
24.88     -870.8
24.9     1276
24.92     3169
24.94     4698
24.96     5815
24.98     6095
25     6360
25.02     6448
25.04     6430
25.06     6420
25.08     6116
25.1     5272
25.12     3623
25.14     1411
25.16     -934.4
25.18     -3081
25.2     -4822
25.22     -6022
25.24     -6637
25.26     -6493
25.28     -6301
25.3     -5825
25.32     -5463
25.34     -4979
25.36     -4131
25.38     -2861
25.4     -1283
25.42     469.6
25.44     2278
25.46     3965
25.48     5324
25.5     6227
25.52     6699
25.54     6639
25.56     6610
25.58     6442
25.6     5580
25.62     4571
25.64     3434
25.66     2306
25.68     1135
25.7     -190
25.72     -1626
25.74     -2976
25.76     -4079
25.78     -4899
25.8     -5411
25.82     -5517
25.84     -5117
25.86     -4229
25.88     -3015
25.9     -1673
25.92     -314.4
25.94     1043
25.96     2400
25.98     3715
26     4876
26.02     5733
26.04     6158
26.06     6046
26.08     5421
26.1     4316
26.12     2782
26.14     988.5
26.16     -812.9
26.18     -2491
26.2     -4076
26.22     -5641
26.24     -7158
26.26     -7433
26.28     -7998
26.3     -8279
26.32     -8321
26.34     -8049
26.36     -6258
26.38     -3812
26.4     -970.9
26.42     1618
26.44     3717
26.46     5406
26.48     5814
26.5     6539
26.52     7030
26.54     7420
26.56     7920
26.58     8161
26.6     8332
26.62     8263
26.64     6556
26.66     3897
26.68     975
26.7     -1480
26.72     -3148
26.74     -4060
26.76     -4460
26.78     -4696
26.8     -4742
26.82     -5001
26.84     -5379
26.86     -5805
26.88     -6059
26.9     -5829
26.92     -4071
26.94     -1760
26.96     836
26.98     3186
27     4800
27.02     5415
27.04     5159
27.06     4498
27.08     3969
27.1     3868
27.12     4110
27.14     4383
27.16     4370
27.18     3835
27.2     2631
27.22     788.1
27.24     -1435
27.26     -3593
27.28     -5214
27.3     -6021
27.32     -6053
27.34     -5756
27.36     -4970
27.38     -4615
27.4     -4611
27.42     -4758
27.44     -4698
27.46     -4111
27.48     -2853
27.5     -1008
27.52     1147
27.54     3258
27.56     5014
27.58     6187
27.6     6667
27.62     6504
27.64     5927
27.66     5237
27.68     4612
27.7     4016
27.72     3281
27.74     2285
27.76     1025
27.78     -435.8
27.8     -2013
27.82     -3580
27.84     -4948
27.86     -5895
27.88     -6248
27.9     -5988
27.92     -5200
27.94     -4215
27.96     -3219
27.98     -2356
28     -1679
28.02     -1152
28.04     -685.2
28.06     -145
28.08     572.3
28.1     1423
28.12     2189
28.14     2600
28.16     2476
28.18     1820
28.2     789.8
28.22     -367.9
28.24     -1401
28.26     -2148
28.28     -2577
28.3     -2733
28.32     -2677
28.34     -2479
28.36     -2233
28.38     -1994
28.4     -1688
28.42     -1116
28.44     -93.46
28.46     1376
28.48     3022
28.5     4490
28.52     5603
28.54     6394
28.56     6901
28.58     6983
28.6     6909
28.62     6429
28.64     5788
28.66     5005
28.68     4050
28.7     2856
28.72     1396
28.74     -250
28.76     -1936
28.78     -3503
28.8     -4819
28.82     -5783
28.84     -6320
28.86     -6147
28.88     -5977
28.9     -5485
28.92     -5136
28.94     -4737
28.96     -4173
28.98     -3381
29     -2241
29.02     -711.4
29.04     1019
29.06     2589
29.08     3676
29.1     4151
29.12     4074
29.14     3596
29.16     2892
29.18     2148
29.2     1552
29.22     1178
29.24     847.7
29.26     210.4
29.28     -969.5
29.3     -2597
29.32     -4296
29.34     -5635
29.36     -6332
29.38     -6264
29.4     -5932
29.42     -4715
29.44     -3693
29.46     -2804
29.48     -2049
29.5     -1338
29.52     -583.3
29.54     257.7
29.56     1208
29.58     2260
29.6     3316
29.62     4154
29.64     4503
29.66     4204
29.68     3323
29.7     2103
29.72     835
29.74     -261.1
29.76     -1083
29.78     -1644
29.8     -2051
29.82     -2449
29.84     -2928
29.86     -3468
29.88     -3943
29.9     -4186
29.92     -4044
29.94     -3411
29.96     -2261
29.98     -729.6
30     856
30.02     2114
30.04     2821
30.06     3033
30.08     3020
30.1     3056
30.12     3230
30.14     3425
30.16     3473
30.18     3257
30.2     2706
30.22     1786
30.24     545.1
30.26     -843.3
30.28     -2105
30.3     -2974
30.32     -3315
30.34     -3166
30.36     -2682
30.38     -2095
30.4     -1663
30.42     -1504
30.44     -1495
30.46     -1364
30.48     -931.3
30.5     -254.7
30.52     477
30.54     1192
30.56     1944
30.58     2669
30.6     3128
30.62     3119
30.64     2671
30.66     2014
30.68     1414
30.7     1045
30.72     930.9
30.74     948.7
30.76     879.9
30.78     523.4
30.8     -201.6
30.82     -1214
30.84     -2305
30.86     -3233
30.88     -3800
30.9     -3880
30.92     -3466
30.94     -2703
30.96     -1830
30.98     -1046
31     -406.9
31.02     161.7
31.04     731.1
31.06     1287
31.08     1798
31.1     2252
31.12     2597
31.14     2732
31.16     2595
31.18     2236
31.2     1753
31.22     1170
31.24     445.1
31.26     -416.7
31.28     -1269
31.3     -1881
31.32     -2124
31.34     -2072
31.36     -1847
31.38     -1457
31.4     -850.1
31.42     -58.97
31.44     784
31.46     1562
31.48     2259
31.5     2929
31.52     3604
31.54     4240
31.56     4746
31.58     5042
31.6     5072
31.62     4781
31.64     4096
31.66     2954
31.68     1381
31.7     -445.7
31.72     -2246
31.74     -3769
31.76     -4912
31.78     -5701
31.8     -6152
31.82     -6164
31.84     -5873
31.86     -5048
31.88     -4437
31.9     -3767
31.92     -2830
31.94     -1549
31.96     54.82
31.98     1851
32     3583
32.02     4976
32.04     5893
32.06     6340
32.08     6317
32.1     5797
32.12     4858
32.14     3744
32.16     2743
32.18     1985
32.2     1345
32.22     571
32.24     -515.5
32.26     -1908
32.28     -3425
32.3     -4815
32.32     -5849
32.34     -6307
32.36     -6115
32.38     -5084
32.4     -3772
32.42     -2400
32.44     -1130
32.46     43.6
32.48     1217
32.5     2468
32.52     3786
32.54     5055
32.56     6112
32.58     6713
32.6     6656
32.62     6478
32.64     5677
32.66     4585
32.68     3004
32.7     1174
32.72     -572.7
32.74     -2070
32.76     -3338
32.78     -4413
32.8     -5251
32.82     -5811
32.84     -6112
32.86     -6103
32.88     -5654
32.9     -4615
32.92     -3012
32.94     -1137
32.96     605.5
32.98     2043
33     3298
33.02     4550
33.04     5803
33.06     6913
33.08     7329
33.1     7767
33.12     8076
33.14     8168
33.16     7912
33.18     6412
33.2     4548
33.22     2394
33.24     300.4
33.26     -1434
33.28     -2696
33.3     -3621
33.32     -4465
33.34     -5377
33.36     -5538
33.38     -5951
33.4     -6214
33.42     -6321
33.44     -6160
33.46     -4834
33.48     -2983
33.5     -687.6
33.52     1613
33.54     3480
33.56     4684
33.58     5301
33.6     5589
33.62     5750
33.64     5828
33.66     5753
33.68     5396
33.7     4634
33.72     3419
33.74     1768
33.76     -259.9
33.78     -2523
33.8     -4763
33.82     -6649
33.84     -7286
33.86     -7766
33.88     -7930
33.9     -7849
33.92     -7624
33.94     -6814
33.96     -5683
33.98     -3691
34     -1114
34.02     1390
34.04     3576
34.06     5623
34.08     6381
34.1     7348
34.12     8090
34.14     8336
34.16     8403
34.18     8416
34.2     8231
34.22     7030
34.24     5286
34.26     3024
34.28     740.1
34.3     -1247
34.32     -2926
34.34     -4374
34.36     -5570
34.38     -5498
34.4     -5932
34.42     -6489
34.44     -7210
34.46     -7891
34.48     -8146
34.5     -7652
34.52     -5232
34.54     -2754
34.56     -376.2
34.58     1630
34.6     3029
34.62     3677
34.64     3745
34.66     3668
34.68     3840
34.7     4310
34.72     4807
34.74     4921
34.76     4718
34.78     3231
34.8     1118
34.82     -1578
34.84     -4284
34.86     -6347
34.88     -7406
34.9     -7520
34.92     -6970
34.94     -6105
34.96     -5164
34.98     -4236
35     -3319
35.02     -2378
35.04     -1322
35.06     -38.9
35.08     1518
35.1     3249
35.12     4932
35.14     6305
35.16     6209
35.18     6536
35.2     6580
35.22     5886
35.24     4685
35.26     3369
35.28     2345
35.3     1616
35.32     864.5
35.34     -134.6
35.36     -1283
35.38     -2314
35.4     -3077
35.42     -3612
35.44     -3982
35.46     -4123
35.48     -3943
35.5     -3484
35.52     -2874
35.54     -2191
35.56     -1449
35.58     -664.1
35.6     122.4
35.62     878.9
35.64     1573
35.66     2131
35.68     2424
35.7     2336
35.72     1877
35.74     1199
35.76     479.2
35.78     -236.1
35.8     -1004
35.82     -1792
35.84     -2401
35.86     -2639
35.88     -2529
35.9     -2314
35.92     -2243
35.94     -2331
35.96     -2346
35.98     -2009
36     -1250
36.02     -288.3
36.04     564.3
36.06     1141
36.08     1478
36.1     1662
36.12     1673
36.14     1415
36.16     897.7
36.18     317.1
36.2     -109
36.22     -348.2
36.24     -573.3
36.26     -1010
36.28     -1750
36.3     -2671
36.32     -3528
36.34     -4092
36.36     -4232
36.38     -3988
36.4     -3527
36.42     -3020
36.44     -2550
36.46     -2096
36.48     -1597
36.5     -1020
36.52     -369.7
36.54     356.8
36.56     1192
36.58     2134
36.6     3058
36.62     3716
36.64     3905
36.66     3634
36.68     3108
36.7     2576
36.72     2181
36.74     1910
36.76     1683
36.78     1430
36.8     1101
36.82     690.6
36.84     228.6
36.86     -246.7
36.88     -695.9
36.9     -1055
36.92     -1271
36.94     -1338
36.96     -1286
36.98     -1190
37     -1139
37.02     -1172
37.04     -1247
37.06     -1292
37.08     -1243
37.1     -1034
37.12     -612.5
37.14     -18.83
37.16     595.5
37.18     1081
37.2     1403
37.22     1611
37.24     1746
37.26     1774
37.28     1651
37.3     1435
37.32     1282
37.34     1276
37.36     1284
37.38     1098
37.4     633.3
37.42     -22.13
37.44     -719.2
37.46     -1344
37.48     -1807
37.5     -2017
37.52     -1911
37.54     -1517
37.56     -971
37.58     -444.1
37.6     -53.46
37.62     164
37.64     235.4
37.66     264.3
37.68     397.5
37.7     704
37.72     1081
37.74     1323
37.76     1262
37.78     831.1
37.8     77.04
37.82     -874.4
37.84     -1860
37.86     -2707
37.88     -3284
37.9     -3574
37.92     -3645
37.94     -3564
37.96     -3352
37.98     -3016
38     -2582
38.02     -2090
38.04     -1528
38.06     -785.3
38.08     241.4
38.1     1503
38.12     2799
38.14     3920
38.16     4741
38.18     5211
38.2     5316
38.22     5104
38.24     4689
38.26     4210
38.28     3751
38.3     3254
38.32     2568
38.34     1596
38.36     378.8
38.38     -955.8
38.4     -2284
38.42     -3511
38.44     -4548
38.46     -5317
38.48     -5793
38.5     -5991
38.52     -5882
38.54     -5422
38.56     -4647
38.58     -3702
38.6     -2716
38.62     -1693
38.64     -566.5
38.66     661.3
38.68     1867
38.7     2882
38.72     3625
38.74     4184
38.76     4696
38.78     5169
38.8     5450
38.82     5338
38.84     4691
38.86     3499
38.88     1935
38.9     275
38.92     -1235
38.94     -2420
38.96     -3198
38.98     -3581
39     -3682
39.02     -3704
39.04     -3876
39.06     -4289
39.08     -4775
39.1     -5008
39.12     -4715
39.14     -3833
39.16     -2552
39.18     -1219
39.2     -169.5
39.22     381
39.24     386.5
39.26     20.31
39.28     -360.4
39.3     -424
39.32     -40.23
39.34     672.8
39.36     1413
39.38     1872
39.4     1913
39.42     1613
39.44     1141
39.46     636.8
39.48     202.3
39.5     -46.53
39.52     -8.609
39.54     288.1
39.56     645.8
39.58     794.1
39.6     555.3
39.62     -32.84
39.64     -720.7
39.66     -1186
39.68     -1232
39.7     -862.7
39.72     -232.2
39.74     456.4
39.76     1046
39.78     1468
39.8     1695
39.82     1715
39.84     1558
39.86     1318
39.88     1139
39.9     1118
39.92     1230
39.94     1335
39.96     1274
39.98     930.4
40     284.3
40.02     -519.1
40.04     -1205
40.06     -1551
40.08     -1519
40.1     -1201
40.12     -695.8
40.14     -38.14
40.16     758.6
40.18     1628
40.2     2465
40.22     3193
40.24     3783
40.26     4233
40.28     4571
40.3     4834
40.32     5017
40.34     5059
40.36     4893
40.38     4497
40.4     3893
40.42     3073
40.44     1996
40.46     708.6
40.48     -591.4
40.5     -1654
40.52     -2321
40.54     -2588
40.56     -2583
40.58     -2472
40.6     -2346
40.62     -2197
40.64     -1982
40.66     -1671
40.68     -1228
40.7     -616.6
40.72     166.1
40.74     1099
40.76     2124
40.78     3100
40.8     3820
40.82     4117
40.84     3931
40.86     3328
40.88     2469
40.9     1513
40.92     542
40.94     -418.3
40.96     -1341
40.98     -2193
41     -2975
41.02     -3713
41.04     -4374
41.06     -4825
41.08     -4903
41.1     -4527
41.12     -3747
41.14     -2667
41.16     -1384
41.18     17
41.2     1433
41.22     2748
41.24     3859
41.26     4715
41.28     5321
41.3     5675
41.32     5729
41.34     5427
41.36     4759
41.38     3766
41.4     2553
41.42     1270
41.44     43.14
41.46     -1069
41.48     -2070
41.5     -3006
41.52     -3891
41.54     -4643
41.56     -5143
41.58     -5322
41.6     -5173
41.62     -4703
41.64     -3912
41.66     -2841
41.68     -1626
41.7     -470.3
41.72     470.4
41.74     1180
41.76     1755
41.78     2291
41.8     2803
41.82     3230
41.84     3469
41.86     3416
41.88     3010
41.9     2260
41.92     1222
41.94     -23.94
41.96     -1368
41.98     -2677
42     -3823
42.02     -4682
42.04     -5127
42.06     -5121
42.08     -4765
42.1     -4217
42.12     -3570
42.14     -2804
42.16     -1818
42.18     -540.2
42.2     1005
42.22     2698
42.24     4378
42.26     5847
42.28     6908
42.3     6988
42.32     6884
42.34     6493
42.36     5103
42.38     3854
42.4     2453
42.42     1003
42.44     -377.8
42.46     -1699
42.48     -3052
42.5     -4431
42.52     -5659
42.54     -6484
42.56     -6334
42.58     -6151
42.6     -5272
42.62     -4017
42.64     -2223
42.66     -175.9
42.68     1578
42.7     2795
42.72     3658
42.74     4439
42.76     5182
42.78     5731
42.8     5947
42.82     5812
42.84     5350
42.86     4523
42.88     3273
42.9     1688
42.92     33.61
42.94     -1422
42.96     -2573
42.98     -3435
43     -4005
43.02     -4222
43.04     -4075
43.06     -3721
43.08     -3385
43.1     -3131
43.12     -2801
43.14     -2180
43.16     -1211
43.18     -61.27
43.2     1029
43.22     1911
43.24     2581
43.26     3083
43.28     3414
43.3     3546
43.32     3481
43.34     3272
43.36     2998
43.38     2714
43.4     2377
43.42     1872
43.44     1123
43.46     209.1
43.48     -678.8
43.5     -1389
43.52     -1906
43.54     -2299
43.56     -2616
43.58     -2837
43.6     -2925
43.62     -2898
43.64     -2818
43.66     -2691
43.68     -2386
43.7     -1755
43.72     -816.4
43.74     240.2
43.76     1184
43.78     1866
43.8     2257
43.82     2397
43.84     2323
43.86     2092
43.88     1794
43.9     1506
43.92     1234
43.94     899.6
43.96     361.4
43.98     -469
44     -1527
44.02     -2605
44.04     -3443
44.06     -3850
44.08     -3765
44.1     -3245
44.12     -2438
44.14     -1564
44.16     -814.4
44.18     -248.5
44.2     208.5
44.22     690.5
44.24     1310
44.26     2106
44.28     3030
44.3     3945
44.32     4635
44.34     4855
44.36     4450
44.38     3463
44.4     2111
44.42     694.6
44.44     -508
44.46     -1351
44.48     -1876
44.5     -2246
44.52     -2633
44.54     -3143
44.56     -3770
44.58     -4376
44.6     -4723
44.62     -4562
44.64     -3754
44.66     -2371
44.68     -668.2
44.7     1025
44.72     2433
44.74     3390
44.76     3838
44.78     3849
44.8     3599
44.82     3269
44.84     2957
44.86     2647
44.88     2229
44.9     1558
44.92     526.3
44.94     -877.6
44.96     -2528
44.98     -4174
45     -5535
45.02     -6416
45.04     -6748
45.06     -6464
45.08     -6111
45.1     -4871
45.12     -3802
45.14     -2848
45.16     -2039
45.18     -1274
45.2     -431.9
45.22     549.5
45.24     1675
45.26     2902
45.28     4107
45.3     5071
45.32     5570
45.34     5503
45.36     4916
45.38     3950
45.4     2791
45.42     1634
45.44     631.9
45.46     -166.8
45.48     -838.4
45.5     -1527
45.52     -2323
45.54     -3208
45.56     -4082
45.58     -4816
45.6     -5256
45.62     -5268
45.64     -4814
45.66     -3970
45.68     -2857
45.7     -1594
45.72     -290.6
45.74     937.7
45.76     1995
45.78     2859
45.8     3596
45.82     4297
45.84     4953
45.86     5434
45.88     5604
45.9     5413
45.92     4877
45.94     4028
45.96     2898
45.98     1565
46     181.2
46.02     -1075
46.04     -2082
46.06     -2829
46.08     -3406
46.1     -3918
46.12     -4405
46.14     -4805
46.16     -4980
46.18     -4814
46.2     -4304
46.22     -3543
46.24     -2639
46.26     -1685
46.28     -772.2
46.3     10.94
46.32     606.2
46.34     1025
46.36     1349
46.38     1684
46.4     2091
46.42     2562
46.44     3024
46.46     3379
46.48     3536
46.5     3408
46.52     2944
46.54     2175
46.56     1220
46.58     226.7
46.6     -664.9
46.62     -1344
46.64     -1772
46.66     -2023
46.68     -2234
46.7     -2523
46.72     -2924
46.74     -3374
46.76     -3726
46.78     -3783
46.8     -3390
46.82     -2525
46.84     -1330
46.86     -62.07
46.88     1023
46.9     1753
46.92     2069
46.94     2011
46.96     1700
46.98     1301
47     946.6
47.02     689.9
47.04     495.3
47.06     251.9
47.08     -180.6
47.1     -892.8
47.12     -1859
47.14     -2916
47.16     -3801
47.18     -4263
47.2     -4190
47.22     -3668
47.24     -2898
47.26     -2082
47.28     -1336
47.3     -699.9
47.32     -156.3
47.34     324
47.36     785.1
47.38     1311
47.4     1983
47.42     2778
47.44     3519
47.46     3959
47.48     3943
47.5     3506
47.52     2832
47.54     2099
47.56     1388
47.58     724.2
47.6     163.3
47.62     -219.8
47.64     -424.6
47.66     -570.1
47.68     -806.2
47.7     -1177
47.72     -1575
47.74     -1814
47.76     -1750
47.78     -1368
47.8     -783.8
47.82     -154.5
47.84     398.7
47.86     820
47.88     1092
47.9     1204
47.92     1161
47.94     1012
47.96     850.6
47.98     754.5
48     739.4
48.02     760.8
48.04     755.4
48.06     682.8
48.08     541.8
48.1     362.3
48.12     194.6
48.14     100.3
48.16     120.7
48.18     238.4
48.2     378.7
48.22     464.3
48.24     467.5
48.26     405.7
48.28     297.1
48.3     133.2
48.32     -99.52
48.34     -354.3
48.36     -523.4
48.38     -544.5
48.4     -467.5
48.42     -402.6
48.44     -417.6
48.46     -486.7
48.48     -530.1
48.5     -496.5
48.52     -403.8
48.54     -295.3
48.56     -172.6
48.58     5.361
48.6     253.6
48.62     521.5
48.64     728.9
48.66     820.3
48.68     779.7
48.7     616.8
48.72     365.6
48.74     83.41
48.76     -175.5
48.78     -379.5
48.8     -498.5
48.82     -498.4
48.84     -379.8
48.86     -194.2
48.88     -1.954
48.9     183.8
48.92     407.4
48.94     712.3
48.96     1078
48.98     1443
49     1769
49.02     2051
49.04     2276
49.06     2397
49.08     2347
49.1     2070
49.12     1555
49.14     865.3
49.16     134.5
49.18     -495.3
49.2     -945.6
49.22     -1218
49.24     -1354
49.26     -1386
49.28     -1315
49.3     -1141
49.32     -898
49.34     -631.1
49.36     -334.9
49.38     64.36
49.4     625.1
49.42     1303
49.44     1971
49.46     2514
49.48     2889
49.5     3112
49.52     3209
49.54     3180
49.56     3019
49.58     2746
49.6     2431
49.62     2154
49.64     1946
49.66     1776
49.68     1589
49.7     1364
49.72     1121
49.74     904.6
49.76     742.9
49.78     623.3
49.8     518.8
49.82     426.2
49.84     354.2
49.86     278
49.88     131.7
49.9     -143.7
49.92     -546.8
49.94     -1012
49.96     -1452
49.98     -1800
50     -2019
50.02     -2083
50.04     -1984
50.06     -1747
50.08     -1411
50.1     -999.2
50.12     -491.8
50.14     140.8
50.16     893.3
50.18     1701
50.2     2457
50.22     3060
50.24     3449
50.26     3607
50.28     3543
50.3     3283
50.32     2872
50.34     2364
50.36     1811
50.38     1246
50.4     673.7
50.42     74.2
50.44     -568
50.46     -1217
50.48     -1770
50.5     -2129
50.52     -2277
50.54     -2289
50.56     -2257
50.58     -2243
50.6     -2253
50.62     -2251
50.64     -2186
50.66     -2015
50.68     -1722
50.7     -1315
50.72     -813.3
50.74     -239.8
50.76     359.2
50.78     909.7
50.8     1340
50.82     1613
50.84     1744
50.86     1786
50.88     1789
50.9     1769
50.92     1684
50.94     1464
50.96     1071
50.98     536.9
51     -56.99
51.02     -651.4
51.04     -1219
51.06     -1717
51.08     -2067
51.1     -2198
51.12     -2112
51.14     -1881
51.16     -1591
51.18     -1275
51.2     -912.7
51.22     -468.7
51.24     59.05
51.26     633
51.28     1183
51.3     1614
51.32     1842
51.34     1831
51.36     1614
51.38     1249
51.4     782.7
51.42     247.5
51.44     -328.6
51.46     -912.2
51.48     -1471
51.5     -1991
51.52     -2470
51.54     -2889
51.56     -3201
51.58     -3333
51.6     -3229
51.62     -2879
51.64     -2329
51.66     -1658
51.68     -959.8
51.7     -294.2
51.72     331.3
51.74     937.8
51.76     1535
51.78     2105
51.8     2599
51.82     2941
51.84     3044
51.86     2867
51.88     2448
51.9     1862
51.92     1187
51.94     478.2
51.96     -221.2
51.98     -876.6
52     -1484
52.02     -2075
52.04     -2676
52.06     -3253
52.08     -3707
52.1     -3930
52.12     -3849
52.14     -3461
52.16     -2826
52.18     -2052
52.2     -1253
52.22     -519.8
52.24     95.86
52.26     596.3
52.28     1032
52.3     1450
52.32     1845
52.34     2166
52.36     2356
52.38     2364
52.4     2140
52.42     1653
52.44     922.2
52.46     45.93
52.48     -831
52.5     -1582
52.52     -2157
52.54     -2587
52.56     -2935
52.58     -3242
52.6     -3506
52.62     -3698
52.64     -3779
52.66     -3699
52.68     -3402
52.7     -2838
52.72     -2019
52.74     -1038
52.76     -38.69
52.78     847.4
52.8     1554
52.82     2097
52.84     2531
52.86     2885
52.88     3141
52.9     3258
52.92     3204
52.94     2967
52.96     2532
52.98     1886
53     1058
53.02     129.4
53.04     -785.3
53.06     -1581
53.08     -2203
53.1     -2656
53.12     -2967
53.14     -3152
53.16     -3183
53.18     -3013
53.2     -2620
53.22     -2036
53.24     -1337
53.26     -605.3
53.28     92.79
53.3     713.9
53.32     1223
53.34     1593
53.36     1810
53.38     1882
53.4     1826
53.42     1653
53.44     1368
53.46     964
53.48     436.6
53.5     -183.1
53.52     -822.1
53.54     -1392
53.56     -1835
53.58     -2148
53.6     -2360
53.62     -2495
53.64     -2548
53.66     -2495
53.68     -2313
53.7     -2025
53.72     -1687
53.74     -1357
53.76     -1051
53.78     -753.1
53.8     -452.6
53.82     -166.7
53.84     62.93
53.86     200.8
53.88     240.2
53.9     193.2
53.92     67.56
53.94     -136.5
53.96     -411.7
53.98     -726
54     -1026
54.02     -1265
54.04     -1431
54.06     -1544
54.08     -1618
54.1     -1641
54.12     -1593
54.14     -1461
54.16     -1244
54.18     -940.2
54.2     -545.9
54.22     -72.24
54.24     443.9
54.26     952.3
54.28     1409
54.3     1783
54.32     2059
54.34     2229
54.36     2294
54.38     2264
54.4     2147
54.42     1950
54.44     1666
54.46     1285
54.48     805
54.5     238.2
54.52     -376.9
54.54     -972
54.56     -1473
54.58     -1838
54.6     -2071
54.62     -2190
54.64     -2194
54.66     -2068
54.68     -1812
54.7     -1468
54.72     -1076
54.74     -649.2
54.76     -181.9
54.78     306.5
54.8     765.3
54.82     1145
54.84     1426
54.86     1616
54.88     1719
54.9     1724
54.92     1613
54.94     1386
54.96     1062
54.98     668.8
55     246.7
55.02     -158.4
55.04     -516.1
55.06     -822.6
55.08     -1084
55.1     -1285
55.12     -1396
55.14     -1400
55.16     -1316
55.18     -1171
55.2     -971.7
55.22     -704.5
55.24     -353.8
55.26     74.42
55.28     549.6
55.3     1031
55.32     1486
55.34     1894
55.36     2242
55.38     2515
55.4     2702
55.42     2804
55.44     2837
55.46     2827
55.48     2795
55.5     2740
55.52     2640
55.54     2466
55.56     2205
55.58     1874
55.6     1514
55.62     1168
55.64     861.6
55.66     604.2
55.68     391.8
55.7     216.8
55.72     73.13
55.74     -40.96
55.76     -124.1
55.78     -176.6
55.8     -201
55.82     -196.1
55.84     -151.5
55.86     -53.66
55.88     95.41
55.9     267.7
55.92     423.6
55.94     539.5
55.96     618.1
55.98     674.7
56     717.1
56.02     738
56.04     725
56.06     675.6
56.08     600.3
56.1     513.8
56.12     426.6
56.14     337.4
56.16     240.2
56.18     142.1
56.2     69.83
56.22     54.28
56.24     107.5
56.26     213
56.28     338.4
56.3     458
56.32     565
56.34     662.5
56.36     750.6
56.38     825.5
56.4     882.4
56.42     915.6
56.44     913.4
56.46     856
56.48     724.5
56.5     510.2
56.52     218.3
56.54     -130.4
56.56     -499.6
56.58     -845.6
56.6     -1133
56.62     -1351
56.64     -1509
56.66     -1624
56.68     -1701
56.7     -1730
56.72     -1702
56.74     -1608
56.76     -1436
56.78     -1168
56.8     -807.9
56.82     -401.6
56.84     -7.512
56.86     341.7
56.88     646
56.9     914.8
56.92     1146
56.94     1321
56.96     1422
56.98     1445
57     1393
57.02     1258
57.04     1028
57.06     703.9
57.08     306.8
57.1     -121.9
57.12     -536.3
57.14     -901.3
57.16     -1204
57.18     -1453
57.2     -1654
57.22     -1797
57.24     -1853
57.26     -1792
57.28     -1596
57.3     -1266
57.32     -818.3
57.34     -280.6
57.36     314.5
57.38     929.5
57.4     1522
57.42     2048
57.44     2474
57.46     2792
57.48     3014
57.5     3158
57.52     3228
57.54     3203
57.56     3059
57.58     2776
57.6     2354
57.62     1800
57.64     1131
57.66     389.5
57.68     -344
57.7     -984.4
57.72     -1480
57.74     -1828
57.76     -2052
57.78     -2177
57.8     -2215
57.82     -2163
57.84     -2006
57.86     -1731
57.88     -1331
57.9     -822.2
57.92     -238.7
57.94     366.7
57.96     932
57.98     1400
58     1730
58.02     1898
58.04     1900
58.06     1744
58.08     1456
58.1     1071
58.12     623.1
58.14     144.4
58.16     -332.2
58.18     -776
58.2     -1165
58.22     -1489
58.24     -1746
58.26     -1933
58.28     -2029
58.3     -1997
58.32     -1806
58.34     -1444
58.36     -925.9
58.38     -294.9
58.4     380.8
58.42     1014
58.44     1519
58.46     1846
58.48     2003
58.5     2034
58.52     1982
58.54     1878
58.56     1737
58.58     1559
58.6     1318
58.62     968.7
58.64     472
58.66     -155.4
58.68     -831.9
58.7     -1444
58.72     -1893
58.74     -2119
58.76     -2123
58.78     -1963
58.8     -1729
58.82     -1499
58.84     -1303
58.86     -1121
58.88     -908
58.9     -620.6
58.92     -229.6
58.94     258.4
58.96     788.3
58.98     1275
59     1650
59.02     1889
59.04     2005
59.06     2010
59.08     1908
59.1     1712
59.12     1461
59.14     1199
59.16     931.2
59.18     626.2
59.2     249.9
59.22     -193.4
59.24     -661.8
59.26     -1105
59.28     -1483
59.3     -1770
59.32     -1935
59.34     -1955
59.36     -1822
59.38     -1555
59.4     -1196
59.42     -795.9
59.44     -394.7
59.46     -6.481
59.48     373.1
59.5     745.4
59.52     1090
59.54     1365
59.56     1526
59.58     1548
59.6     1432
59.62     1190
59.64     846.5
59.66     444.6
59.68     30.84
59.7     -366.3
59.72     -738
59.74     -1074
59.76     -1346
59.78     -1524
59.8     -1594
59.82     -1562
59.84     -1425
59.86     -1171
59.88     -795.1
59.9     -328.6
59.92     175
59.94     669.1
59.96     1127
59.98     1524
60     1819
