TIME/STEP     RF_deform_z
0     0
0.02     0.000102892
0.04     0.000147054
0.06     -0.000249283
0.08     -0.000956131
0.1     -0.00148329
0.12     -0.00121997
0.14     -0.000516968
0.16     -0.000639793
0.18     -0.00157347
0.2     -0.00203732
0.22     -0.00145796
0.24     -0.00112892
0.26     -0.00243389
0.28     -0.00453515
0.3     -0.0055167
0.32     -0.00535614
0.34     -0.00561671
0.36     -0.0071498
0.38     -0.008909
0.4     -0.00914098
0.42     -0.00823357
0.44     -0.00747977
0.46     -0.00728954
0.48     -0.00739986
0.5     -0.00689703
0.52     -0.00466748
0.54     -0.000915417
0.56     0.00189216
0.58     0.00160774
0.6     -0.000203246
0.62     -0.000805553
0.64     -0.000983343
0.66     -0.00265626
0.68     -0.00610182
0.7     -0.0104554
0.72     -0.0142952
0.74     -0.0165165
0.76     -0.0168018
0.78     -0.0155761
0.8     -0.0132724
0.82     -0.00904191
0.84     -0.00104291
0.86     0.01124
0.88     0.0257208
0.9     0.0391334
0.92     0.0501618
0.94     0.058531
0.96     0.0618616
0.98     0.0571677
1     0.0436483
1.02     0.0238922
1.04     0.00220448
1.06     -0.0202178
1.08     -0.0441228
1.1     -0.0673748
1.12     -0.0859802
1.14     -0.0971889
1.16     -0.101817
1.18     -0.10302
1.2     -0.101793
1.22     -0.0957536
1.24     -0.082172
1.26     -0.0619971
1.28     -0.0390895
1.3     -0.0157321
1.32     0.00838016
1.34     0.03371
1.36     0.0577515
1.38     0.0759507
1.4     0.0869792
1.42     0.0934413
1.44     0.0981642
1.46     0.100833
1.48     0.0982351
1.5     0.0892061
1.52     0.0760832
1.54     0.0603484
1.56     0.0395217
1.58     0.00951737
1.6     -0.0300102
1.62     -0.0732276
1.64     -0.112135
1.66     -0.143016
1.68     -0.165243
1.7     -0.177646
1.72     -0.180351
1.74     -0.173674
1.76     -0.156557
1.78     -0.12911
1.8     -0.0945871
1.82     -0.0579096
1.84     -0.0194103
1.86     0.0249102
1.88     0.0731504
1.9     0.116754
1.92     0.150467
1.94     0.174932
1.96     0.19144
1.98     0.199616
2     0.198409
2.02     0.186271
2.04     0.163293
2.06     0.132381
2.08     0.0950571
2.1     0.0488547
2.12     -0.00996951
2.14     -0.0813709
2.16     -0.15903
2.18     -0.234193
2.2     -0.298042
2.22     -0.341555
2.24     -0.358593
2.26     -0.344725
2.28     -0.297684
2.3     -0.223655
2.32     -0.13469
2.34     -0.0428529
2.36     0.0433063
2.38     0.122257
2.4     0.195468
2.42     0.259849
2.44     0.309349
2.46     0.341222
2.48     0.353647
2.5     0.340978
2.52     0.296538
2.54     0.216236
2.56     0.101895
2.58     -0.0339725
2.6     -0.173187
2.62     -0.29885
2.64     -0.397649
2.66     -0.461977
2.68     -0.487777
2.7     -0.47341
2.72     -0.424116
2.74     -0.354142
2.76     -0.276682
2.78     -0.194959
2.8     -0.102963
2.82     0.00651942
2.84     0.129829
2.86     0.25389
2.88     0.368259
2.9     0.467099
2.92     0.540626
2.94     0.573103
2.96     0.550856
2.98     0.471934
3     0.344968
3.02     0.183276
3.04     0.0030881
3.06     -0.182364
3.08     -0.361841
3.1     -0.520315
3.12     -0.64234
3.14     -0.717471
3.16     -0.73944
3.18     -0.704894
3.2     -0.616922
3.22     -0.483576
3.24     -0.314163
3.26     -0.118789
3.28     0.091953
3.3     0.30267
3.32     0.48946
3.34     0.630575
3.36     0.717347
3.38     0.749787
3.4     0.725428
3.42     0.634878
3.44     0.476386
3.46     0.270017
3.48     0.0449806
3.5     -0.178593
3.52     -0.382912
3.54     -0.54587
3.56     -0.650059
3.58     -0.688449
3.6     -0.665875
3.62     -0.59678
3.64     -0.49609
3.66     -0.375335
3.68     -0.244998
3.7     -0.108773
3.72     0.0322949
3.74     0.165825
3.76     0.273487
3.78     0.349215
3.8     0.399744
3.82     0.426548
3.84     0.419997
3.86     0.371112
3.88     0.280313
3.9     0.161239
3.92     0.0390483
3.94     -0.0685769
3.96     -0.161959
3.98     -0.242295
4     -0.299873
4.02     -0.322555
4.04     -0.307374
4.06     -0.266818
4.08     -0.223388
4.1     -0.185561
4.12     -0.141716
4.14     -0.081287
4.16     -0.00552829
4.18     0.071361
4.2     0.132939
4.22     0.174274
4.24     0.199204
4.26     0.206598
4.28     0.183785
4.3     0.121916
4.32     0.0306729
4.34     -0.0713437
4.36     -0.171882
4.38     -0.264888
4.4     -0.340716
4.42     -0.379958
4.44     -0.368137
4.46     -0.309311
4.48     -0.221793
4.5     -0.126873
4.52     -0.0318976
4.54     0.063134
4.56     0.146521
4.58     0.199515
4.6     0.212814
4.62     0.19671
4.64     0.174478
4.66     0.160669
4.68     0.150968
4.7     0.131433
4.72     0.0927453
4.74     0.0395232
4.76     -0.0155663
4.78     -0.0637766
4.8     -0.105152
4.82     -0.142744
4.84     -0.168331
4.86     -0.16254
4.88     -0.126225
4.9     -0.0921354
4.92     -0.0884423
4.94     -0.115568
4.96     -0.154477
4.98     -0.185653
5     -0.200485
5.02     -0.187041
5.04     -0.123827
5.06     -0.00409375
5.08     0.149839
5.1     0.304818
5.12     0.436024
5.14     0.527609
5.16     0.56888
5.18     0.557761
5.2     0.499657
5.22     0.401691
5.24     0.272089
5.26     0.115258
5.28     -0.0638461
5.3     -0.246796
5.32     -0.409847
5.34     -0.538572
5.36     -0.625838
5.38     -0.663681
5.4     -0.641267
5.42     -0.555278
5.44     -0.423642
5.46     -0.277645
5.48     -0.141169
5.5     -0.0226364
5.52     0.0799945
5.54     0.169229
5.56     0.242206
5.58     0.295313
5.6     0.331361
5.62     0.355838
5.64     0.366796
5.66     0.351512
5.68     0.300906
5.7     0.226187
5.72     0.148437
5.74     0.077998
5.76     0.00400499
5.78     -0.0896537
5.8     -0.191994
5.82     -0.281947
5.84     -0.362663
5.86     -0.443188
5.88     -0.513524
5.9     -0.553479
5.92     -0.545188
5.94     -0.479829
5.96     -0.364452
5.98     -0.21444
6     -0.0402724
6.02     0.148149
6.04     0.33038
6.06     0.481906
6.08     0.587818
6.1     0.642113
6.12     0.634596
6.14     0.553707
6.16     0.403022
6.18     0.203688
6.2     -0.01118
6.22     -0.207225
6.24     -0.358293
6.26     -0.449568
6.28     -0.476808
6.3     -0.438918
6.32     -0.347593
6.34     -0.235212
6.36     -0.127478
6.38     -0.0296367
6.4     0.058983
6.42     0.142838
6.44     0.225673
6.46     0.299042
6.48     0.345791
6.5     0.352343
6.52     0.320405
6.54     0.261438
6.56     0.179299
6.58     0.0709886
6.6     -0.0512979
6.62     -0.15249
6.64     -0.201466
6.66     -0.192181
6.68     -0.139212
6.7     -0.0734616
6.72     -0.0256746
6.74     -0.00418025
6.76     -0.00767289
6.78     -0.0381033
6.8     -0.0908431
6.82     -0.153067
6.84     -0.211398
6.86     -0.25973
6.88     -0.298872
6.9     -0.332423
6.92     -0.3644
6.94     -0.393323
6.96     -0.413619
6.98     -0.415882
7     -0.375121
7.02     -0.265778
7.04     -0.0974539
7.06     0.093885
7.08     0.283812
7.1     0.467054
7.12     0.635202
7.14     0.76019
7.16     0.807393
7.18     0.767645
7.2     0.662345
7.22     0.518855
7.24     0.351937
7.26     0.159101
7.28     -0.0664679
7.3     -0.317389
7.32     -0.567529
7.34     -0.786395
7.36     -0.960101
7.38     -1.09416
7.4     -1.18819
7.42     -1.21305
7.44     -1.13242
7.46     -0.944093
7.48     -0.678605
7.5     -0.364798
7.52     -0.0156364
7.54     0.356436
7.56     0.724624
7.58     1.05472
7.6     1.31826
7.62     1.49751
7.64     1.58337
7.66     1.57334
7.68     1.47036
7.7     1.27472
7.72     0.981682
7.74     0.601752
7.76     0.170628
7.78     -0.274796
7.8     -0.708915
7.82     -1.10038
7.84     -1.40238
7.86     -1.57599
7.88     -1.61797
7.9     -1.54923
7.92     -1.38015
7.94     -1.11036
7.96     -0.761853
7.98     -0.383447
8     -0.0163734
8.02     0.32011
8.04     0.610636
8.06     0.837502
8.08     0.989895
8.1     1.06887
8.12     1.08308
8.14     1.04039
8.16     0.948562
8.18     0.819969
8.2     0.667201
8.22     0.496378
8.24     0.312301
8.26     0.124373
8.28     -0.0577464
8.3     -0.225631
8.32     -0.375944
8.34     -0.512353
8.36     -0.636832
8.38     -0.755805
8.4     -0.883275
8.42     -1.0199
8.44     -1.14879
8.46     -1.24553
8.48     -1.2789
8.5     -1.22215
8.52     -1.06483
8.54     -0.80817
8.56     -0.463592
8.58     -0.0569865
8.6     0.369912
8.62     0.776626
8.64     1.13935
8.66     1.44143
8.68     1.67117
8.7     1.82333
8.72     1.9009
8.74     1.91655
8.76     1.8784
8.78     1.77952
8.8     1.60024
8.82     1.31407
8.84     0.906713
8.86     0.393768
8.88     -0.193277
8.9     -0.830085
8.92     -1.49865
8.94     -2.15982
8.96     -2.74621
8.98     -3.19136
9     -3.45616
9.02     -3.5279
9.04     -3.38311
9.06     -2.98186
9.08     -2.31174
9.1     -1.40248
9.12     -0.309699
9.14     0.897575
9.16     2.14812
9.18     3.36684
9.2     4.46486
9.22     5.35388
9.24     5.9589
9.26     6.22026
9.28     6.09634
9.3     5.56323
9.32     4.63585
9.34     3.3789
9.36     1.88505
9.38     0.248128
9.4     -1.45332
9.42     -3.14379
9.44     -4.72161
9.46     -6.06247
9.48     -7.05974
9.5     -7.65331
9.52     -7.82446
9.54     -7.56911
9.56     -6.89291
9.58     -5.82711
9.6     -4.42699
9.62     -2.76391
9.64     -0.924917
9.66     0.993271
9.68     2.89645
9.7     4.69033
9.72     6.27201
9.74     7.53955
9.76     8.40451
9.78     8.78907
9.8     8.63588
9.82     7.94193
9.84     6.78049
9.86     5.27934
9.88     3.55445
9.9     1.66226
9.92     -0.364288
9.94     -2.44733
9.96     -4.45588
9.98     -6.25426
10     -7.73914
10.02     -8.82254
10.04     -9.3932
10.06     -9.33116
10.08     -8.57794
10.1     -7.18375
10.12     -5.29146
10.14     -3.08463
10.16     -0.737554
10.18     1.61072
10.2     3.8535
10.22     5.90054
10.24     7.67863
10.26     9.14157
10.28     10.251
10.3     10.9262
10.32     11.0281
10.34     10.4292
10.36     9.10288
10.38     7.14826
10.4     4.75184
10.42     2.13147
10.44     -0.484207
10.46     -2.87434
10.48     -4.88188
10.5     -6.44524
10.52     -7.5771
10.54     -8.3211
10.56     -8.71195
10.58     -8.75201
10.6     -8.40777
10.62     -7.62989
10.64     -6.39283
10.66     -4.72368
10.68     -2.71333
10.7     -0.532385
10.72     1.59196
10.74     3.45073
10.76     4.91043
10.78     5.91258
10.8     6.44825
10.82     6.54623
10.84     6.25461
10.86     5.62857
10.88     4.7169
10.9     3.53619
10.92     2.09433
10.94     0.450339
10.96     -1.27258
10.98     -2.92431
11     -4.36593
11.02     -5.49228
11.04     -6.22365
11.06     -6.49547
11.08     -6.2764
11.1     -5.5874
11.12     -4.49248
11.14     -3.06379
11.16     -1.3642
11.18     0.542925
11.2     2.57918
11.22     4.6402
11.24     6.60194
11.26     8.32782
11.28     9.65156
11.3     10.4034
11.32     10.483
11.34     9.87242
11.36     8.60098
11.38     6.73963
11.4     4.4169
11.42     1.80695
11.44     -0.903407
11.46     -3.52047
11.48     -5.83411
11.5     -7.64852
11.52     -8.83753
11.54     -9.35487
11.56     -9.19394
11.58     -8.37081
11.6     -6.96047
11.62     -5.1144
11.64     -3.0196
11.66     -0.836769
11.68     1.32288
11.7     3.3795
11.72     5.26442
11.74     6.90762
11.76     8.24359
11.78     9.21013
11.8     9.72071
11.82     9.67152
11.84     9.00257
11.86     7.73016
11.88     5.91233
11.9     3.61751
11.92     0.94772
11.94     -1.92254
11.96     -4.76711
11.98     -7.3712
12     -9.55211
12.02     -11.1354
12.04     -11.9733
12.06     -12.0092
12.08     -11.2916
12.1     -9.946
12.12     -8.12613
12.14     -5.93983
12.16     -3.44014
12.18     -0.690527
12.2     2.20407
12.22     5.10598
12.24     7.84921
12.26     10.2409
12.28     12.0579
12.3     13.0556
12.32     13.0199
12.34     11.8413
12.36     9.57754
12.38     6.47078
12.4     2.88966
12.42     -0.77085
12.44     -4.18415
12.46     -7.15404
12.48     -9.60182
12.5     -11.5042
12.52     -12.8466
12.54     -13.612
12.56     -13.7718
12.58     -13.2525
12.6     -11.9376
12.62     -9.73808
12.64     -6.68357
12.66     -2.97294
12.68     1.04191
12.7     4.92567
12.72     8.253
12.74     10.7115
12.76     12.1593
12.78     12.5933
12.8     12.0969
12.82     10.8191
12.84     8.96344
12.86     6.74947
12.88     4.34565
12.9     1.81365
12.92     -0.861856
12.94     -3.65763
12.96     -6.43378
12.98     -8.96662
13     -11.0327
13.02     -12.4497
13.04     -13.0636
13.06     -12.7464
13.08     -11.4306
13.1     -9.14944
13.12     -6.03949
13.14     -2.30526
13.16     1.79874
13.18     5.94163
13.2     9.71541
13.22     12.7194
13.24     14.6592
13.26     15.4083
13.28     15.0081
13.3     13.621
13.32     11.5085
13.34     9.00587
13.36     6.43636
13.38     4.00009
13.4     1.72799
13.42     -0.464932
13.44     -2.67823
13.46     -4.9294
13.48     -7.10807
13.5     -8.99684
13.52     -10.3433
13.54     -10.9199
13.56     -10.5589
13.58     -9.20184
13.6     -6.96668
13.62     -4.17522
13.64     -1.25833
13.66     1.40529
13.68     3.59463
13.7     5.25819
13.72     6.44098
13.74     7.19593
13.76     7.54719
13.78     7.49224
13.8     7.0268
13.82     6.16834
13.84     4.92759
13.86     3.28531
13.88     1.25226
13.9     -1.03886
13.92     -3.33911
13.94     -5.41378
13.96     -7.14936
13.98     -8.50998
14     -9.43604
14.02     -9.8355
14.04     -9.63572
14.06     -8.81616
14.08     -7.41399
14.1     -5.51499
14.12     -3.25932
14.14     -0.868138
14.16     1.38204
14.18     3.2496
14.2     4.60391
14.22     5.43226
14.24     5.78254
14.26     5.71445
14.28     5.29967
14.3     4.62844
14.32     3.77298
14.34     2.73986
14.36     1.4797
14.38     -0.0224275
14.4     -1.64706
14.42     -3.14835
14.44     -4.27127
14.46     -4.8622
14.48     -4.89738
14.5     -4.45683
14.52     -3.67384
14.54     -2.69586
14.56     -1.67062
14.58     -0.723236
14.6     0.0725396
14.62     0.71184
14.64     1.25346
14.66     1.76303
14.68     2.23973
14.7     2.60449
14.72     2.74864
14.74     2.59394
14.76     2.14294
14.78     1.50494
14.8     0.847388
14.82     0.308175
14.84     -0.0567361
14.86     -0.279676
14.88     -0.450384
14.9     -0.68422
14.92     -1.09938
14.94     -1.77537
14.96     -2.69114
14.98     -3.71453
15     -4.65837
15.02     -5.33086
15.04     -5.58498
15.06     -5.36805
15.08     -4.71945
15.1     -3.73534
15.12     -2.54592
15.14     -1.27669
15.16     0.00440159
15.18     1.28024
15.2     2.53423
15.22     3.73499
15.24     4.83708
15.26     5.76423
15.28     6.41964
15.3     6.71937
15.32     6.60499
15.34     6.05307
15.36     5.10284
15.38     3.86241
15.4     2.46708
15.42     1.05394
15.44     -0.28069
15.46     -1.55839
15.48     -2.8875
15.5     -4.35161
15.52     -5.95023
15.54     -7.59665
15.56     -9.13756
15.58     -10.3908
15.6     -11.1814
15.62     -11.3614
15.64     -10.8333
15.66     -9.58446
15.68     -7.71941
15.7     -5.46369
15.72     -3.09839
15.74     -0.835366
15.76     1.26842
15.78     3.28365
15.8     5.30812
15.82     7.38377
15.84     9.47337
15.86     11.4694
15.88     13.2095
15.9     14.4859
15.92     15.0631
15.94     14.739
15.96     13.4321
15.98     11.2496
16     8.47741
16.02     5.46659
16.04     2.50332
16.06     -0.245687
16.08     -2.71164
16.1     -4.86938
16.12     -6.71004
16.14     -8.25005
16.16     -9.50416
16.18     -10.4278
16.2     -10.8979
16.22     -10.7595
16.24     -9.91271
16.26     -8.38748
16.28     -6.35733
16.3     -4.07695
16.32     -1.79744
16.34     0.289074
16.36     2.06117
16.38     3.46308
16.4     4.49656
16.42     5.21625
16.44     5.72484
16.46     6.11613
16.48     6.40526
16.5     6.52023
16.52     6.34602
16.54     5.79589
16.56     4.87165
16.58     3.64902
16.6     2.21709
16.62     0.655476
16.64     -0.943956
16.66     -2.45672
16.68     -3.7579
16.7     -4.78393
16.72     -5.52505
16.74     -5.95477
16.76     -6.00243
16.78     -5.59055
16.8     -4.69477
16.82     -3.37025
16.84     -1.73996
16.86     0.0282708
16.88     1.7451
16.9     3.2046
16.92     4.21299
16.94     4.65123
16.96     4.5148
16.98     3.90809
17     3.00178
17.02     1.95746
17.04     0.861466
17.06     -0.249209
17.08     -1.3287
17.1     -2.33203
17.12     -3.25993
17.14     -4.16494
17.16     -5.08803
17.18     -5.99394
17.2     -6.79017
17.22     -7.39387
17.24     -7.7432
17.26     -7.7724
17.28     -7.41244
17.3     -6.61365
17.32     -5.38388
17.34     -3.78719
17.36     -1.90717
17.38     0.138021
17.4     2.171
17.42     4.00803
17.44     5.52786
17.46     6.68369
17.48     7.47193
17.5     7.88689
17.52     7.90568
17.54     7.50805
17.56     6.69137
17.58     5.47405
17.6     3.88579
17.62     1.96302
17.64     -0.212563
17.66     -2.466
17.68     -4.53327
17.7     -6.11396
17.72     -6.96652
17.74     -7.01038
17.76     -6.33203
17.78     -5.08671
17.8     -3.4051
17.82     -1.3797
17.84     0.91528
17.86     3.4147
17.88     6.04988
17.9     8.72125
17.92     11.252
17.94     13.3648
17.96     14.7188
17.98     15
18     14.009
18.02     11.7191
18.04     8.3116
18.06     4.14827
18.08     -0.311449
18.1     -4.60333
18.12     -8.34482
18.14     -11.2953
18.16     -13.3644
18.18     -14.5763
18.2     -15.0301
18.22     -14.8429
18.24     -14.0834
18.26     -12.7817
18.28     -10.9987
18.3     -8.85403
18.32     -6.50626
18.34     -4.1253
18.36     -1.86275
18.38     0.151787
18.4     1.7983
18.42     3.01491
18.44     3.84152
18.46     4.36645
18.48     4.64668
18.5     4.69077
18.52     4.49796
18.54     4.06875
18.56     3.39188
18.58     2.46157
18.6     1.29983
18.62     -0.0192235
18.64     -1.35241
18.66     -2.51268
18.68     -3.32084
18.7     -3.66274
18.72     -3.54429
18.74     -3.10061
18.76     -2.52466
18.78     -1.97075
18.8     -1.51262
18.82     -1.16765
18.84     -0.924998
18.86     -0.717985
18.88     -0.40018
18.9     0.197401
18.92     1.17188
18.94     2.48736
18.96     3.97333
18.98     5.40674
19     6.61975
19.02     7.531
19.04     8.10876
19.06     8.33207
19.08     8.2066
19.1     7.7999
19.12     7.21142
19.14     6.48997
19.16     5.59171
19.18     4.4356
19.2     2.99625
19.22     1.34857
19.24     -0.361374
19.26     -1.98087
19.28     -3.39791
19.3     -4.55622
19.32     -5.44381
19.34     -6.08316
19.36     -6.51297
19.38     -6.74603
19.4     -6.75121
19.42     -6.45711
19.44     -5.75662
19.46     -4.55164
19.48     -2.8215
19.5     -0.653645
19.52     1.77042
19.54     4.21854
19.56     6.44883
19.58     8.24474
19.6     9.47268
19.62     10.1298
19.64     10.3042
19.66     10.059
19.68     9.38485
19.7     8.26499
19.72     6.73882
19.74     4.88952
19.76     2.79858
19.78     0.548668
19.8     -1.71638
19.82     -3.76396
19.84     -5.34323
19.86     -6.29191
19.88     -6.58436
19.9     -6.29308
19.92     -5.5277
19.94     -4.42495
19.96     -3.14561
19.98     -1.84294
20     -0.61576
20.02     0.529641
20.04     1.65195
20.06     2.78043
20.08     3.8368
20.1     4.6767
20.12     5.2133
20.14     5.46416
20.16     5.47509
20.18     5.24797
20.2     4.77988
20.22     4.13239
20.24     3.4187
20.26     2.72333
20.28     2.03037
20.3     1.22427
20.32     0.158883
20.34     -1.25707
20.36     -2.99798
20.38     -4.91064
20.4     -6.74322
20.42     -8.20762
20.44     -9.07038
20.46     -9.19417
20.48     -8.52868
20.5     -7.11992
20.52     -5.13229
20.54     -2.83536
20.56     -0.512774
20.58     1.66607
20.6     3.70194
20.62     5.7016
20.64     7.75425
20.66     9.84196
20.68     11.8313
20.7     13.5323
20.72     14.7601
20.74     15.3599
20.76     15.2013
20.78     14.1978
20.8     12.3804
20.82     9.92876
20.84     7.10057
20.86     4.10851
20.88     1.03372
20.9     -2.15703
20.92     -5.49625
20.94     -8.92511
20.96     -12.303
20.98     -15.4467
21     -18.1567
21.02     -20.2398
21.04     -21.5289
21.06     -21.9138
21.08     -21.355
21.1     -19.8535
21.12     -17.4317
21.14     -14.1352
21.16     -10.0229
21.18     -5.16612
21.2     0.314708
21.22     6.19313
21.24     12.0834
21.26     17.4546
21.28     21.7544
21.3     24.5287
21.32     25.4716
21.34     24.4482
21.36     21.5074
21.38     16.8794
21.4     10.9429
21.42     4.18566
21.44     -2.85067
21.46     -9.66548
21.48     -15.8876
21.5     -21.2655
21.52     -25.5698
21.54     -28.5243
21.56     -29.8371
21.58     -29.3433
21.6     -27.1188
21.62     -23.4555
21.64     -18.7376
21.66     -13.3086
21.68     -7.48572
21.7     -1.64852
21.72     3.76483
21.74     8.36108
21.76     11.929
21.78     14.4693
21.8     16.0826
21.82     16.8507
21.84     16.8358
21.86     16.1605
21.88     15.0235
21.9     13.6263
21.92     12.0778
21.94     10.3569
21.96     8.3845
21.98     6.12895
22     3.6441
22.02     1.0351
22.04     -1.57467
22.06     -4.03896
22.08     -6.19367
22.1     -7.90771
22.12     -9.13215
22.14     -9.89944
22.16     -10.2942
22.18     -10.4099
22.2     -10.3165
22.22     -10.0267
22.24     -9.45908
22.26     -8.46496
22.28     -6.91609
22.3     -4.7809
22.32     -2.16098
22.34     0.73003
22.36     3.61788
22.38     6.19584
22.4     8.15813
22.42     9.28154
22.44     9.50679
22.46     8.93949
22.48     7.78469
22.5     6.25155
22.52     4.48012
22.54     2.55609
22.56     0.543859
22.58     -1.51778
22.6     -3.61766
22.62     -5.74921
22.64     -7.85589
22.66     -9.79615
22.68     -11.377
22.7     -12.4294
22.72     -12.8656
22.74     -12.6822
22.76     -11.9368
22.78     -10.7348
22.8     -9.21032
22.82     -7.48446
22.84     -5.6278
22.86     -3.66633
22.88     -1.62483
22.9     0.433843
22.92     2.41934
22.94     4.22692
22.96     5.69667
22.98     6.58964
23     6.65566
23.02     5.75169
23.04     3.91494
23.06     1.35256
23.08     -1.62708
23.1     -4.70095
23.12     -7.57854
23.14     -10.0038
23.16     -11.7718
23.18     -12.7841
23.2     -13.0681
23.22     -12.7074
23.24     -11.7866
23.26     -10.3763
23.28     -8.51135
23.3     -6.21236
23.32     -3.53927
23.34     -0.639015
23.36     2.24886
23.38     4.8448
23.4     6.88745
23.42     8.20245
23.44     8.73128
23.46     8.47742
23.48     7.4728
23.5     5.79026
23.52     3.54492
23.54     0.868071
23.56     -2.1334
23.58     -5.37481
23.6     -8.74015
23.62     -12.0309
23.64     -14.956
23.66     -17.1884
23.68     -18.4426
23.7     -18.5351
23.72     -17.4425
23.74     -15.3016
23.76     -12.3258
23.78     -8.72949
23.8     -4.71935
23.82     -0.52556
23.84     3.59252
23.86     7.39575
23.88     10.7095
23.9     13.3994
23.92     15.309
23.94     16.2583
23.96     16.1182
23.98     14.8885
24     12.7134
24.02     9.81705
24.04     6.44153
24.06     2.81992
24.08     -0.857559
24.1     -4.46475
24.12     -7.93032
24.14     -11.1963
24.16     -14.1703
24.18     -16.7211
24.2     -18.6767
24.22     -19.8018
24.24     -19.8202
24.26     -18.5046
24.28     -15.7814
24.3     -11.7844
24.32     -6.82839
24.34     -1.32475
24.36     4.30839
24.38     9.68655
24.4     14.4742
24.42     18.4211
24.44     21.3986
24.46     23.3804
24.48     24.3639
24.5     24.3291
24.52     23.2493
24.54     21.1033
24.56     17.8962
24.58     13.6863
24.6     8.60484
24.62     2.85968
24.64     -3.27327
24.66     -9.44571
24.68     -15.2396
24.7     -20.2119
24.72     -23.9876
24.74     -26.3463
24.76     -27.2432
24.78     -26.7745
24.8     -25.0964
24.82     -22.3475
24.84     -18.6196
24.86     -13.9615
24.88     -8.41387
24.9     -2.07404
24.92     4.82399
24.94     11.8637
24.96     18.471
24.98     23.971
25     27.7007
25.02     29.208
25.04     28.4101
25.06     25.6022
25.08     21.3184
25.1     16.1059
25.12     10.3827
25.14     4.43857
25.16     -1.51633
25.18     -7.29264
25.2     -12.6914
25.22     -17.5107
25.24     -21.5199
25.26     -24.4097
25.28     -25.8136
25.3     -25.4425
25.32     -23.2547
25.34     -19.5101
25.36     -14.6434
25.38     -9.08977
25.4     -3.22149
25.42     2.60949
25.44     8.05708
25.46     12.848
25.48     16.8527
25.5     20.0407
25.52     22.3597
25.54     23.6887
25.56     23.8906
25.58     22.8793
25.6     20.6593
25.62     17.3526
25.64     13.1917
25.66     8.4663
25.68     3.47515
25.7     -1.50022
25.72     -6.19978
25.74     -10.3902
25.76     -13.8997
25.78     -16.6204
25.8     -18.4513
25.82     -19.2591
25.84     -18.8862
25.86     -17.1988
25.88     -14.1574
25.9     -9.86489
25.92     -4.5625
25.94     1.39798
25.96     7.58374
25.98     13.5099
26     18.6528
26.02     22.5004
26.04     24.6464
26.06     24.8484
26.08     23.0384
26.1     19.3053
26.12     13.8849
26.14     7.1741
26.16     -0.28351
26.18     -7.85941
26.2     -14.9576
26.22     -21.1257
26.24     -26.0721
26.26     -29.6084
26.28     -31.6019
26.3     -32.01
26.32     -30.9154
26.34     -28.4664
26.36     -24.7547
26.38     -19.7505
26.4     -13.3844
26.42     -5.72274
26.44     2.87576
26.46     11.7418
26.48     20.046
26.5     26.9808
26.52     31.8871
26.54     34.4115
26.56     34.6402
26.58     33.0502
26.6     30.2793
26.62     26.8251
26.64     22.8665
26.66     18.3261
26.68     13.0988
26.7     7.25058
26.72     1.03352
26.74     -5.19543
26.76     -11.0116
26.78     -15.8975
26.8     -19.2686
26.82     -20.6632
26.84     -19.9966
26.86     -17.6569
26.88     -14.3091
26.9     -10.5205
26.92     -6.52355
26.94     -2.27011
26.96     2.35917
26.98     7.3576
27     12.5334
27.02     17.5434
27.04     21.8902
27.06     24.9507
27.08     26.1541
27.1     25.2395
27.12     22.3929
27.14     18.1908
27.16     13.4121
27.18     8.78109
27.2     4.76254
27.22     1.483
27.24     -1.25913
27.26     -3.87115
27.28     -6.72334
27.3     -9.93618
27.32     -13.304
27.34     -16.3671
27.36     -18.5774
27.38     -19.4714
27.4     -18.7997
27.42     -16.5731
27.44     -13.0374
27.46     -8.5982
27.48     -3.69419
27.5     1.33644
27.52     6.31408
27.54     11.1874
27.56     15.9296
27.58     20.3976
27.6     24.255
27.62     27.0291
27.64     28.2654
27.66     27.673
27.68     25.1887
27.7     20.9854
27.72     15.4655
27.74     9.24002
27.76     3.01649
27.78     -2.59643
27.8     -7.23898
27.82     -10.8209
27.84     -13.4269
27.86     -15.1779
27.88     -16.129
27.9     -16.2609
27.92     -15.5169
27.94     -13.842
27.96     -11.2367
27.98     -7.80976
28     -3.82101
28.02     0.319664
28.04     4.1348
28.06     7.23061
28.08     9.41564
28.1     10.6872
28.12     11.142
28.14     10.9064
28.16     10.0975
28.18     8.80104
28.2     7.04958
28.22     4.83311
28.24     2.16144
28.26     -0.869064
28.28     -4.02999
28.3     -6.94872
28.32     -9.16179
28.34     -10.2467
28.36     -9.96528
28.38     -8.31723
28.4     -5.48264
28.42     -1.72217
28.44     2.69085
28.46     7.47038
28.48     12.2783
28.5     16.7588
28.52     20.6627
28.54     23.8771
28.56     26.2965
28.58     27.7334
28.6     27.9819
28.62     26.9336
28.64     24.6481
28.66     21.32
28.68     17.1914
28.7     12.4923
28.72     7.43749
28.74     2.25335
28.76     -2.83056
28.78     -7.61778
28.8     -11.9468
28.82     -15.6476
28.84     -18.4848
28.86     -20.163
28.88     -20.4481
28.9     -19.317
28.92     -16.971
28.94     -13.7384
28.96     -9.99174
28.98     -6.0468
29     -2.09248
29.02     1.76478
29.04     5.45504
29.06     8.94083
29.08     12.1755
29.1     15.0173
29.12     17.1811
29.14     18.2943
29.16     18.0318
29.18     16.2554
29.2     13.1051
29.22     8.9834
29.24     4.40436
29.26     -0.174383
29.28     -4.4248
29.3     -8.14793
29.32     -11.2522
29.34     -13.7183
29.36     -15.5519
29.38     -16.7253
29.4     -17.1249
29.42     -16.5562
29.44     -14.827
29.46     -11.8667
29.48     -7.81173
29.5     -3.00847
29.52     2.0481
29.54     6.81322
29.56     10.8262
29.58     13.8229
29.6     15.7532
29.62     16.701
29.64     16.7657
29.66     15.9991
29.68     14.4186
29.7     12.0477
29.72     8.94679
29.74     5.24454
29.76     1.17244
29.78     -2.92206
29.8     -6.61833
29.82     -9.52707
29.84     -11.3914
29.86     -12.1406
29.88     -11.8789
29.9     -10.8203
29.92     -9.19689
29.94     -7.16166
29.96     -4.73294
29.98     -1.83731
30     1.55711
30.02     5.33585
30.04     9.22242
30.06     12.8376
30.08     15.7965
30.1     17.7719
30.12     18.5191
30.14     17.9225
30.16     16.0763
30.18     13.2977
30.2     10.003
30.22     6.54449
30.24     3.12751
30.26     -0.155818
30.28     -3.227
30.3     -5.94825
30.32     -8.1254
30.34     -9.5406
30.36     -9.97673
30.38     -9.29599
30.4     -7.5496
30.42     -4.99609
30.44     -2.01572
30.46     0.996001
30.48     3.67863
30.5     5.73025
30.52     6.98001
30.54     7.52575
30.56     7.74523
30.58     8.05063
30.6     8.64569
30.62     9.47346
30.64     10.3091
30.66     10.8801
30.68     10.9418
30.7     10.333
30.72     9.01019
30.74     7.06883
30.76     4.72701
30.78     2.25798
30.8     -0.11242
30.82     -2.27939
30.84     -4.24378
30.86     -6.03964
30.88     -7.64938
30.9     -8.94125
30.92     -9.67971
30.94     -9.60384
30.96     -8.50869
30.98     -6.30641
31     -3.06803
31.02     0.95588
31.04     5.32166
31.06     9.44193
31.08     12.7511
31.1     14.8571
31.12     15.5777
31.14     14.9235
31.16     13.0916
31.18     10.4526
31.2     7.46025
31.22     4.50549
31.24     1.82359
31.26     -0.486998
31.28     -2.37414
31.3     -3.76272
31.32     -4.58914
31.34     -4.87547
31.36     -4.67473
31.38     -3.95308
31.4     -2.59203
31.42     -0.509887
31.44     2.2317
31.46     5.43
31.48     8.82126
31.5     12.1545
31.52     15.2
31.54     17.7248
31.56     19.5068
31.58     20.3933
31.6     20.3399
31.62     19.367
31.64     17.4691
31.66     14.5689
31.68     10.5788
31.7     5.53425
31.72     -0.324553
31.74     -6.57604
31.76     -12.7036
31.78     -18.1488
31.8     -22.2997
31.82     -24.548
31.84     -24.473
31.86     -22.0311
31.88     -17.6007
31.9     -11.8427
31.92     -5.48478
31.94     0.852752
31.96     6.70378
31.98     11.7097
32     15.6286
32.02     18.4289
32.04     20.3114
32.06     21.5262
32.08     22.1173
32.1     21.8856
32.12     20.6053
32.14     18.2318
32.16     14.9268
32.18     10.9526
32.2     6.57565
32.22     2.06612
32.24     -2.28757
32.26     -6.23838
32.28     -9.65449
32.3     -12.5372
32.32     -14.9413
32.34     -16.7996
32.36     -17.8454
32.38     -17.7293
32.4     -16.1679
32.42     -13.0303
32.44     -8.36995
32.46     -2.43074
32.48     4.3405
32.5     11.3161
32.52     17.7788
32.54     23.0622
32.56     26.6946
32.58     28.4609
32.6     28.3709
32.62     26.5946
32.64     23.3885
32.66     19.0431
32.68     13.8588
32.7     8.13866
32.72     2.20092
32.74     -3.60613
32.76     -8.91701
32.78     -13.3967
32.8     -16.7892
32.82     -18.9421
32.84     -19.7933
32.86     -19.3111
32.88     -17.4614
32.9     -14.2602
32.92     -9.8244
32.94     -4.3858
32.96     1.70018
32.98     8.00648
33     14.1223
33.02     19.6902
33.04     24.3949
33.06     27.9631
33.08     30.2312
33.1     31.2049
33.12     31.0381
33.14     29.9298
33.16     27.9938
33.18     25.2193
33.2     21.5256
33.22     16.8381
33.24     11.1875
33.26     4.7967
33.28     -1.91519
33.3     -8.40891
33.32     -14.1267
33.34     -18.5671
33.36     -21.3272
33.38     -22.1769
33.4     -21.1827
33.42     -18.7239
33.44     -15.3041
33.46     -11.3134
33.48     -6.90951
33.5     -2.0592
33.52     3.26302
33.54     8.88824
33.56     14.4636
33.58     19.583
33.6     23.8419
33.62     26.795
33.64     27.9964
33.66     27.1741
33.68     24.361
33.7     19.8844
33.72     14.2368
33.74     7.89685
33.76     1.22667
33.78     -5.49772
33.8     -12.0017
33.82     -17.9669
33.84     -23.056
33.86     -26.9461
33.88     -29.3506
33.9     -30.0717
33.92     -29.0248
33.94     -26.2257
33.96     -21.7632
33.98     -15.786
34     -8.53115
34.02     -0.351865
34.04     8.28359
34.06     16.8321
34.08     24.7228
34.1     31.3888
34.12     36.3226
34.14     39.167
34.16     39.8164
34.18     38.4541
34.2     35.4655
34.22     31.2624
34.24     26.1519
34.26     20.32
34.28     13.922
34.3     7.20484
34.32     0.524547
34.34     -5.73036
34.36     -11.1983
34.38     -15.571
34.4     -18.6237
34.42     -20.2811
34.44     -20.6751
34.46     -20.115
34.48     -18.8948
34.5     -17.0658
34.52     -14.4233
34.54     -10.6827
34.56     -5.67958
34.58     0.490376
34.6     7.42791
34.62     14.4762
34.64     20.7895
34.66     25.4554
34.68     27.755
34.7     27.4328
34.72     24.7682
34.74     20.4213
34.76     15.1422
34.78     9.51911
34.8     3.88826
34.82     -1.60423
34.84     -6.89267
34.86     -11.9244
34.88     -16.5803
34.9     -20.5638
34.92     -23.3685
34.94     -24.404
34.96     -23.2076
34.98     -19.6341
35     -13.9458
35.02     -6.77533
35.04     1.00169
35.06     8.46456
35.08     14.861
35.1     19.7454
35.12     23.0126
35.14     24.822
35.16     25.4471
35.18     25.1485
35.2     24.1149
35.22     22.4609
35.24     20.2663
35.26     17.6169
35.28     14.6198
35.3     11.3684
35.32     7.89231
35.34     4.21512
35.36     0.479013
35.38     -3.02403
35.4     -5.97402
35.42     -8.18492
35.44     -9.61474
35.46     -10.2344
35.48     -9.95795
35.5     -8.72741
35.52     -6.61239
35.54     -3.81005
35.56     -0.58195
35.58     2.81177
35.6     6.14137
35.62     9.1937
35.64     11.7491
35.66     13.6002
35.68     14.5906
35.7     14.626
35.72     13.6804
35.74     11.814
35.76     9.17692
35.78     5.97084
35.8     2.41967
35.82     -1.17364
35.84     -4.37596
35.86     -6.70496
35.88     -7.80402
35.9     -7.59464
35.92     -6.2882
35.94     -4.23652
35.96     -1.76604
35.98     0.882735
36     3.49137
36.02     5.80015
36.04     7.58527
36.06     8.79273
36.08     9.56154
36.1     10.074
36.12     10.3606
36.14     10.2688
36.16     9.62823
36.18     8.43015
36.2     6.825
36.22     4.97987
36.24     2.98519
36.26     0.873975
36.28     -1.30242
36.3     -3.43004
36.32     -5.37585
36.34     -7.0293
36.36     -8.27356
36.38     -8.97004
36.4     -8.97441
36.42     -8.17266
36.44     -6.53795
36.46     -4.15427
36.48     -1.20997
36.5     2.01832
36.52     5.21175
36.54     8.09633
36.56     10.5328
36.58     12.5352
36.6     14.1832
36.62     15.4952
36.64     16.3953
36.66     16.7834
36.68     16.5979
36.7     15.8282
36.72     14.4951
36.74     12.6512
36.76     10.4372
36.78     8.10793
36.8     5.96578
36.82     4.26022
36.84     3.11294
36.86     2.48916
36.88     2.24154
36.9     2.19769
36.92     2.19999
36.94     2.11916
36.96     1.89232
36.98     1.52899
37     1.0874
37.02     0.659714
37.04     0.350354
37.06     0.242278
37.08     0.388015
37.1     0.848534
37.12     1.70876
37.14     3.01732
37.16     4.71937
37.18     6.66847
37.2     8.68594
37.22     10.5814
37.24     12.1368
37.26     13.1001
37.28     13.2477
37.3     12.5181
37.32     11.0942
37.34     9.31444
37.36     7.48266
37.38     5.78841
37.4     4.34562
37.42     3.21675
37.44     2.3832
37.46     1.71978
37.48     1.05862
37.5     0.315767
37.52     -0.42432
37.54     -0.935532
37.56     -0.966469
37.58     -0.351994
37.6     0.942743
37.62     2.81314
37.64     5.01714
37.66     7.23207
37.68     9.14258
37.7     10.4975
37.72     11.1275
37.74     10.9641
37.76     10.0411
37.78     8.44933
37.8     6.30125
37.82     3.7188
37.84     0.837603
37.86     -2.16192
37.88     -5.03695
37.9     -7.51022
37.92     -9.30654
37.94     -10.173
37.96     -9.92511
37.98     -8.51664
38     -6.08426
38.02     -2.93688
38.04     0.542375
38.06     4.04211
38.08     7.38922
38.1     10.5051
38.12     13.3519
38.14     15.9245
38.16     18.2359
38.18     20.2553
38.2     21.8511
38.22     22.8065
38.24     22.8983
38.26     21.9941
38.28     20.1069
38.3     17.3513
38.32     13.883
38.34     9.90309
38.36     5.66981
38.38     1.45552
38.4     -2.52828
38.42     -6.1641
38.44     -9.384
38.46     -12.1038
38.48     -14.2089
38.5     -15.5615
38.52     -15.9902
38.54     -15.3197
38.56     -13.4574
38.58     -10.4644
38.6     -6.54633
38.62     -1.9761
38.64     2.94683
38.66     7.887
38.68     12.4709
38.7     16.3238
38.72     19.1674
38.74     20.9359
38.76     21.7768
38.78     21.9119
38.8     21.5084
38.82     20.631
38.84     19.2338
38.86     17.1872
38.88     14.3535
38.9     10.6459
38.92     6.08396
38.94     0.892551
38.96     -4.44995
38.98     -9.28038
39     -12.9172
39.02     -14.8763
39.04     -15.0327
39.06     -13.6246
39.08     -11.1177
39.1     -8.063
39.12     -4.983
39.14     -2.26118
39.16     -0.0840963
39.18     1.56144
39.2     2.83081
39.22     3.89763
39.24     4.82838
39.26     5.57881
39.28     6.09873
39.3     6.39133
39.32     6.5309
39.34     6.65082
39.36     6.87954
39.38     7.29728
39.4     7.92775
39.42     8.71774
39.44     9.48903
39.46     9.93629
39.48     9.75041
39.5     8.80736
39.52     7.26902
39.54     5.50674
39.56     3.9275
39.58     2.82357
39.6     2.30489
39.62     2.31814
39.64     2.70895
39.66     3.28154
39.68     3.83871
39.7     4.24447
39.72     4.50133
39.74     4.75326
39.76     5.2188
39.78     6.08728
39.8     7.39817
39.82     8.99217
39.84     10.5602
39.86     11.7555
39.88     12.3158
39.9     12.126
39.92     11.2202
39.94     9.75539
39.96     7.96591
39.98     6.08334
40     4.26502
40.02     2.61336
40.04     1.23093
40.06     0.212313
40.08     -0.37881
40.1     -0.483658
40.12     -0.00383673
40.14     1.20634
40.16     3.27227
40.18     6.18832
40.2     9.76368
40.22     13.6559
40.24     17.438
40.26     20.6706
40.28     22.9881
40.3     24.1669
40.32     24.1453
40.34     23.0194
40.36     21.0238
40.38     18.4821
40.4     15.7198
40.42     12.9456
40.44     10.1952
40.46     7.4053
40.48     4.5374
40.5     1.63823
40.52     -1.15903
40.54     -3.65105
40.56     -5.60153
40.58     -6.78133
40.6     -6.99509
40.62     -6.13617
40.64     -4.26873
40.66     -1.64709
40.68     1.37089
40.7     4.43588
40.72     7.28467
40.74     9.79348
40.76     11.9733
40.78     13.8812
40.8     15.5308
40.82     16.8557
40.84     17.6932
40.86     17.8062
40.88     16.957
40.9     14.9743
40.92     11.8047
40.94     7.57555
40.96     2.63272
40.98     -2.50202
41     -7.25322
41.02     -11.1226
41.04     -13.7469
41.06     -14.8965
41.08     -14.483
41.1     -12.5818
41.12     -9.42846
41.14     -5.35124
41.16     -0.679669
41.18     4.29126
41.2     9.28849
41.22     14.0329
41.24     18.2353
41.26     21.6393
41.28     24.0714
41.3     25.4316
41.32     25.6477
41.34     24.6771
41.36     22.537
41.38     19.3227
41.4     15.2273
41.42     10.5406
41.44     5.60341
41.46     0.767113
41.48     -3.6365
41.5     -7.34728
41.52     -10.1997
41.54     -12.1013
41.56     -13.0304
41.58     -13.0461
41.6     -12.2594
41.62     -10.7726
41.64     -8.63534
41.66     -5.86008
41.68     -2.49814
41.7     1.29197
41.72     5.24757
41.74     9.06608
41.76     12.4662
41.78     15.2059
41.8     17.0905
41.82     18.0029
41.84     17.9294
41.86     16.952
41.88     15.2104
41.9     12.8482
41.92     9.96384
41.94     6.60442
41.96     2.81741
41.98     -1.2887
42     -5.51964
42.02     -9.56881
42.04     -12.995
42.06     -15.3066
42.08     -16.1068
42.1     -15.1854
42.12     -12.5515
42.14     -8.41092
42.16     -3.11312
42.18     2.89332
42.2     9.10826
42.22     15.0576
42.24     20.3716
42.26     24.7917
42.28     28.1288
42.3     30.217
42.32     30.8802
42.34     29.9659
42.36     27.4261
42.38     23.362
42.4     18.0224
42.42     11.7883
42.44     5.14493
42.46     -1.37282
42.48     -7.24577
42.5     -12.0456
42.52     -15.5002
42.54     -17.4854
42.56     -17.9572
42.58     -16.9096
42.6     -14.3815
42.62     -10.469
42.64     -5.33569
42.66     0.745273
42.68     7.34873
42.7     13.9186
42.72     19.8542
42.74     24.6257
42.76     27.8543
42.78     29.3238
42.8     28.9784
42.82     26.9563
42.84     23.6115
42.86     19.4207
42.88     14.8022
42.9     10.0322
42.92     5.31458
42.94     0.853553
42.96     -3.14902
42.98     -6.52509
43     -9.13118
43.02     -10.7935
43.04     -11.3151
43.06     -10.61
43.08     -8.81705
43.1     -6.2483
43.12     -3.23549
43.14     -0.0199696
43.16     3.22622
43.18     6.31818
43.2     9.06286
43.22     11.3539
43.24     13.2341
43.26     14.8166
43.28     16.1337
43.3     17.0822
43.32     17.5095
43.34     17.3303
43.36     16.5682
43.38     15.312
43.4     13.6287
43.42     11.5388
43.44     9.08563
43.46     6.4024
43.48     3.69448
43.5     1.14782
43.52     -1.12478
43.54     -3.04502
43.56     -4.51325
43.58     -5.40624
43.6     -5.64223
43.62     -5.25394
43.64     -4.39048
43.66     -3.22242
43.68     -1.81407
43.7     -0.117784
43.72     1.9146
43.74     4.26277
43.76     6.8373
43.78     9.49846
43.8     12.0641
43.82     14.283
43.84     15.8267
43.86     16.3796
43.88     15.7749
43.9     14.0624
43.92     11.4856
43.94     8.38601
43.96     5.0878
43.98     1.84952
44     -1.1209
44.02     -3.65837
44.04     -5.64128
44.06     -6.98196
44.08     -7.59787
44.1     -7.37368
44.12     -6.1875
44.14     -4.0141
44.16     -0.993187
44.18     2.59241
44.2     6.3723
44.22     9.95869
44.24     13.0248
44.26     15.3701
44.28     16.9651
44.3     17.9352
44.32     18.462
44.34     18.6446
44.36     18.4228
44.38     17.6052
44.4     15.951
44.42     13.2821
44.44     9.59726
44.46     5.11924
44.48     0.269118
44.5     -4.39559
44.52     -8.28972
44.54     -10.955
44.56     -12.1785
44.58     -12.0097
44.6     -10.6771
44.62     -8.45958
44.64     -5.59198
44.66     -2.23581
44.68     1.50709
44.7     5.56341
44.72     9.83525
44.74     14.1169
44.76     18.0368
44.78     21.1063
44.8     22.8548
44.82     22.9624
44.84     21.3527
44.86     18.2213
44.88     13.9803
44.9     9.1527
44.92     4.24751
44.94     -0.354223
44.96     -4.44751
44.98     -7.97455
45     -10.9563
45.02     -13.4172
45.04     -15.3139
45.06     -16.486
45.08     -16.6615
45.1     -15.5494
45.12     -12.9942
45.14     -9.09076
45.16     -4.17949
45.18     1.2446
45.2     6.6262
45.22     11.4377
45.24     15.2919
45.26     18.0421
45.28     19.7802
45.3     20.7273
45.32     21.1004
45.34     21.0235
45.36     20.4946
45.38     19.398
45.4     17.5702
45.42     14.8962
45.44     11.3909
45.46     7.24018
45.48     2.78058
45.5     -1.57917
45.52     -5.44007
45.54     -8.48981
45.56     -10.5683
45.58     -11.6731
45.6     -11.8985
45.62     -11.3587
45.64     -10.1509
45.66     -8.33188
45.68     -5.89189
45.7     -2.78389
45.72     0.997237
45.74     5.33724
45.76     9.97113
45.78     14.5303
45.8     18.6392
45.82     21.9857
45.84     24.3276
45.86     25.4916
45.88     25.4154
45.9     24.1795
45.92     21.9688
45.94     18.9869
45.96     15.3969
45.98     11.3347
46     6.97145
46.02     2.55174
46.04     -1.6261
46.06     -5.27645
46.08     -8.18837
46.1     -10.2427
46.12     -11.4014
46.14     -11.6904
46.16     -11.1821
46.18     -9.99215
46.2     -8.27315
46.22     -6.1714
46.24     -3.7773
46.26     -1.13569
46.28     1.69468
46.3     4.59128
46.32     7.36352
46.34     9.79805
46.36     11.7226
46.38     13.0502
46.4     13.7952
46.42     14.0691
46.44     14.0543
46.46     13.9572
46.48     13.9351
46.5     14.0072
46.52     14.016
46.54     13.6807
46.56     12.6973
46.58     10.8383
46.6     8.04432
46.62     4.4921
46.64     0.578952
46.66     -3.17855
46.68     -6.26815
46.7     -8.29928
46.72     -9.09418
46.74     -8.71812
46.76     -7.42593
46.78     -5.54601
46.8     -3.36764
46.82     -1.07597
46.84     1.2566
46.86     3.63614
46.88     6.08784
46.9     8.58369
46.92     10.9794
46.94     12.9989
46.96     14.2977
46.98     14.578
47     13.69
47.02     11.6934
47.04     8.85793
47.06     5.58664
47.08     2.29748
47.1     -0.677309
47.12     -3.14709
47.14     -5.05769
47.16     -6.42825
47.18     -7.27859
47.2     -7.59651
47.22     -7.34013
47.24     -6.44761
47.26     -4.85394
47.28     -2.53776
47.3     0.415962
47.32     3.78169
47.34     7.20556
47.36     10.2932
47.38     12.7539
47.4     14.4909
47.42     15.5744
47.44     16.1398
47.46     16.3025
47.48     16.1336
47.5     15.6736
47.52     14.9297
47.54     13.841
47.56     12.2833
47.58     10.1708
47.6     7.58575
47.62     4.81461
47.64     2.24234
47.66     0.191665
47.68     -1.16247
47.7     -1.77568
47.72     -1.68381
47.74     -0.979532
47.76     0.188416
47.78     1.62711
47.8     3.1456
47.82     4.61776
47.84     6.00305
47.86     7.30298
47.88     8.49038
47.9     9.47076
47.92     10.1087
47.94     10.2943
47.96     9.99808
47.98     9.27814
48     8.26015
48.02     7.11864
48.04     6.05209
48.06     5.24295
48.08     4.81006
48.1     4.77436
48.12     5.06469
48.14     5.56191
48.16     6.14035
48.18     6.6814
48.2     7.0773
48.22     7.25095
48.24     7.18253
48.26     6.90659
48.28     6.4758
48.3     5.92096
48.32     5.24574
48.34     4.47969
48.36     3.72517
48.38     3.11566
48.4     2.73929
48.42     2.61271
48.44     2.70884
48.46     2.9973
48.48     3.45029
48.5     4.01008
48.52     4.56893
48.54     5.01148
48.56     5.29443
48.58     5.47869
48.6     5.67467
48.62     5.96232
48.64     6.36028
48.66     6.83905
48.68     7.33072
48.7     7.72214
48.72     7.86585
48.74     7.6254
48.76     6.92914
48.78     5.81007
48.8     4.42876
48.82     3.05247
48.84     1.97853
48.86     1.45472
48.88     1.63571
48.9     2.5686
48.92     4.191
48.94     6.32557
48.96     8.6841
48.98     10.9254
49     12.7536
49.02     13.9799
49.04     14.5273
49.06     14.4026
49.08     13.663
49.1     12.3882
49.12     10.6683
49.14     8.61152
49.16     6.36118
49.18     4.09045
49.2     1.97849
49.22     0.196759
49.24     -1.09461
49.26     -1.75478
49.28     -1.68612
49.3     -0.874696
49.32     0.572322
49.34     2.43702
49.36     4.47093
49.38     6.48282
49.4     8.36052
49.42     10.0371
49.44     11.4686
49.46     12.649
49.48     13.6161
49.5     14.4198
49.52     15.0708
49.54     15.504
49.56     15.5983
49.58     15.2462
49.6     14.4249
49.62     13.2134
49.64     11.7526
49.66     10.2028
49.68     8.72995
49.7     7.49806
49.72     6.64424
49.74     6.23821
49.76     6.2507
49.78     6.55341
49.8     6.96608
49.82     7.32315
49.84     7.50188
49.86     7.40584
49.88     6.95115
49.9     6.08508
49.92     4.81879
49.94     3.24018
49.96     1.49496
49.98     -0.243021
50     -1.78207
50.02     -2.91338
50.04     -3.43541
50.06     -3.20373
50.08     -2.17362
50.1     -0.402991
50.12     1.97765
50.14     4.79391
50.16     7.83873
50.18     10.8764
50.2     13.659
50.22     15.9613
50.24     17.6129
50.26     18.5048
50.28     18.5788
50.3     17.8258
50.32     16.3021
50.34     14.1461
50.36     11.5701
50.38     8.82657
50.4     6.15933
50.42     3.7558
50.44     1.72552
50.46     0.116868
50.48     -1.0513
50.5     -1.78525
50.52     -2.13639
50.54     -2.19721
50.56     -2.06875
50.58     -1.83563
50.6     -1.55554
50.62     -1.25992
50.64     -0.956801
50.66     -0.624758
50.68     -0.207864
50.7     0.382237
50.72     1.25522
50.74     2.51111
50.76     4.18993
50.78     6.2294
50.8     8.45878
50.82     10.6252
50.84     12.4446
50.86     13.6653
50.88     14.1201
50.9     13.7538
50.92     12.6219
50.94     10.8649
50.96     8.68859
50.98     6.34398
51     4.07841
51.02     2.06982
51.04     0.401146
51.06     -0.902439
51.08     -1.8173
51.1     -2.3054
51.12     -2.34113
51.14     -1.9368
51.16     -1.13649
51.18     0.0117013
51.2     1.46963
51.22     3.19061
51.24     5.09382
51.26     7.06335
51.28     8.96273
51.3     10.6404
51.32     11.9319
51.34     12.6746
51.36     12.7355
51.38     12.0347
51.4     10.5642
51.42     8.4036
51.44     5.72471
51.46     2.7782
51.48     -0.137736
51.5     -2.73223
51.52     -4.77684
51.54     -6.13422
51.56     -6.75548
51.58     -6.65615
51.6     -5.89739
51.62     -4.57445
51.64     -2.80245
51.66     -0.707006
51.68     1.58343
51.7     3.94987
51.72     6.29256
51.74     8.52627
51.76     10.572
51.78     12.3603
51.8     13.8309
51.82     14.9156
51.84     15.5197
51.86     15.5386
51.88     14.8943
51.9     13.5532
51.92     11.5344
51.94     8.92305
51.96     5.88738
51.98     2.6768
52     -0.42287
52.02     -3.15762
52.04     -5.35076
52.06     -6.90421
52.08     -7.77837
52.1     -7.97673
52.12     -7.53166
52.14     -6.48976
52.16     -4.90377
52.18     -2.83416
52.2     -0.36201
52.22     2.38714
52.24     5.22557
52.26     7.92437
52.28     10.2678
52.3     12.0912
52.32     13.2888
52.34     13.8243
52.36     13.7393
52.38     13.1304
52.4     12.099
52.42     10.707
52.44     8.96849
52.46     6.88566
52.48     4.49705
52.5     1.90283
52.52     -0.742721
52.54     -3.25627
52.56     -5.44383
52.58     -7.11642
52.6     -8.12412
52.62     -8.40053
52.64     -7.98355
52.66     -6.98819
52.68     -5.54109
52.7     -3.7248
52.72     -1.57777
52.74     0.869351
52.76     3.56164
52.78     6.40475
52.8     9.26851
52.82     11.9973
52.84     14.4114
52.86     16.3123
52.88     17.5132
52.9     17.891
52.92     17.425
52.94     16.1893
52.96     14.307
52.98     11.9113
53     9.13972
53.02     6.14606
53.04     3.10544
53.06     0.204662
53.08     -2.37945
53.1     -4.49455
53.12     -6.01712
53.14     -6.85126
53.16     -6.92918
53.18     -6.22417
53.2     -4.77103
53.22     -2.67711
53.24     -0.111378
53.26     2.72014
53.28     5.59605
53.3     8.29337
53.32     10.5968
53.34     12.3166
53.36     13.3183
53.38     13.5478
53.4     13.0378
53.42     11.8955
53.44     10.2777
53.46     8.35701
53.48     6.29236
53.5     4.22249
53.52     2.26834
53.54     0.530202
53.56     -0.921388
53.58     -2.05223
53.6     -2.85503
53.62     -3.32927
53.64     -3.4683
53.66     -3.25892
53.68     -2.69567
53.7     -1.80594
53.72     -0.661976
53.74     0.636651
53.76     1.99158
53.78     3.31708
53.8     4.53433
53.82     5.56439
53.84     6.33199
53.86     6.78425
53.88     6.90729
53.9     6.71982
53.92     6.25153
53.94     5.53163
53.96     4.59591
53.98     3.50406
54     2.34864
54.02     1.24091
54.04     0.283279
54.06     -0.446713
54.08     -0.889496
54.1     -0.996422
54.12     -0.74307
54.14     -0.145255
54.16     0.744635
54.18     1.86236
54.2     3.15639
54.22     4.58869
54.24     6.11901
54.26     7.69387
54.28     9.24587
54.3     10.6973
54.32     11.9604
54.34     12.9388
54.36     13.5386
54.38     13.6869
54.4     13.3521
54.42     12.5521
54.44     11.3434
54.46     9.80581
54.48     8.03007
54.5     6.10839
54.52     4.13405
54.54     2.20961
54.56     0.44558
54.58     -1.05426
54.6     -2.20413
54.62     -2.93304
54.64     -3.17554
54.66     -2.87972
54.68     -2.03927
54.7     -0.718429
54.72     0.960751
54.74     2.85597
54.76     4.82748
54.78     6.73491
54.8     8.43633
54.82     9.80889
54.84     10.7774
54.86     11.3261
54.88     11.4809
54.9     11.279
54.92     10.7567
54.94     9.95531
54.96     8.92415
54.98     7.71725
55     6.39259
55.02     5.01414
55.04     3.65135
55.06     2.37614
55.08     1.263
55.1     0.393193
55.12     -0.152854
55.14     -0.318925
55.16     -0.0927491
55.18     0.494959
55.2     1.38799
55.22     2.52195
55.24     3.83267
55.26     5.257
55.28     6.73206
55.3     8.19912
55.32     9.61101
55.34     10.9326
55.36     12.1293
55.38     13.1556
55.4     13.9562
55.42     14.4797
55.44     14.6998
55.46     14.6258
55.48     14.2982
55.5     13.7756
55.52     13.1188
55.54     12.3786
55.56     11.5904
55.58     10.7736
55.6     9.93334
55.62     9.06495
55.64     8.16554
55.66     7.24618
55.68     6.33851
55.7     5.4939
55.72     4.77405
55.74     4.23694
55.76     3.92281
55.78     3.84183
55.8     3.97023
55.82     4.25956
55.84     4.65472
55.86     5.10905
55.88     5.5867
55.9     6.05547
55.92     6.48504
55.94     6.85485
55.96     7.15878
55.98     7.39859
56     7.57204
56.02     7.66607
56.04     7.66182
56.06     7.54827
56.08     7.33021
56.1     7.02577
56.12     6.65996
56.14     6.25725
56.16     5.84136
56.18     5.44514
56.2     5.11626
56.22     4.91013
56.24     4.8738
56.26     5.03126
56.28     5.37854
56.3     5.88737
56.32     6.51052
56.34     7.18197
56.36     7.81956
56.38     8.33936
56.4     8.67453
56.42     8.78819
56.44     8.67264
56.46     8.33893
56.48     7.80749
56.5     7.10226
56.52     6.24654
56.54     5.2635
56.56     4.18248
56.58     3.04711
56.6     1.91891
56.62     0.872505
56.64     -0.0148196
56.66     -0.673438
56.68     -1.04849
56.7     -1.10845
56.72     -0.855302
56.74     -0.323956
56.76     0.435621
56.78     1.37947
56.8     2.46954
56.82     3.65798
56.84     4.88632
56.86     6.09945
56.88     7.25218
56.9     8.30307
56.92     9.20417
56.94     9.89775
56.96     10.3287
56.98     10.4646
57     10.3011
57.02     9.84649
57.04     9.11001
57.06     8.10662
57.08     6.86893
57.1     5.45676
57.12     3.95594
57.14     2.46722
57.16     1.09225
57.18     -0.0766445
57.2     -0.960037
57.22     -1.49308
57.24     -1.63282
57.26     -1.36464
57.28     -0.698553
57.3     0.338692
57.32     1.70964
57.34     3.36919
57.36     5.26126
57.38     7.3126
57.4     9.42657
57.42     11.4803
57.44     13.3334
57.46     14.85
57.48     15.9243
57.5     16.4965
57.52     16.5542
57.54     16.1271
57.56     15.2767
57.58     14.0839
57.6     12.6311
57.62     10.9772
57.64     9.14701
57.66     7.15213
57.68     5.02848
57.7     2.8574
57.72     0.760836
57.74     -1.11578
57.76     -2.62008
57.78     -3.61101
57.8     -3.98303
57.82     -3.69077
57.84     -2.76426
57.86     -1.30475
57.88     0.538808
57.9     2.6007
57.92     4.72372
57.94     6.76998
57.96     8.62288
57.98     10.1878
58     11.3896
58.02     12.1655
58.04     12.4607
58.06     12.2325
58.08     11.4659
58.1     10.1899
58.12     8.48369
58.14     6.47501
58.16     4.33232
58.18     2.24713
58.2     0.407538
58.22     -1.03102
58.24     -1.97168
58.26     -2.38669
58.28     -2.30261
58.3     -1.77631
58.32     -0.877399
58.34     0.32871
58.36     1.79303
58.38     3.48141
58.4     5.35922
58.42     7.36241
58.44     9.37202
58.46     11.2197
58.48     12.7186
58.5     13.6964
58.52     14.0245
58.54     13.6509
58.56     12.6236
58.58     11.0884
58.6     9.2532
58.62     7.32594
58.64     5.46211
58.66     3.75096
58.68     2.22951
58.7     0.903868
58.72     -0.226489
58.74     -1.14225
58.76     -1.7911
58.78     -2.09907
58.8     -1.99659
58.82     -1.44724
58.84     -0.47089
58.86     0.849582
58.88     2.38092
58.9     3.97193
58.92     5.49472
58.94     6.86891
58.96     8.06059
58.98     9.07016
59     9.92054
59.02     10.642
59.04     11.2454
59.06     11.6951
59.08     11.9072
59.1     11.786
59.12     11.2733
59.14     10.3727
59.16     9.13778
59.18     7.64809
59.2     5.99907
59.22     4.30373
59.24     2.68314
59.26     1.24222
59.28     0.0501769
59.3     -0.85552
59.32     -1.44591
59.34     -1.68306
59.36     -1.5243
59.38     -0.941814
59.4     0.0565401
59.42     1.41793
59.44     3.05115
59.46     4.83837
59.48     6.64365
59.5     8.3219
59.52     9.73203
59.54     10.7547
59.56     11.3102
59.58     11.3666
59.6     10.9353
59.62     10.0594
59.64     8.80854
59.66     7.28434
59.68     5.61458
59.7     3.93191
59.72     2.35729
59.74     0.997994
59.76     -0.049522
59.78     -0.709137
59.8     -0.943094
59.82     -0.757264
59.84     -0.184213
59.86     0.738431
59.88     1.9705
59.9     3.45557
59.92     5.1138
59.94     6.8523
59.96     8.57618
59.98     10.1825
60     11.5476
