TIME/STEP     RF_deform_x
0     0
0.02     4.50397e-05
0.04     0.000224972
0.06     0.000381519
0.08     -0.000677959
0.1     -0.00373189
0.12     -0.00757132
0.14     -0.0112166
0.16     -0.0153326
0.18     -0.0210572
0.2     -0.0285434
0.22     -0.0367792
0.24     -0.0452888
0.26     -0.0546383
0.28     -0.0642025
0.3     -0.0730509
0.32     -0.0809976
0.34     -0.0867812
0.36     -0.089158
0.38     -0.0896507
0.4     -0.0919434
0.42     -0.095674
0.44     -0.0956712
0.46     -0.0906781
0.48     -0.0843813
0.5     -0.0784736
0.52     -0.0711363
0.54     -0.0607918
0.56     -0.0494561
0.58     -0.039497
0.6     -0.031048
0.62     -0.0239717
0.64     -0.0186381
0.66     -0.0166799
0.68     -0.0190413
0.7     -0.024393
0.72     -0.0300813
0.74     -0.0343957
0.76     -0.0384997
0.78     -0.042156
0.8     -0.0406743
0.82     -0.0299094
0.84     -0.00981389
0.86     0.0182349
0.88     0.0522763
0.9     0.088999
0.92     0.127233
0.94     0.165695
0.96     0.199708
0.98     0.225343
1     0.240058
1.02     0.24286
1.04     0.234132
1.06     0.210807
1.08     0.169352
1.1     0.113322
1.12     0.0486162
1.14     -0.0210418
1.16     -0.0909272
1.18     -0.157961
1.2     -0.224592
1.22     -0.294476
1.24     -0.366363
1.26     -0.431674
1.28     -0.481018
1.3     -0.517341
1.32     -0.548284
1.34     -0.570827
1.36     -0.58034
1.38     -0.577881
1.4     -0.562437
1.42     -0.529746
1.44     -0.474554
1.46     -0.396414
1.48     -0.302223
1.5     -0.198498
1.52     -0.0906959
1.54     0.0158461
1.56     0.117849
1.58     0.212566
1.6     0.297184
1.62     0.367648
1.64     0.414859
1.66     0.431648
1.68     0.423574
1.7     0.400517
1.72     0.362941
1.74     0.307538
1.76     0.240064
1.78     0.169889
1.8     0.0999238
1.82     0.0308276
1.84     -0.034511
1.86     -0.0899651
1.88     -0.131176
1.9     -0.160503
1.92     -0.176929
1.94     -0.176279
1.96     -0.162734
1.98     -0.144054
2     -0.123456
2.02     -0.101237
2.04     -0.0778563
2.06     -0.0579861
2.08     -0.0490556
2.1     -0.0505276
2.12     -0.0556676
2.14     -0.063818
2.16     -0.0814371
2.18     -0.113875
2.2     -0.152348
2.22     -0.184849
2.24     -0.217308
2.26     -0.253208
2.28     -0.281888
2.3     -0.295909
2.32     -0.29444
2.34     -0.280951
2.36     -0.256215
2.38     -0.212559
2.4     -0.151398
2.42     -0.0905486
2.44     -0.0442453
2.46     -0.0162916
2.48     -0.00562247
2.5     -0.00699912
2.52     -0.0176519
2.54     -0.0446427
2.56     -0.0969447
2.58     -0.174686
2.6     -0.270159
2.62     -0.374314
2.64     -0.481002
2.66     -0.578936
2.68     -0.652031
2.7     -0.694454
2.72     -0.706876
2.74     -0.695665
2.76     -0.674563
2.78     -0.64526
2.8     -0.593999
2.82     -0.50597
2.84     -0.378723
2.86     -0.228622
2.88     -0.0806101
2.9     0.0437947
2.92     0.137534
2.94     0.20963
2.96     0.267246
2.98     0.303528
3     0.307679
3.02     0.281135
3.04     0.228456
3.06     0.138709
3.08     0.00240677
3.1     -0.157903
3.12     -0.305704
3.14     -0.428689
3.16     -0.532033
3.18     -0.613677
3.2     -0.657404
3.22     -0.644095
3.24     -0.578418
3.26     -0.478957
3.28     -0.346143
3.3     -0.189092
3.32     -0.0403225
3.34     0.0770503
3.36     0.152152
3.38     0.183453
3.4     0.179159
3.42     0.131956
3.44     0.0232209
3.46     -0.14305
3.48     -0.340894
3.5     -0.54018
3.52     -0.711544
3.54     -0.830269
3.56     -0.885357
3.58     -0.886967
3.6     -0.844527
3.62     -0.745349
3.64     -0.583505
3.66     -0.383232
3.68     -0.174162
3.7     0.0219696
3.72     0.178198
3.74     0.267786
3.76     0.271058
3.78     0.189964
3.8     0.0697912
3.82     -0.0520849
3.84     -0.192847
3.86     -0.36921
3.88     -0.567621
3.9     -0.764724
3.92     -0.923788
3.94     -1.01079
3.96     -1.0159
3.98     -0.943058
4     -0.819167
4.02     -0.695047
4.04     -0.59585
4.06     -0.502941
4.08     -0.389208
4.1     -0.241618
4.12     -0.0726869
4.14     0.0820135
4.16     0.191652
4.18     0.240596
4.2     0.233987
4.22     0.202896
4.24     0.185142
4.26     0.192938
4.28     0.193366
4.3     0.142109
4.32     0.0246952
4.34     -0.144907
4.36     -0.342219
4.38     -0.550673
4.4     -0.753849
4.42     -0.92124
4.44     -1.03891
4.46     -1.14041
4.48     -1.27018
4.5     -1.41881
4.52     -1.52318
4.54     -1.53751
4.56     -1.47465
4.58     -1.3694
4.6     -1.24244
4.62     -1.11071
4.64     -1.00658
4.66     -0.953953
4.68     -0.924619
4.7     -0.860693
4.72     -0.740653
4.74     -0.592649
4.76     -0.446509
4.78     -0.307443
4.8     -0.173752
4.82     -0.0361942
4.84     0.122133
4.86     0.305306
4.88     0.494512
4.9     0.652907
4.92     0.760012
4.94     0.827662
4.96     0.86831
4.98     0.889117
5     0.907228
5.02     0.932958
5.04     0.957115
5.06     0.96326
5.08     0.954651
5.1     0.985936
5.12     1.11248
5.14     1.30531
5.16     1.48615
5.18     1.61379
5.2     1.6874
5.22     1.70419
5.24     1.64832
5.26     1.50704
5.28     1.30621
5.3     1.09674
5.32     0.879554
5.34     0.613746
5.36     0.280128
5.38     -0.0973607
5.4     -0.460725
5.42     -0.746112
5.44     -0.907985
5.46     -0.940486
5.48     -0.884147
5.5     -0.806802
5.52     -0.768102
5.54     -0.778069
5.56     -0.802505
5.58     -0.81701
5.6     -0.835867
5.62     -0.879217
5.64     -0.950902
5.66     -1.05945
5.68     -1.20209
5.7     -1.33997
5.72     -1.42996
5.74     -1.46101
5.76     -1.44205
5.78     -1.36717
5.8     -1.21807
5.82     -0.998291
5.84     -0.739243
5.86     -0.477053
5.88     -0.240188
5.9     -0.0393236
5.92     0.140869
5.94     0.31685
5.96     0.479264
5.98     0.622204
6     0.770977
6.02     0.932097
6.04     1.06742
6.06     1.1454
6.08     1.16314
6.1     1.13825
6.12     1.11129
6.14     1.11133
6.16     1.11336
6.18     1.06442
6.2     0.930827
6.22     0.715118
6.24     0.453411
6.26     0.186925
6.28     -0.0549562
6.3     -0.235959
6.32     -0.320992
6.34     -0.31028
6.36     -0.229657
6.38     -0.0995999
6.4     0.070661
6.42     0.28046
6.44     0.520406
6.46     0.752508
6.48     0.94424
6.5     1.09929
6.52     1.21199
6.54     1.24198
6.56     1.1641
6.58     1.00525
6.6     0.821598
6.62     0.650687
6.64     0.50237
6.66     0.400141
6.68     0.375873
6.7     0.4133
6.72     0.467094
6.74     0.516535
6.76     0.556929
6.78     0.585316
6.8     0.603026
6.82     0.599847
6.84     0.532667
6.86     0.346226
6.88     0.0201021
6.9     -0.413443
6.92     -0.874066
6.94     -1.28028
6.96     -1.61034
6.98     -1.88234
7     -2.09883
7.02     -2.24069
7.04     -2.28824
7.06     -2.23122
7.08     -2.0682
7.1     -1.80755
7.12     -1.48288
7.14     -1.15455
7.16     -0.868861
7.18     -0.632951
7.2     -0.441921
7.22     -0.298728
7.24     -0.19717
7.26     -0.128223
7.28     -0.110695
7.3     -0.171805
7.32     -0.292704
7.34     -0.410186
7.36     -0.481395
7.38     -0.519167
7.4     -0.554053
7.42     -0.584546
7.44     -0.590586
7.46     -0.574834
7.48     -0.5458
7.5     -0.47222
7.52     -0.304044
7.54     -0.0398017
7.56     0.268518
7.58     0.585001
7.6     0.921423
7.62     1.28646
7.64     1.64436
7.66     1.94521
7.68     2.18424
7.7     2.39221
7.72     2.55874
7.74     2.62098
7.76     2.53966
7.78     2.33642
7.8     2.0589
7.82     1.76037
7.84     1.50587
7.86     1.33406
7.88     1.2181
7.9     1.11449
7.92     1.02935
7.94     1.00086
7.96     1.03625
7.98     1.10061
8     1.14991
8.02     1.13921
8.04     1.02015
8.06     0.758157
8.08     0.354542
8.1     -0.149774
8.12     -0.701382
8.14     -1.27159
8.16     -1.84645
8.18     -2.38628
8.2     -2.8374
8.22     -3.15231
8.24     -3.28932
8.26     -3.22909
8.28     -2.9873
8.3     -2.62638
8.32     -2.24238
8.34     -1.89927
8.36     -1.59413
8.38     -1.31696
8.4     -1.10296
8.42     -0.997073
8.44     -1.02256
8.46     -1.19265
8.48     -1.50543
8.5     -1.91103
8.52     -2.30659
8.54     -2.59533
8.56     -2.74262
8.58     -2.76816
8.6     -2.70849
8.62     -2.58986
8.64     -2.41916
8.66     -2.19576
8.68     -1.92936
8.7     -1.62619
8.72     -1.28645
8.74     -0.938777
8.76     -0.627324
8.78     -0.364736
8.8     -0.124296
8.82     0.131909
8.84     0.428684
8.86     0.77769
8.88     1.18106
8.9     1.62989
8.92     2.1132
8.94     2.61389
8.96     3.08116
8.98     3.42986
9     3.59127
9.02     3.58008
9.04     3.48728
9.06     3.37788
9.08     3.23579
9.1     3.02871
9.12     2.77598
9.14     2.53444
9.16     2.34712
9.18     2.23175
9.2     2.22423
9.22     2.38896
9.24     2.75586
9.26     3.26427
9.28     3.78465
9.3     4.21953
9.32     4.56666
9.34     4.8585
9.36     5.07547
9.38     5.14256
9.4     5.01289
9.42     4.74467
9.44     4.4499
9.46     4.16283
9.48     3.80996
9.5     3.31117
9.52     2.6883
9.54     2.05572
9.56     1.49497
9.58     0.985096
9.6     0.474659
9.62     -0.0424293
9.64     -0.579658
9.66     -1.23029
9.68     -2.08034
9.7     -3.06513
9.72     -3.97479
9.74     -4.62372
9.76     -5.0152
9.78     -5.2786
9.8     -5.46647
9.82     -5.48648
9.84     -5.21524
9.86     -4.65181
9.88     -3.91693
9.9     -3.10075
9.92     -2.19397
9.94     -1.18972
9.96     -0.189319
9.98     0.642365
10     1.20394
10.02     1.50394
10.04     1.60298
10.06     1.55214
10.08     1.39067
10.1     1.15732
10.12     0.892947
10.14     0.646572
10.16     0.454334
10.18     0.339344
10.2     0.345205
10.22     0.499415
10.24     0.754199
10.26     1.02857
10.28     1.27549
10.3     1.48892
10.32     1.70832
10.34     1.98989
10.36     2.33527
10.38     2.6799
10.4     2.92772
10.42     3.01523
10.44     2.98278
10.46     2.95284
10.48     3.05639
10.5     3.39233
10.52     3.96848
10.54     4.65663
10.56     5.26939
10.58     5.65505
10.6     5.75193
10.62     5.63447
10.64     5.43843
10.66     5.22906
10.68     4.97963
10.7     4.60608
10.72     4.0205
10.74     3.21604
10.76     2.28261
10.78     1.35141
10.8     0.560563
10.82     -0.0203567
10.84     -0.472287
10.86     -0.963037
10.88     -1.62536
10.9     -2.48036
10.92     -3.43218
10.94     -4.35427
10.96     -5.1756
10.98     -5.89408
11     -6.51378
11.02     -6.99915
11.04     -7.31845
11.06     -7.44357
11.08     -7.30263
11.1     -6.82278
11.12     -5.99436
11.14     -4.88216
11.16     -3.63283
11.18     -2.43238
11.2     -1.39539
11.22     -0.540328
11.24     0.140786
11.26     0.63055
11.28     0.860209
11.3     0.75619
11.32     0.326829
11.34     -0.304759
11.36     -0.919462
11.38     -1.27862
11.4     -1.21381
11.42     -0.663308
11.44     0.325082
11.46     1.59379
11.48     2.93667
11.5     4.1922
11.52     5.24078
11.54     5.9682
11.56     6.26259
11.58     6.01983
11.6     5.16871
11.62     3.70925
11.64     1.71421
11.66     -0.681476
11.68     -3.24479
11.7     -5.66573
11.72     -7.65131
11.74     -8.97228
11.76     -9.48566
11.78     -9.15038
11.8     -8.02085
11.82     -6.22609
11.84     -3.90958
11.86     -1.2281
11.88     1.57016
11.9     4.17008
11.92     6.3291
11.94     7.94997
11.96     9.01986
11.98     9.52811
12     9.45369
12.02     8.81069
12.04     7.69743
12.06     6.30442
12.08     4.87571
12.1     3.64389
12.12     2.7358
12.14     2.13587
12.16     1.78591
12.18     1.63372
12.2     1.62116
12.22     1.73548
12.24     1.97706
12.26     2.27379
12.28     2.48135
12.3     2.42662
12.32     2.01245
12.34     1.30867
12.36     0.461139
12.38     -0.465337
12.4     -1.5046
12.42     -2.71914
12.44     -4.15015
12.46     -5.78303
12.48     -7.53116
12.5     -9.22938
12.52     -10.6601
12.54     -11.6601
12.56     -12.1844
12.58     -12.2555
12.6     -11.9297
12.62     -11.299
12.64     -10.426
12.66     -9.26468
12.68     -7.71878
12.7     -5.79758
12.72     -3.69401
12.74     -1.72393
12.76     -0.170561
12.78     0.835416
12.8     1.32866
12.82     1.42623
12.84     1.23746
12.86     0.847303
12.88     0.298665
12.9     -0.436995
12.92     -1.41078
12.94     -2.58685
12.96     -3.80555
12.98     -4.85071
13     -5.51679
13.02     -5.68716
13.04     -5.44386
13.06     -5.05211
13.08     -4.75274
13.1     -4.56649
13.12     -4.32387
13.14     -3.84974
13.16     -3.08082
13.18     -2.0639
13.2     -0.920391
13.22     0.219639
13.24     1.28095
13.26     2.22338
13.28     3.01757
13.3     3.68588
13.32     4.26756
13.34     4.70925
13.36     4.8913
13.38     4.70918
13.4     4.12043
13.42     3.2246
13.44     2.24153
13.46     1.38516
13.48     0.787675
13.5     0.449273
13.52     0.256614
13.54     0.123561
13.56     0.0537393
13.58     0.0692258
13.6     0.163748
13.62     0.309906
13.64     0.498916
13.66     0.734403
13.68     0.92918
13.7     0.902963
13.72     0.557622
13.74     0.00614525
13.76     -0.516527
13.78     -0.855754
13.8     -0.987066
13.82     -0.891892
13.84     -0.505387
13.86     0.191102
13.88     1.09909
13.9     2.0439
13.92     2.89568
13.94     3.65772
13.96     4.41991
13.98     5.23031
14     5.9945
14.02     6.48792
14.04     6.52901
14.06     6.15059
14.08     5.55455
14.1     4.93699
14.12     4.38476
14.14     3.88525
14.16     3.37968
14.18     2.80688
14.2     2.10014
14.22     1.17551
14.24     -0.0132972
14.26     -1.45547
14.28     -3.14926
14.3     -5.14589
14.32     -7.52029
14.34     -10.2764
14.36     -13.2848
14.38     -16.3135
14.4     -19.1215
14.42     -21.5771
14.44     -23.6529
14.46     -25.291
14.48     -26.3266
14.5     -26.5632
14.52     -25.9313
14.54     -24.5369
14.56     -22.5622
14.58     -20.1873
14.6     -17.5901
14.62     -14.9318
14.64     -12.2864
14.66     -9.61498
14.68     -6.84649
14.7     -3.97341
14.72     -1.0715
14.74     1.78573
14.76     4.61787
14.78     7.5016
14.8     10.4517
14.82     13.3614
14.84     16.0774
14.86     18.5282
14.88     20.7372
14.9     22.7105
14.92     24.3583
14.94     25.4982
14.96     25.9321
14.98     25.591
15     24.6309
15.02     23.3473
15.04     21.9664
15.06     20.5277
15.08     18.9608
15.1     17.2187
15.12     15.2786
15.14     13.0915
15.16     10.6212
15.18     7.9014
15.2     4.98206
15.22     1.81835
15.24     -1.70819
15.26     -5.67047
15.28     -10.0471
15.3     -14.7429
15.32     -19.6469
15.34     -24.6259
15.36     -29.4025
15.38     -33.5345
15.4     -36.639
15.42     -38.625
15.44     -39.6746
15.46     -40.0208
15.48     -39.7413
15.5     -38.7332
15.52     -36.8843
15.54     -34.2575
15.56     -31.1053
15.58     -27.778
15.6     -24.6052
15.62     -21.7742
15.64     -19.2992
15.66     -17.069
15.68     -14.8787
15.7     -12.4757
15.72     -9.68518
15.74     -6.51507
15.76     -3.11749
15.78     0.376973
15.8     3.99333
15.82     7.84679
15.84     11.9798
15.86     16.2975
15.88     20.605
15.9     24.6964
15.92     28.4185
15.94     31.6208
15.96     34.1228
15.98     35.8169
16     36.7529
16.02     37.0861
16.04     36.962
16.06     36.4336
16.08     35.4801
16.1     34.0966
16.12     32.3333
16.14     30.2277
16.16     27.7727
16.18     24.9766
16.2     21.8807
16.22     18.4942
16.24     14.7687
16.26     10.6871
16.28     6.32903
16.3     1.81778
16.32     -2.72356
16.34     -7.16616
16.36     -11.3868
16.38     -15.2898
16.4     -18.8156
16.42     -21.9142
16.44     -24.5231
16.46     -26.611
16.48     -28.214
16.5     -29.3767
16.52     -30.0707
16.54     -30.2094
16.56     -29.7317
16.58     -28.6283
16.6     -26.8874
16.62     -24.4712
16.64     -21.3712
16.66     -17.6442
16.68     -13.3766
16.7     -8.63561
16.72     -3.48132
16.74     1.92624
16.76     7.27475
16.78     12.2509
16.8     16.7106
16.82     20.629
16.84     23.9326
16.86     26.4551
16.88     28.0573
16.9     28.766
16.92     28.7666
16.94     28.2469
16.96     27.3067
16.98     26.0115
17     24.4376
17.02     22.6502
17.04     20.6481
17.06     18.3649
17.08     15.7743
17.1     12.9357
17.12     9.90005
17.14     6.63009
17.16     3.04417
17.18     -0.885023
17.2     -5.06848
17.22     -9.34013
17.24     -13.5628
17.26     -17.6322
17.28     -21.4064
17.3     -24.7066
17.32     -27.3905
17.34     -29.4114
17.36     -30.7968
17.38     -31.5942
17.4     -31.7834
17.42     -31.2104
17.44     -29.6765
17.46     -27.1048
17.48     -23.613
17.5     -19.4208
17.52     -14.6833
17.54     -9.44277
17.56     -3.73329
17.58     2.30742
17.6     8.44497
17.62     14.4353
17.64     20.0485
17.66     25.0519
17.68     29.2118
17.7     32.3239
17.72     34.2882
17.74     35.1201
17.76     34.904
17.78     33.7959
17.8     32.0269
17.82     29.8695
17.84     27.5947
17.86     25.4104
17.88     23.4296
17.9     21.7303
17.92     20.4128
17.94     19.5501
17.96     19.1131
17.98     18.9599
18     18.9081
18.02     18.8114
18.04     18.5291
18.06     17.8795
18.08     16.6933
18.1     14.9104
18.12     12.634
18.14     10.0603
18.16     7.3321
18.18     4.52933
18.2     1.7528
18.22     -0.927246
18.24     -3.57559
18.26     -6.31879
18.28     -9.17318
18.3     -11.9979
18.32     -14.5855
18.34     -16.7938
18.36     -18.6256
18.38     -20.1902
18.4     -21.6031
18.42     -22.8971
18.44     -23.954
18.46     -24.5206
18.48     -24.3484
18.5     -23.3573
18.52     -21.6608
18.54     -19.421
18.56     -16.707
18.58     -13.5305
18.6     -9.96037
18.62     -6.14917
18.64     -2.30326
18.66     1.3965
18.68     4.85667
18.7     8.0157
18.72     10.803
18.74     13.1531
18.76     14.9955
18.78     16.2872
18.8     17.0817
18.82     17.5149
18.84     17.7356
18.86     17.8535
18.88     17.9057
18.9     17.8736
18.92     17.7515
18.94     17.5872
18.96     17.4716
18.98     17.4962
19     17.6872
19.02     17.9898
19.04     18.3401
19.06     18.7468
19.08     19.265
19.1     19.9011
19.12     20.5928
19.14     21.2664
19.16     21.8924
19.18     22.4639
19.2     22.9073
19.22     23.0941
19.24     22.9438
19.26     22.4233
19.28     21.453
19.3     19.9283
19.32     17.8514
19.34     15.3408
19.36     12.5282
19.38     9.50965
19.4     6.36632
19.42     3.18982
19.44     0.0641616
19.46     -2.96682
19.48     -5.89104
19.5     -8.6777
19.52     -11.2274
19.54     -13.4209
19.56     -15.2153
19.58     -16.6825
19.6     -17.9753
19.62     -19.2068
19.64     -20.3769
19.66     -21.4237
19.68     -22.3016
19.7     -23.0019
19.72     -23.5151
19.74     -23.8233
19.76     -23.9419
19.78     -23.9442
19.8     -23.9289
19.82     -23.8964
19.84     -23.6811
19.86     -23.0776
19.88     -22.0114
19.9     -20.5642
19.92     -18.8532
19.94     -16.9278
19.96     -14.7582
19.98     -12.2919
20     -9.49028
20.02     -6.32382
20.04     -2.84524
20.06     0.739929
20.08     4.17846
20.1     7.36886
20.12     10.4139
20.14     13.478
20.16     16.6356
20.18     19.8329
20.2     22.966
20.22     25.9572
20.24     28.764
20.26     31.376
20.28     33.8209
20.3     36.1499
20.32     38.3497
20.34     40.2759
20.36     41.7346
20.38     42.5955
20.4     42.8072
20.42     42.3438
20.44     41.1629
20.46     39.2148
20.48     36.4963
20.5     33.0802
20.52     29.0434
20.54     24.3862
20.56     19.0956
20.58     13.2534
20.6     7.03378
20.62     0.593117
20.64     -5.98845
20.66     -12.6757
20.68     -19.44
20.7     -26.1981
20.72     -32.7707
20.74     -38.8985
20.76     -44.3011
20.78     -48.7962
20.8     -52.3699
20.82     -55.0966
20.84     -57
20.86     -58.0274
20.88     -58.1197
20.9     -57.2316
20.92     -55.3029
20.94     -52.2599
20.96     -48.0758
20.98     -42.8069
21     -36.5422
21.02     -29.3326
21.04     -21.1907
21.06     -12.1125
21.08     -2.07727
21.1     8.91456
21.12     20.7404
21.14     33.0568
21.16     45.343
21.18     57.0763
21.2     67.8561
21.22     77.3936
21.24     85.4308
21.26     91.71
21.28     96.0227
21.3     98.2507
21.32     98.3299
21.34     96.2077
21.36     91.8966
21.38     85.5528
21.4     77.54
21.42     68.447
21.44     58.8906
21.46     49.2194
21.48     39.4302
21.5     29.3359
21.52     18.8238
21.54     7.96189
21.56     -3.13323
21.58     -14.4131
21.6     -25.8534
21.62     -37.3906
21.64     -48.9297
21.66     -60.4212
21.68     -71.8902
21.7     -83.2675
21.72     -94.1833
21.74     -104.049
21.76     -112.362
21.78     -118.896
21.8     -123.663
21.82     -126.778
21.84     -128.38
21.86     -128.627
21.88     -127.687
21.9     -125.686
21.92     -122.667
21.94     -118.557
21.96     -113.23
21.98     -106.639
22     -98.831
22.02     -89.8148
22.04     -79.4381
22.06     -67.3911
22.08     -53.3662
22.1     -37.3039
22.12     -19.5454
22.14     -0.720003
22.16     18.4915
22.18     37.4665
22.2     55.6219
22.22     72.3713
22.24     87.1183
22.26     99.3461
22.28     108.752
22.3     115.289
22.32     119.118
22.34     120.561
22.36     120.068
22.38     118.121
22.4     115.136
22.42     111.476
22.44     107.45
22.46     103.248
22.48     98.8989
22.5     94.2579
22.52     89.017
22.54     82.7611
22.56     75.088
22.58     65.7293
22.6     54.5796
22.62     41.6888
22.64     27.2182
22.66     11.4148
22.68     -5.31215
22.7     -22.3907
22.72     -39.2403
22.74     -55.4231
22.76     -70.6495
22.78     -84.6351
22.8     -96.9988
22.82     -107.363
22.84     -115.601
22.86     -121.942
22.88     -126.762
22.9     -130.297
22.92     -132.581
22.94     -133.499
22.96     -132.886
22.98     -130.606
23     -126.574
23.02     -120.693
23.04     -112.836
23.06     -102.915
23.08     -90.9398
23.1     -77.0325
23.12     -61.3838
23.14     -44.2115
23.16     -25.8356
23.18     -6.7844
23.2     12.3206
23.22     31.0043
23.24     48.968
23.26     65.8876
23.28     81.3035
23.3     94.7763
23.32     106.062
23.34     115.103
23.36     121.89
23.38     126.313
23.4     128.184
23.42     127.43
23.44     124.159
23.46     118.503
23.48     110.484
23.5     100.11
23.52     87.5639
23.54     73.2488
23.56     57.6545
23.58     41.145
23.6     23.909
23.62     6.12277
23.64     -11.9265
23.66     -29.8759
23.68     -47.3826
23.7     -64.2095
23.72     -80.2379
23.74     -95.4009
23.76     -109.594
23.78     -122.654
23.8     -134.41
23.82     -144.678
23.84     -153.202
23.86     -159.635
23.88     -163.629
23.9     -164.936
23.92     -163.466
23.94     -159.247
23.96     -152.339
23.98     -142.823
24     -130.889
24.02     -116.902
24.04     -101.345
24.06     -84.7124
24.08     -67.4209
24.1     -49.7993
24.12     -32.0995
24.14     -14.4817
24.16     2.95626
24.18     20.1506
24.2     37.0927
24.22     53.8285
24.24     70.398
24.26     86.7605
24.28     102.769
24.3     118.186
24.32     132.698
24.34     145.914
24.36     157.34
24.38     166.41
24.4     172.612
24.42     175.598
24.44     175.217
24.46     171.496
24.48     164.623
24.5     154.893
24.52     142.659
24.54     128.311
24.56     112.306
24.58     95.1958
24.6     77.6067
24.62     60.1144
24.64     43.1001
24.66     26.7308
24.68     11.0149
24.7     -4.12153
24.72     -18.75
24.74     -32.888
24.76     -46.4919
24.78     -59.4657
24.8     -71.6819
24.82     -82.9864
24.84     -93.1753
24.86     -101.991
24.88     -109.171
24.9     -114.506
24.92     -117.835
24.94     -118.995
24.96     -117.806
24.98     -114.167
25     -108.178
25.02     -100.155
25.04     -90.5362
25.06     -79.7385
25.08     -68.0901
25.1     -55.855
25.12     -43.2558
25.14     -30.4994
25.16     -17.7804
25.18     -5.24673
25.2     7.04945
25.22     19.1562
25.24     31.1425
25.26     43.0242
25.28     54.7269
25.3     66.1029
25.32     77.0164
25.34     87.3499
25.36     96.8721
25.38     105.177
25.4     111.826
25.42     116.492
25.44     118.967
25.46     119.127
25.48     116.929
25.5     112.43
25.52     105.842
25.54     97.51
25.56     87.8045
25.58     77.0193
25.6     65.3791
25.62     53.1653
25.64     40.7475
25.66     28.4718
25.68     16.5762
25.7     5.17667
25.72     -5.69913
25.74     -16.079
25.76     -26.0246
25.78     -35.5708
25.8     -44.6504
25.82     -53.0662
25.84     -60.5209
25.86     -66.6904
25.88     -71.3005
25.9     -74.179
25.92     -75.2563
25.94     -74.5389
25.96     -72.0858
25.98     -67.9654
26     -62.2176
26.02     -54.9049
26.04     -46.241
26.06     -36.6334
26.08     -26.5704
26.1     -16.4655
26.12     -6.59237
26.14     2.91769
26.16     12.0627
26.18     20.8949
26.2     29.448
26.22     37.7369
26.24     45.7586
26.26     53.4692
26.28     60.7947
26.3     67.6771
26.32     74.0911
26.34     80.0213
26.36     85.3989
26.38     90.0119
26.4     93.5169
26.42     95.5816
26.44     96.0151
26.46     94.821
26.48     92.1437
26.5     88.1069
26.52     82.7333
26.54     76.0159
26.56     67.9699
26.58     58.637
26.6     48.1359
26.62     36.6964
26.64     24.5996
26.66     12.0886
26.68     -0.652119
26.7     -13.4227
26.72     -25.9462
26.74     -37.934
26.76     -49.166
26.78     -59.4371
26.8     -68.5055
26.82     -76.148
26.84     -82.216
26.86     -86.5998
26.88     -89.1593
26.9     -89.7803
26.92     -88.5309
26.94     -85.7133
26.96     -81.6581
26.98     -76.419
27     -69.7894
27.02     -61.6092
27.04     -51.9287
27.06     -40.9448
27.08     -28.8794
27.1     -15.9053
27.12     -2.13052
27.14     12.3744
27.16     27.5021
27.18     43.0015
27.2     58.3945
27.22     73.0437
27.24     86.3831
27.26     98.0457
27.28     107.784
27.3     115.378
27.32     120.623
27.34     123.359
27.36     123.517
27.38     121.123
27.4     116.275
27.42     109.111
27.44     99.7946
27.46     88.5397
27.48     75.6093
27.5     61.2726
27.52     45.7701
27.54     29.3054
27.56     12.0649
27.58     -5.73623
27.6     -23.8227
27.62     -41.8548
27.64     -59.4075
27.66     -75.9269
27.68     -90.7575
27.7     -103.282
27.72     -113.061
27.74     -119.868
27.76     -123.643
27.78     -124.388
27.8     -122.095
27.82     -116.796
27.84     -108.659
27.86     -98.0328
27.88     -85.3988
27.9     -71.3301
27.92     -56.4114
27.94     -41.1136
27.96     -25.7401
27.98     -10.4625
28     4.59186
28.02     19.2726
28.04     33.4277
28.06     46.9464
28.08     59.7439
28.1     71.6842
28.12     82.5435
28.14     92.091
28.16     100.203
28.18     106.87
28.2     112.054
28.22     115.554
28.24     117.068
28.26     116.391
28.28     113.537
28.3     108.712
28.32     102.196
28.34     94.2533
28.36     85.0761
28.38     74.8299
28.4     63.7291
28.42     52.0168
28.44     39.8987
28.46     27.5116
28.48     14.9581
28.5     2.40564
28.52     -9.88017
28.54     -21.6504
28.56     -32.7941
28.58     -43.3003
28.6     -53.1252
28.62     -62.135
28.64     -70.1648
28.66     -77.078
28.68     -82.7675
28.7     -87.1517
28.72     -90.1779
28.74     -91.8318
28.76     -92.157
28.78     -91.2148
28.8     -89.0011
28.82     -85.4492
28.84     -80.5261
28.86     -74.3123
28.88     -66.9595
28.9     -58.5889
28.92     -49.2762
28.94     -39.113
28.96     -28.2411
28.98     -16.8256
29     -5.02473
29.02     6.97666
29.04     18.9007
29.06     30.3946
29.08     41.1486
29.1     50.9619
29.12     59.7218
29.14     67.3882
29.16     73.9865
29.18     79.5868
29.2     84.2395
29.22     87.8816
29.24     90.3449
29.26     91.4865
29.28     91.2899
29.3     89.8444
29.32     87.1929
29.34     83.1985
29.36     77.5986
29.38     70.1529
29.4     60.7763
29.42     49.6255
29.44     37.0793
29.46     23.6132
29.48     9.64851
29.5     -4.50776
29.52     -18.607
29.54     -32.3647
29.56     -45.4187
29.58     -57.3621
29.6     -67.835
29.62     -76.6618
29.64     -83.9087
29.66     -89.8112
29.68     -94.6719
29.7     -98.7441
29.72     -102.14
29.74     -104.873
29.76     -106.944
29.78     -108.323
29.8     -108.901
29.82     -108.48
29.84     -106.789
29.86     -103.551
29.88     -98.5993
29.9     -91.9226
29.92     -83.619
29.94     -73.8458
29.96     -62.7877
29.98     -50.6649
30     -37.7649
30.02     -24.4472
30.04     -11.0918
30.06     1.98639
30.08     14.5747
30.1     26.5322
30.12     37.7658
30.14     48.2089
30.16     57.7944
30.18     66.4681
30.2     74.2325
30.22     81.1273
30.24     87.129
30.26     92.1025
30.28     95.8536
30.3     98.2021
30.32     99.0298
30.34     98.285
30.36     95.9494
30.38     91.993
30.4     86.3738
30.42     79.0932
30.44     70.2432
30.46     59.9965
30.48     48.561
30.5     36.1567
30.52     23.0104
30.54     9.34693
30.56     -4.62619
30.58     -18.7588
30.6     -32.9747
30.62     -47.2009
30.64     -61.2792
30.66     -74.9505
30.68     -87.8842
30.7     -99.7199
30.72     -110.15
30.74     -118.993
30.76     -126.182
30.78     -131.691
30.8     -135.459
30.82     -137.334
30.84     -137.127
30.86     -134.757
30.88     -130.318
30.9     -123.976
30.92     -115.866
30.94     -106.099
30.96     -94.7963
30.98     -82.0493
31     -67.8758
31.02     -52.273
31.04     -35.3365
31.06     -17.3571
31.08     1.2038
31.1     19.878
31.12     38.3436
31.14     56.4336
31.16     74.0483
31.18     91.0712
31.2     107.323
31.22     122.536
31.24     136.297
31.26     148.102
31.28     157.589
31.3     164.668
31.32     169.458
31.34     172.134
31.36     172.748
31.38     171.13
31.4     166.979
31.42     160.078
31.44     150.459
31.46     138.413
31.48     124.422
31.5     108.996
31.52     92.4909
31.54     75.0895
31.56     56.9603
31.58     38.3679
31.6     19.6884
31.62     1.41715
31.64     -15.8703
31.66     -31.6474
31.68     -45.5366
31.7     -57.3293
31.72     -67.0501
31.74     -75.0258
31.76     -81.6993
31.78     -87.2851
31.8     -91.6397
31.82     -94.4421
31.84     -95.4871
31.86     -94.874
31.88     -92.9504
31.9     -90.0556
31.92     -86.2939
31.94     -81.4773
31.96     -75.2391
31.98     -67.2507
32     -57.413
32.02     -45.9174
32.04     -33.1699
32.06     -19.6371
32.08     -5.70774
32.1     8.34231
32.12     22.2844
32.14     35.8727
32.16     48.847
32.18     60.991
32.2     72.1629
32.22     82.2521
32.24     91.1574
32.26     98.8212
32.28     105.274
32.3     110.641
32.32     115.065
32.34     118.54
32.36     120.826
32.38     121.508
32.4     120.127
32.42     116.343
32.44     110.044
32.46     101.304
32.48     90.2921
32.5     77.2634
32.52     62.5959
32.54     46.7721
32.56     30.2818
32.58     13.6207
32.6     -2.61867
32.62     -17.7619
32.64     -31.2099
32.66     -42.5778
32.68     -51.6981
32.7     -58.5668
32.72     -63.3601
32.74     -66.4549
32.76     -68.3005
32.78     -69.2028
32.8     -69.2194
32.82     -68.2829
32.84     -66.4126
32.86     -63.7028
32.88     -60.1407
32.9     -55.5597
32.92     -49.7451
32.94     -42.5066
32.96     -33.7118
32.98     -23.359
33     -11.6252
33.02     1.11591
33.04     14.3079
33.06     27.3306
33.08     39.6419
33.1     50.8248
33.12     60.5451
33.14     68.5129
33.16     74.5121
33.18     78.4375
33.2     80.3011
33.22     80.2334
33.24     78.4748
33.26     75.3689
33.28     71.2884
33.3     66.4959
33.32     61.1017
33.34     55.1522
33.36     48.7319
33.38     41.9989
33.4     35.0873
33.42     27.9363
33.44     20.2742
33.46     11.8295
33.48     2.57975
33.5     -7.16307
33.52     -16.9278
33.54     -26.3801
33.56     -35.4062
33.58     -43.9079
33.6     -51.6222
33.62     -58.2348
33.64     -63.5969
33.66     -67.7253
33.68     -70.617
33.7     -72.1715
33.72     -72.3477
33.74     -71.3357
33.76     -69.4962
33.78     -67.1148
33.8     -64.2144
33.82     -60.6099
33.84     -56.1062
33.86     -50.6414
33.88     -44.2915
33.9     -37.1854
33.92     -29.445
33.94     -21.1684
33.96     -12.4202
33.98     -3.26322
34     6.17135
34.02     15.6462
34.04     24.8115
34.06     33.2525
34.08     40.584
34.1     46.5267
34.12     50.9535
34.14     53.8875
34.16     55.4329
34.18     55.713
34.2     54.8825
34.22     53.1431
34.24     50.7041
34.26     47.6981
34.28     44.1268
34.3     39.9296
34.32     35.1128
34.34     29.7783
34.36     24.0498
34.38     18.0225
34.4     11.7623
34.42     5.30417
34.44     -1.33838
34.46     -8.13419
34.48     -14.9791
34.5     -21.6497
34.52     -27.8358
34.54     -33.2715
34.56     -37.8537
34.58     -41.6395
34.6     -44.7275
34.62     -47.1407
34.64     -48.798
34.66     -49.5702
34.68     -49.353
34.7     -48.0886
34.72     -45.75
34.74     -42.3335
34.76     -37.8746
34.78     -32.4632
34.8     -26.2084
34.82     -19.1733
34.84     -11.3673
34.86     -2.83132
34.88     6.30012
34.9     15.8063
34.92     25.4204
34.94     34.884
34.96     44.007
34.98     52.7198
35     61.0562
35.02     69.0523
35.04     76.6501
35.06     83.7037
35.08     90.0767
35.1     95.7168
35.12     100.599
35.14     104.583
35.16     107.363
35.18     108.577
35.2     107.947
35.22     105.382
35.24     100.927
35.26     94.6418
35.28     86.5879
35.3     76.8986
35.32     65.7953
35.34     53.5711
35.36     40.5906
35.38     27.2724
35.4     14.0319
35.42     1.16148
35.44     -11.2614
35.46     -23.3172
35.48     -35.1032
35.5     -46.6624
35.52     -57.9956
35.54     -69.0926
35.56     -79.8679
35.58     -90.0424
35.6     -99.1896
35.62     -106.894
35.64     -112.828
35.66     -116.733
35.68     -118.355
35.7     -117.379
35.72     -113.483
35.74     -106.44
35.76     -96.2255
35.78     -83.0962
35.8     -67.5662
35.82     -50.3
35.84     -31.9841
35.86     -13.2002
35.88     5.6252
35.9     24.116
35.92     41.8304
35.94     58.2993
35.96     73.1766
35.98     86.3358
36     97.8184
36.02     107.681
36.04     115.883
36.06     122.315
36.08     126.918
36.1     129.682
36.12     130.528
36.14     129.278
36.16     125.711
36.18     119.636
36.2     110.957
36.22     99.7313
36.24     86.1748
36.26     70.6617
36.28     53.6954
36.3     35.7865
36.32     17.3316
36.34     -1.42502
36.36     -20.3228
36.38     -39.1246
36.4     -57.4394
36.42     -74.8101
36.44     -90.8627
36.46     -105.415
36.48     -118.486
36.5     -130.205
36.52     -140.66
36.54     -149.786
36.56     -157.346
36.58     -163.003
36.6     -166.453
36.62     -167.509
36.64     -166.115
36.66     -162.296
36.68     -156.092
36.7     -147.489
36.72     -136.458
36.74     -123.041
36.76     -107.444
36.78     -90.05
36.8     -71.3448
36.82     -51.8133
36.84     -31.8666
36.86     -11.8378
36.88     7.92767
36.9     27.0319
36.92     45.1306
36.94     62.0368
36.96     77.6843
36.98     92.0286
37     104.976
37.02     116.372
37.04     126.076
37.06     134.034
37.08     140.231
37.1     144.606
37.12     147.017
37.14     147.273
37.16     145.232
37.18     140.84
37.2     134.127
37.22     125.207
37.24     114.265
37.26     101.565
37.28     87.4516
37.3     72.3373
37.32     56.6157
37.34     40.5995
37.36     24.5894
37.38     8.93419
37.4     -6.03519
37.42     -20.0807
37.44     -33.0542
37.46     -44.8735
37.48     -55.4901
37.5     -64.8586
37.52     -72.9404
37.54     -79.6968
37.56     -85.0406
37.58     -88.8042
37.6     -90.7891
37.62     -90.8462
37.64     -88.9287
37.66     -85.1127
37.68     -79.5749
37.7     -72.5329
37.72     -64.1813
37.74     -54.6981
37.76     -44.3107
37.78     -33.3162
37.8     -22.0318
37.82     -10.7219
37.84     0.46281
37.86     11.4958
37.88     22.42
37.9     33.2852
37.92     44.0932
37.94     54.7679
37.96     65.1749
37.98     75.1142
38     84.3046
38.02     92.4622
38.04     99.3857
38.06     104.907
38.08     108.791
38.1     110.739
38.12     110.493
38.14     107.943
38.16     103.167
38.18     96.3885
38.2     87.8892
38.22     77.9231
38.24     66.7156
38.26     54.5463
38.28     41.7629
38.3     28.6439
38.32     15.2904
38.34     1.72554
38.36     -11.9034
38.38     -25.2816
38.4     -38.1035
38.42     -50.2815
38.44     -61.9347
38.46     -73.1273
38.48     -83.6653
38.5     -93.138
38.52     -101.132
38.54     -107.449
38.56     -112.118
38.58     -115.218
38.6     -116.667
38.62     -116.197
38.64     -113.546
38.66     -108.706
38.68     -101.949
38.7     -93.5926
38.72     -83.7949
38.74     -72.5978
38.76     -60.083
38.78     -46.4291
38.8     -31.834
38.82     -16.4644
38.84     -0.5591
38.86     15.5176
38.88     31.4134
38.9     46.9181
38.92     61.9234
38.94     76.2932
38.96     89.7813
38.98     102.051
39     112.78
39.02     121.772
39.04     128.947
39.06     134.25
39.08     137.622
39.1     139.034
39.12     138.468
39.14     135.887
39.16     131.271
39.18     124.668
39.2     116.201
39.22     106.074
39.24     94.5349
39.26     81.818
39.28     68.1586
39.3     53.8257
39.32     39.0799
39.34     24.12
39.36     9.11602
39.38     -5.73247
39.4     -20.19
39.42     -34.0211
39.44     -47.0317
39.46     -59.1181
39.48     -70.2802
39.5     -80.5631
39.52     -89.983
39.54     -98.4667
39.56     -105.827
39.58     -111.815
39.6     -116.221
39.62     -118.94
39.64     -119.959
39.66     -119.307
39.68     -117.005
39.7     -113.017
39.72     -107.259
39.74     -99.6896
39.76     -90.4582
39.78     -79.9112
39.8     -68.4634
39.82     -56.5091
39.84     -44.3933
39.86     -32.3929
39.88     -20.7087
39.9     -9.50628
39.92     1.01428
39.94     10.6021
39.96     19.0223
39.98     26.1648
40     32.1013
40.02     37.0191
40.04     41.0938
40.06     44.3905
40.08     46.8473
40.1     48.3489
40.12     48.7969
40.14     48.1374
40.16     46.3788
40.18     43.5998
40.2     39.9522
40.22     35.6488
40.24     30.8871
40.26     25.751
40.28     20.229
40.3     14.3696
40.32     8.38416
40.34     2.58077
40.36     -2.7837
40.38     -7.62268
40.4     -12.0264
40.42     -16.1377
40.44     -20.0478
40.46     -23.8241
40.48     -27.5459
40.5     -31.223
40.52     -34.6895
40.54     -37.6537
40.56     -39.8827
40.58     -41.33
40.6     -42.0712
40.62     -42.1067
40.64     -41.2666
40.66     -39.3282
40.68     -36.2086
40.7     -32.0516
40.72     -27.1623
40.74     -21.8999
40.76     -16.6407
40.78     -11.7883
40.8     -7.73655
40.82     -4.76063
40.84     -2.91315
40.86     -2.04226
40.88     -1.94765
40.9     -2.50721
40.92     -3.63846
40.94     -5.1836
40.96     -6.87241
40.98     -8.38254
41     -9.43295
41.02     -9.87897
41.04     -9.78403
41.06     -9.39373
41.08     -9.02379
41.1     -8.97031
41.12     -9.4537
41.14     -10.5927
41.16     -12.4381
41.18     -15.013
41.2     -18.2979
41.22     -22.189
41.24     -26.5047
41.26     -31.0152
41.28     -35.4142
41.3     -39.3272
41.32     -42.4259
41.34     -44.5077
41.36     -45.4999
41.38     -45.4363
41.4     -44.424
41.42     -42.6264
41.44     -40.24
41.46     -37.4586
41.48     -34.4565
41.5     -31.3917
41.52     -28.4077
41.54     -25.5997
41.56     -22.9829
41.58     -20.5361
41.6     -18.2495
41.62     -16.0818
41.64     -13.8944
41.66     -11.5078
41.68     -8.84559
41.7     -6.0046
41.72     -3.19917
41.74     -0.633631
41.76     1.59973
41.78     3.51014
41.8     5.11905
41.82     6.39222
41.84     7.25407
41.86     7.6519
41.88     7.60357
41.9     7.22314
41.92     6.70765
41.94     6.24699
41.96     5.92742
41.98     5.7382
42     5.64148
42.02     5.60338
42.04     5.58642
42.06     5.54611
42.08     5.43422
42.1     5.20987
42.12     4.84311
42.14     4.30074
42.16     3.56921
42.18     2.70927
42.2     1.85002
42.22     1.10002
42.24     0.462931
42.26     -0.13878
42.28     -0.739715
42.3     -1.2612
42.32     -1.59218
42.34     -1.71205
42.36     -1.70714
42.38     -1.67561
42.4     -1.63154
42.42     -1.48861
42.44     -1.10541
42.46     -0.354394
42.48     0.82493
42.5     2.43781
42.52     4.4888
42.54     6.98808
42.56     9.88575
42.58     13.0367
42.6     16.2525
42.62     19.3769
42.64     22.3259
42.66     25.0652
42.68     27.5385
42.7     29.6048
42.72     31.0711
42.74     31.8456
42.76     32.0483
42.78     31.9482
42.8     31.7937
42.82     31.66
42.84     31.4354
42.86     30.9685
42.88     30.2199
42.9     29.243
42.92     28.0423
42.94     26.5087
42.96     24.4852
42.98     21.8666
43     18.6257
43.02     14.7618
43.04     10.3166
43.06     5.49287
43.08     0.643606
43.1     -3.91037
43.12     -7.98057
43.14     -11.4597
43.16     -14.2599
43.18     -16.2999
43.2     -17.5287
43.22     -17.9785
43.24     -17.7925
43.26     -17.1636
43.28     -16.2595
43.3     -15.2242
43.32     -14.1905
43.34     -13.2291
43.36     -12.3151
43.38     -11.3599
43.4     -10.2517
43.42     -8.89298
43.44     -7.21853
43.46     -5.17146
43.48     -2.67995
43.5     0.334527
43.52     3.92271
43.54     8.07244
43.56     12.6935
43.58     17.6276
43.6     22.6787
43.62     27.645
43.64     32.3315
43.66     36.5325
43.68     40.0402
43.7     42.7215
43.72     44.5537
43.74     45.5688
43.76     45.8025
43.78     45.2962
43.8     44.1022
43.82     42.2925
43.84     39.9889
43.86     37.3569
43.88     34.5426
43.9     31.6068
43.92     28.5114
43.94     25.1821
43.96     21.6047
43.98     17.8564
44     14.0524
44.02     10.265
44.04     6.45554
44.06     2.49661
44.08     -1.70458
44.1     -6.12125
44.12     -10.6087
44.14     -14.964
44.16     -19.029
44.18     -22.7428
44.2     -26.1012
44.22     -29.0995
44.24     -31.7093
44.26     -33.8936
44.28     -35.635
44.3     -36.9386
44.32     -37.804
44.34     -38.2234
44.36     -38.2037
44.38     -37.7417
44.4     -36.7697
44.42     -35.1582
44.44     -32.7997
44.46     -29.6969
44.48     -25.9336
44.5     -21.5379
44.52     -16.423
44.54     -10.5
44.56     -3.84238
44.58     3.25312
44.6     10.3758
44.62     17.2174
44.64     23.7042
44.66     29.8988
44.68     35.7771
44.7     41.1551
44.72     45.8263
44.74     49.6819
44.76     52.69
44.78     54.8518
44.8     56.2217
44.82     56.9308
44.84     57.115
44.86     56.7943
44.88     55.865
44.9     54.2192
44.92     51.8341
44.94     48.7636
44.96     45.1012
44.98     40.9638
45     36.4799
45.02     31.7572
45.04     26.8327
45.06     21.65
45.08     16.1025
45.1     10.1445
45.12     3.91138
45.14     -2.3027
45.16     -8.24278
45.18     -13.8625
45.2     -19.3088
45.22     -24.7384
45.24     -30.1112
45.26     -35.1555
45.28     -39.5325
45.3     -42.9971
45.32     -45.4163
45.34     -46.7509
45.36     -47.0695
45.38     -46.5156
45.4     -45.2307
45.42     -43.2845
45.44     -40.66
45.46     -37.3641
45.48     -33.5541
45.5     -29.4876
45.52     -25.3667
45.54     -21.2909
45.56     -17.3107
45.58     -13.4289
45.6     -9.56153
45.62     -5.57625
45.64     -1.38168
45.66     3.02967
45.68     7.57453
45.7     12.0922
45.72     16.4032
45.74     20.352
45.76     23.7892
45.78     26.547
45.8     28.4528
45.82     29.35
45.84     29.1006
45.86     27.6004
45.88     24.804
45.9     20.7439
45.92     15.5446
45.94     9.40266
45.96     2.52671
45.98     -4.91816
46     -12.812
46.02     -21.0391
46.04     -29.466
46.06     -37.9548
46.08     -46.385
46.1     -54.6535
46.12     -62.6427
46.14     -70.1907
46.16     -77.0903
46.18     -83.1017
46.2     -87.9792
46.22     -91.5156
46.24     -93.5938
46.26     -94.1902
46.28     -93.3046
46.3     -90.9043
46.32     -86.9488
46.34     -81.4697
46.36     -74.6476
46.38     -66.8175
46.4     -58.3764
46.42     -49.666
46.44     -40.9128
46.46     -32.2506
46.48     -23.7848
46.5     -15.6391
46.52     -7.94985
46.54     -0.824672
46.56     5.68806
46.58     11.5925
46.6     16.9132
46.62     21.6641
46.64     25.8309
46.66     29.3623
46.68     32.1611
46.7     34.082
46.72     34.968
46.74     34.7038
46.76     33.2439
46.78     30.6126
46.8     26.8821
46.82     22.1391
46.84     16.4682
46.86     9.97913
46.88     2.84928
46.9     -4.68032
46.92     -12.3615
46.94     -19.9946
46.96     -27.4416
46.98     -34.6004
47     -41.3811
47.02     -47.705
47.04     -53.5066
47.06     -58.7201
47.08     -63.2771
47.1     -67.1139
47.12     -70.1738
47.14     -72.4136
47.16     -73.8201
47.18     -74.3989
47.2     -74.1313
47.22     -72.9508
47.24     -70.7816
47.26     -67.6106
47.28     -63.5202
47.3     -58.6445
47.32     -53.0968
47.34     -46.9289
47.36     -40.1545
47.38     -32.8141
47.4     -25.019
47.42     -16.937
47.44     -8.73084
47.46     -0.518493
47.48     7.60506
47.5     15.5256
47.52     23.1061
47.54     30.2165
47.56     36.7423
47.58     42.5528
47.6     47.4788
47.62     51.3415
47.64     54.0086
47.66     55.4303
47.68     55.6242
47.7     54.6293
47.72     52.4819
47.74     49.2262
47.76     44.9264
47.78     39.6662
47.8     33.5538
47.82     26.7405
47.84     19.4228
47.86     11.8071
47.88     4.07327
47.9     -3.62241
47.92     -11.1279
47.94     -18.294
47.96     -24.9855
47.98     -31.0906
48     -36.5096
48.02     -41.1346
48.04     -44.8582
48.06     -47.5966
48.08     -49.2983
48.1     -49.932
48.12     -49.4736
48.14     -47.8945
48.16     -45.1618
48.18     -41.258
48.2     -36.2161
48.22     -30.144
48.24     -23.2085
48.26     -15.5895
48.28     -7.45298
48.3     1.03678
48.32     9.69304
48.34     18.3031
48.36     26.6489
48.38     34.5525
48.4     41.9106
48.42     48.6907
48.44     54.9049
48.46     60.5899
48.48     65.786
48.5     70.5141
48.52     74.7594
48.54     78.4742
48.56     81.6
48.58     84.0854
48.6     85.873
48.62     86.861
48.64     86.876
48.66     85.7023
48.68     83.1557
48.7     79.1522
48.72     73.7413
48.74     67.1035
48.76     59.5119
48.78     51.266
48.8     42.6219
48.82     33.764
48.84     24.8473
48.86     16.0555
48.88     7.59969
48.9     -0.351469
48.92     -7.74951
48.94     -14.6748
48.96     -21.2662
48.98     -27.6377
49     -33.8405
49.02     -39.8735
49.04     -45.6974
49.06     -51.2139
49.08     -56.2457
49.1     -60.5638
49.12     -63.9356
49.14     -66.1533
49.16     -67.0427
49.18     -66.4718
49.2     -64.3703
49.22     -60.7505
49.24     -55.7033
49.26     -49.3747
49.28     -41.9681
49.3     -33.7588
49.32     -25.0514
49.34     -16.0952
49.36     -7.04626
49.38     2.01438
49.4     11.0584
49.42     20.0981
49.44     29.1682
49.46     38.2855
49.48     47.4067
49.5     56.4116
49.52     65.1293
49.54     73.3893
49.56     81.035
49.58     87.8885
49.6     93.7205
49.62     98.2782
49.64     101.355
49.66     102.847
49.68     102.747
49.7     101.116
49.72     98.0447
49.74     93.6433
49.76     88.0581
49.78     81.4861
49.8     74.1711
49.82     66.3647
49.84     58.2688
49.86     50.0011
49.88     41.6028
49.9     33.0889
49.92     24.5106
49.94     15.9773
49.96     7.62543
49.98     -0.434184
50     -8.13647
50.02     -15.4282
50.04     -22.2139
50.06     -28.3281
50.08     -33.5614
50.1     -37.7296
50.12     -40.7264
50.14     -42.5261
50.16     -43.1606
50.18     -42.6969
50.2     -41.2212
50.22     -38.8289
50.24     -35.6166
50.26     -31.675
50.28     -27.0861
50.3     -21.9263
50.32     -16.2791
50.34     -10.2527
50.36     -3.98169
50.38     2.39368
50.4     8.76184
50.42     15.0736
50.44     21.3443
50.46     27.5921
50.48     33.7581
50.5     39.6853
50.52     45.1653
50.54     50.0087
50.56     54.0928
50.58     57.3624
50.6     59.7963
50.62     61.366
50.64     62.0175
50.66     61.6758
50.68     60.2699
50.7     57.7644
50.72     54.1784
50.74     49.5815
50.76     44.0741
50.78     37.7608
50.8     30.7283
50.82     23.0492
50.84     14.7998
50.86     6.05371
50.88     -3.12495
50.9     -12.662
50.92     -22.4522
50.94     -32.3582
50.96     -42.223
50.98     -51.873
51     -61.1055
51.02     -69.6992
51.04     -77.442
51.06     -84.1394
51.08     -89.618
51.1     -93.7328
51.12     -96.3744
51.14     -97.4834
51.16     -97.0712
51.18     -95.2424
51.2     -92.1966
51.22     -88.2004
51.24     -83.5408
51.26     -78.4849
51.28     -73.2559
51.3     -68.0136
51.32     -62.8312
51.34     -57.6953
51.36     -52.5471
51.38     -47.3287
51.4     -41.9927
51.42     -36.4929
51.44     -30.7831
51.46     -24.8312
51.48     -18.6385
51.5     -12.2528
51.52     -5.77846
51.54     0.60321
51.56     6.63329
51.58     12.0243
51.6     16.5407
51.62     20.0567
51.64     22.56
51.66     24.1131
51.68     24.8043
51.7     24.7143
51.72     23.915
51.74     22.4903
51.76     20.5472
51.78     18.1954
51.8     15.5155
51.82     12.5457
51.84     9.28725
51.86     5.71335
51.88     1.76968
51.9     -2.62104
51.92     -7.52917
51.94     -12.9704
51.96     -18.8725
51.98     -25.0779
52     -31.3756
52.02     -37.5432
52.04     -43.3836
52.06     -48.7516
52.08     -53.5565
52.1     -57.7349
52.12     -61.226
52.14     -63.9771
52.16     -65.9598
52.18     -67.1775
52.2     -67.6585
52.22     -67.4366
52.24     -66.5303
52.26     -64.9485
52.28     -62.706
52.3     -59.812
52.32     -56.2423
52.34     -51.9587
52.36     -46.9702
52.38     -41.3704
52.4     -35.3201
52.42     -28.9965
52.44     -22.5543
52.46     -16.1299
52.48     -9.87195
52.5     -3.94906
52.52     1.4831
52.54     6.32748
52.56     10.5539
52.58     14.1678
52.6     17.1848
52.62     19.628
52.64     21.5388
52.66     22.9721
52.68     23.9584
52.7     24.4756
52.72     24.4692
52.74     23.8825
52.76     22.6601
52.78     20.7447
52.8     18.0848
52.82     14.6558
52.84     10.4844
52.86     5.66285
52.88     0.338289
52.9     -5.31837
52.92     -11.1364
52.94     -16.9538
52.96     -22.618
52.98     -27.9868
53     -32.9289
53.02     -37.3291
53.04     -41.105
53.06     -44.2159
53.08     -46.6638
53.1     -48.4795
53.12     -49.6913
53.14     -50.2954
53.16     -50.2528
53.18     -49.5175
53.2     -48.0681
53.22     -45.9153
53.24     -43.0843
53.26     -39.6025
53.28     -35.5048
53.3     -30.8446
53.32     -25.7028
53.34     -20.1833
53.36     -14.3945
53.38     -8.43488
53.4     -2.40111
53.42     3.59493
53.44     9.42056
53.46     14.9355
53.48     20.0386
53.5     24.7091
53.52     28.9923
53.54     32.9435
53.56     36.5786
53.58     39.8566
53.6     42.7027
53.62     45.0477
53.64     46.8465
53.66     48.0595
53.68     48.6287
53.7     48.4809
53.72     47.5507
53.74     45.7945
53.76     43.1832
53.78     39.6935
53.8     35.329
53.82     30.1711
53.84     24.3982
53.86     18.2387
53.88     11.9029
53.9     5.55554
53.92     -0.66132
53.94     -6.59576
53.96     -12.0835
53.98     -16.9764
54     -21.168
54.02     -24.5954
54.04     -27.2345
54.06     -29.1024
54.08     -30.2607
54.1     -30.7942
54.12     -30.7722
54.14     -30.2286
54.16     -29.1706
54.18     -27.5904
54.2     -25.4743
54.22     -22.8009
54.24     -19.542
54.26     -15.6786
54.28     -11.2168
54.3     -6.19026
54.32     -0.656647
54.34     5.29796
54.36     11.5578
54.38     17.9915
54.4     24.4669
54.42     30.8523
54.44     37.0167
54.46     42.8367
54.48     48.2078
54.5     53.0526
54.52     57.3183
54.54     60.9624
54.56     63.9437
54.58     66.2279
54.6     67.7854
54.62     68.5744
54.64     68.5348
54.66     67.6067
54.68     65.7635
54.7     63.0267
54.72     59.4486
54.74     55.0943
54.76     50.0387
54.78     44.3712
54.8     38.2052
54.82     31.6871
54.84     24.9948
54.86     18.3192
54.88     11.8322
54.9     5.65789
54.92     -0.133577
54.94     -5.50658
54.96     -10.4349
54.98     -14.8897
55     -18.8448
55.02     -22.283
55.04     -25.1894
55.06     -27.5371
55.08     -29.2787
55.1     -30.3521
55.12     -30.6869
55.14     -30.2074
55.16     -28.8396
55.18     -26.5282
55.2     -23.2553
55.22     -19.0545
55.24     -14.0161
55.26     -8.27855
55.28     -2.00844
55.3     4.62328
55.32     11.4572
55.34     18.3486
55.36     25.1677
55.38     31.8034
55.4     38.1661
55.42     44.1839
55.44     49.7945
55.46     54.9437
55.48     59.5881
55.5     63.6837
55.52     67.1646
55.54     69.9323
55.56     71.8619
55.58     72.8244
55.6     72.7112
55.62     71.4496
55.64     69.0051
55.66     65.3781
55.68     60.6017
55.7     54.7466
55.72     47.9228
55.74     40.2709
55.76     31.9484
55.78     23.1205
55.8     13.9568
55.82     4.62967
55.84     -4.6908
55.86     -13.8512
55.88     -22.7321
55.9     -31.2461
55.92     -39.3205
55.94     -46.8821
55.96     -53.8489
55.98     -60.1244
56     -65.5968
56.02     -70.1491
56.04     -73.674
56.06     -76.0857
56.08     -77.3225
56.1     -77.3395
56.12     -76.1047
56.14     -73.6115
56.16     -69.9034
56.18     -65.0844
56.2     -59.2925
56.22     -52.6639
56.24     -45.3332
56.26     -37.4586
56.28     -29.2297
56.3     -20.8389
56.32     -12.4433
56.34     -4.15375
56.36     3.9403
56.38     11.7389
56.4     19.1249
56.42     25.9798
56.44     32.1965
56.46     37.6794
56.48     42.3404
56.5     46.0965
56.52     48.8704
56.54     50.5898
56.56     51.1938
56.58     50.6454
56.6     48.9374
56.62     46.091
56.64     42.1561
56.66     37.208
56.68     31.3467
56.7     24.6988
56.72     17.4135
56.74     9.64917
56.76     1.55934
56.78     -6.71416
56.8     -15.0323
56.82     -23.2461
56.84     -31.2041
56.86     -38.7763
56.88     -45.8642
56.9     -52.392
56.92     -58.2856
56.94     -63.4569
56.96     -67.8106
56.98     -71.2681
57     -73.7786
57.02     -75.3077
57.04     -75.8303
57.06     -75.3391
57.08     -73.8503
57.1     -71.3979
57.12     -68.0274
57.14     -63.794
57.16     -58.7715
57.18     -53.0609
57.2     -46.7805
57.22     -40.0395
57.24     -32.923
57.26     -25.4988
57.28     -17.836
57.3     -10.0151
57.32     -2.12183
57.34     5.7619
57.36     13.5585
57.38     21.1859
57.4     28.5532
57.42     35.5659
57.44     42.1276
57.46     48.1289
57.48     53.4341
57.5     57.8915
57.52     61.3602
57.54     63.7262
57.56     64.9003
57.58     64.815
57.6     63.4368
57.62     60.7906
57.64     56.9634
57.66     52.0757
57.68     46.2509
57.7     39.6103
57.72     32.2846
57.74     24.4162
57.76     16.159
57.78     7.66723
57.8     -0.932045
57.82     -9.55926
57.84     -18.1712
57.86     -26.7253
57.88     -35.1446
57.9     -43.312
57.92     -51.0914
57.94     -58.3483
57.96     -64.9508
57.98     -70.76
58     -75.6312
58.02     -79.4216
58.04     -82.002
58.06     -83.2677
58.08     -83.1535
58.1     -81.6431
58.12     -78.767
58.14     -74.6046
58.16     -69.2942
58.18     -63.026
58.2     -56.0123
58.22     -48.4472
58.24     -40.4783
58.26     -32.2126
58.28     -23.7476
58.3     -15.1922
58.32     -6.65654
58.34     1.76649
58.36     9.99891
58.38     17.9654
58.4     25.5806
58.42     32.7389
58.44     39.3153
58.46     45.175
58.48     50.1733
58.5     54.1583
58.52     56.9941
58.54     58.586
58.56     58.8897
58.58     57.9173
58.6     55.7378
58.62     52.474
58.64     48.29
58.66     43.3712
58.68     37.9019
58.7     32.0497
58.72     25.961
58.74     19.7651
58.76     13.5752
58.78     7.47854
58.8     1.52149
58.82     -4.30039
58.84     -10.0267
58.86     -15.6912
58.88     -21.2828
58.9     -26.731
58.92     -31.9174
58.94     -36.7051
58.96     -40.9663
58.98     -44.5945
59     -47.504
59.02     -49.6185
59.04     -50.8627
59.06     -51.1671
59.08     -50.4953
59.1     -48.8732
59.12     -46.3915
59.14     -43.1843
59.16     -39.4028
59.18     -35.1878
59.2     -30.6403
59.22     -25.8013
59.24     -20.6596
59.26     -15.1897
59.28     -9.38626
59.3     -3.27396
59.32     3.10358
59.34     9.70116
59.36     16.4834
59.38     23.4086
59.4     30.3948
59.42     37.2989
59.44     43.9236
59.46     50.0481
59.48     55.4646
59.5     60.0049
59.52     63.5465
59.54     66.0102
59.56     67.3679
59.58     67.6545
59.6     66.958
59.62     65.3862
59.64     63.0376
59.66     59.9916
59.68     56.3212
59.7     52.1092
59.72     47.4376
59.74     42.3524
59.76     36.8516
59.78     30.9125
59.8     24.5278
59.82     17.7175
59.84     10.5269
59.86     3.03318
59.88     -4.63719
59.9     -12.3058
59.92     -19.7705
59.94     -26.8461
59.96     -33.3857
59.98     -39.2821
60     -44.4321
