TIME/STEP     base_shear_x
0     0
0.02     0.0313
0.04     0.1284
0.06     0.1246
0.08     -0.7309
0.1     -2.256
0.12     -3.011
0.14     -2.629
0.16     -2.291
0.18     -3.01
0.2     -4.281
0.22     -4.801
0.24     -4.557
0.26     -4.72
0.28     -5.23
0.3     -5.682
0.32     -5.771
0.34     -4.736
0.36     -2.759
0.38     -2.173
0.4     -5.178
0.42     -9.02
0.44     -8.848
0.46     -5.656
0.48     -4.054
0.5     -4.969
0.52     -5.285
0.54     -3.055
0.56     -0.8008
0.58     -1.017
0.6     -3.385
0.62     -5.935
0.64     -7.099
0.66     -7.4
0.68     -7.62
0.7     -7.47
0.72     -5.937
0.74     -3.181
0.76     -1.19
0.78     0.1694
0.8     3.704
0.82     9.921
0.84     15.81
0.86     19.04
0.88     19.14
0.9     16.62
0.92     13.87
0.94     11.26
0.96     6.741
0.98     0.5672
1     -4.93
1.02     -6.84
1.04     -4.558
1.06     -2.697
1.08     -4.904
1.1     -7.965
1.12     -8.333
1.14     -6.11
1.16     -2.706
1.18     -1.145
1.2     -5.522
1.22     -16.26
1.24     -28.46
1.26     -34.62
1.28     -32.74
1.3     -31.64
1.32     -36.58
1.34     -40.03
1.36     -36.31
1.38     -28.97
1.4     -22.84
1.42     -18.96
1.44     -13.48
1.46     -4.894
1.48     3.361
1.5     8.053
1.52     7.068
1.54     0.976
1.56     -6.164
1.58     -10.03
1.6     -8.404
1.62     -2.898
1.64     0.2694
1.66     -1.066
1.68     -0.002455
1.7     7.776
1.72     15.42
1.74     15.9
1.76     13.32
1.78     14.12
1.8     17.1
1.82     17.54
1.84     13.18
1.86     7.35
1.88     3.217
1.9     -0.2326
1.92     -1.153
1.94     1.836
1.96     3.665
1.98     0.428
2     -5.366
2.02     -9.272
2.04     -9.992
2.06     -11.87
2.08     -18.95
2.1     -25.97
2.12     -25.33
2.14     -18.84
2.16     -15.27
2.18     -19.27
2.2     -21.46
2.22     -15.15
2.24     -10.12
2.26     -10.72
2.28     -10.5
2.3     -6.155
2.32     -0.2399
2.34     1.709
2.36     -0.1292
2.38     1.618
2.4     5.134
2.42     -0.1451
2.44     -15.5
2.46     -32.35
2.48     -41.93
2.5     -40.34
2.52     -32.4
2.54     -28.84
2.56     -33.94
2.58     -41.31
2.6     -43.37
2.62     -40.39
2.64     -38.68
2.66     -36.7
2.68     -27
2.7     -10.56
2.72     5.658
2.74     9.798
2.76     -7.057
2.78     -34.51
2.8     -50.97
2.82     -43.39
2.84     -18.39
2.86     4.2
2.88     10.45
2.9     0.4527
2.92     -13.64
2.94     -19.87
2.96     -20.07
2.98     -25.06
3     -35.59
3.02     -36.61
3.04     -21.84
3.06     -10.56
3.08     -20.9
3.1     -39.21
3.12     -41.65
3.14     -27.08
3.16     -8.827
3.18     6.31
3.2     22.97
3.22     44.61
3.24     55.78
3.26     44.06
3.28     22.76
3.3     0.0814
3.32     -29.07
3.34     -61.49
3.36     -88.8
3.38     -100.6
3.4     -90.75
3.42     -74.14
3.44     -69.08
3.46     -70.64
3.48     -62.72
3.5     -38.78
3.52     -4.179
3.54     31.3
3.56     57.48
3.58     63.48
3.6     52.17
3.62     40.35
3.64     29.33
3.66     2.707
3.68     -39.8
3.7     -79.03
3.72     -102
3.74     -110.4
3.76     -117
3.78     -122.6
3.8     -100.8
3.82     -48.27
3.84     -3.555
3.86     11.3
3.88     5.172
3.9     -5.66
3.92     -5.1
3.94     7.756
3.96     20.24
3.98     26.57
4     18.53
4.02     -16.28
4.04     -66.52
4.06     -102.1
4.08     -105.4
4.1     -77.53
4.12     -35.25
4.14     1.13
4.16     22.51
4.18     24.28
4.2     7.876
4.22     -13.28
4.24     -21.16
4.26     -12.21
4.28     -5.964
4.3     -17.26
4.32     -40.4
4.34     -63.54
4.36     -82.47
4.38     -100.8
4.4     -109.4
4.42     -84.79
4.44     -30.02
4.46     7.705
4.48     -11.44
4.5     -65.63
4.52     -96.27
4.54     -82.95
4.56     -59.35
4.58     -56.13
4.6     -67.76
4.62     -78.88
4.64     -96.92
4.66     -131.6
4.68     -158.3
4.7     -140.8
4.72     -80.4
4.74     -13.08
4.76     35.62
4.78     62.55
4.8     66.69
4.82     51.96
4.84     29.6
4.86     10.34
4.88     -1.987
4.9     -11.64
4.92     -14.12
4.94     -0.8192
4.96     18.75
4.98     32.31
5     46.23
5.02     69.21
5.04     96.96
5.06     115.9
5.08     124.6
5.1     151.9
5.12     206.5
5.14     237.5
5.16     199.6
5.18     114.9
5.2     36.57
5.22     -14.1
5.24     -51.19
5.26     -85.65
5.28     -86.29
5.3     -19.64
5.32     78.01
5.34     133.5
5.36     111.8
5.38     41.66
5.4     -16.34
5.42     -21.34
5.44     24.15
5.46     80.87
5.48     103.1
5.5     65.84
5.52     -22.54
5.54     -122.3
5.56     -192.9
5.58     -225.5
5.6     -233.4
5.62     -211.9
5.64     -148.4
5.66     -65.54
5.68     -4.179
5.7     15.94
5.72     -0.657
5.74     -38.09
5.76     -70.64
5.78     -68.19
5.8     -24.69
5.82     24.95
5.84     37.03
5.86     1.407
5.88     -57.64
5.9     -103.4
5.92     -109.6
5.94     -80.51
5.96     -42.82
5.98     0.637
6     73.64
6.02     162.1
6.04     207.6
6.06     175.4
6.08     84.66
6.1     -7.935
6.12     -42.23
6.14     -8.115
6.16     42.15
6.18     55.59
6.2     27
6.22     -10.7
6.24     -24.99
6.26     -16.5
6.28     -2.916
6.3     22.72
6.32     79.94
6.34     157.3
6.36     214.6
6.38     216.8
6.4     157.8
6.42     67.93
6.44     -14.46
6.46     -72.88
6.48     -96.49
6.5     -72.48
6.52     -21.31
6.54     10.78
6.56     7.85
6.58     0.3895
6.6     22.55
6.62     68.18
6.64     107.8
6.66     140.7
6.68     181.6
6.7     209.6
6.72     191.1
6.74     123.2
6.76     26.83
6.78     -65.33
6.8     -121.3
6.82     -132.5
6.84     -125.9
6.86     -132.5
6.88     -153
6.9     -161.6
6.92     -127.4
6.94     -53.97
6.96     10.08
6.98     28.09
7     14.54
7.02     2.391
7.04     -1.659
7.06     -16.76
7.08     -54.44
7.1     -98.52
7.12     -128.6
7.14     -144.4
7.16     -153.1
7.18     -155.6
7.2     -154.9
7.22     -151.3
7.24     -128.4
7.26     -76.88
7.28     -24.72
7.3     -7.481
7.32     -18.24
7.34     -19.58
7.36     -0.7665
7.38     9.387
7.4     -9.106
7.42     -34.19
7.44     -38.18
7.46     -29.48
7.48     -26.13
7.5     -12.08
7.52     38.59
7.54     109
7.56     152.4
7.58     155.8
7.6     148
7.62     145
7.64     125.7
7.66     76.11
7.68     32.78
7.7     42.03
7.72     85.96
7.74     101.5
7.76     67.69
7.78     25.49
7.8     20.93
7.82     69.14
7.84     161
7.86     258.7
7.88     307.6
7.9     290.5
7.92     245.3
7.94     208.2
7.96     165.3
7.98     86.69
8     -18.14
8.02     -109.8
8.04     -163
8.06     -185.9
8.08     -199
8.1     -205.8
8.12     -193.9
8.14     -160
8.16     -110.2
8.18     -46.94
8.2     15.25
8.22     56.07
8.24     69.53
8.26     61.15
8.28     35.1
8.3     -23.32
8.32     -133
8.34     -269.6
8.36     -367.8
8.38     -392.9
8.4     -370
8.42     -332.1
8.44     -290.1
8.46     -250.1
8.48     -220.6
8.5     -193.9
8.52     -143.9
8.54     -63.63
8.56     18.23
8.58     64.07
8.6     56.64
8.62     2.591
8.64     -79.14
8.66     -170.1
8.68     -253.3
8.7     -295.4
8.72     -265.5
8.74     -179.2
8.76     -83.38
8.78     -9.124
8.8     43.65
8.82     87.14
8.84     128.2
8.86     169.1
8.88     209.3
8.9     243.7
8.92     268.6
8.94     276
8.96     241.7
8.98     143.7
9     3.385
9.02     -96.89
9.04     -75.73
9.06     54.12
9.08     198.6
9.1     292.1
9.12     348.6
9.14     404
9.16     446.7
9.18     435.8
9.2     380.5
9.22     348.5
9.24     384.4
9.26     445.2
9.28     439.4
9.3     338.3
9.32     210.4
9.34     133.6
9.36     112
9.38     98.87
9.4     86.62
9.42     138.8
9.44     293.6
9.46     466.9
9.48     513.4
9.5     382
9.52     180.5
9.54     62.2
9.56     58.43
9.58     71.78
9.6     27.82
9.62     -39.75
9.64     -86.41
9.66     -157.4
9.68     -308.4
9.7     -481.6
9.72     -530.9
9.74     -387.1
9.76     -160.1
9.78     -11.56
9.8     24.19
9.82     33.08
9.84     69.65
9.86     65.33
9.88     -63.61
9.9     -254.8
9.92     -339.9
9.94     -249.4
9.96     -107.8
9.98     -87.55
10     -213.3
10.02     -350.9
10.04     -365.5
10.06     -245.6
10.08     -74.45
10.1     69.15
10.12     173.9
10.14     274.3
10.16     370.6
10.18     415
10.2     376.4
10.22     263.2
10.24     107.2
10.26     -33.6
10.28     -100.3
10.3     -79.63
10.32     8.458
10.34     130.4
10.36     240.5
10.38     301
10.4     291.4
10.42     224.7
10.44     160.5
10.46     163.4
10.48     262.4
10.5     450.5
10.52     663.3
10.54     780.8
10.56     713.4
10.58     459.7
10.6     115.9
10.62     -149.7
10.64     -210.7
10.66     -72.93
10.68     163
10.7     371.1
10.72     458.6
10.74     411.5
10.76     274.7
10.78     115
10.8     15.31
10.82     18.73
10.84     73.07
10.86     82.19
10.88     -19.07
10.9     -222.1
10.92     -455.5
10.94     -643.9
10.96     -744.4
10.98     -740.1
11     -614.9
11.02     -376.8
11.04     -112.4
11.06     69.26
11.08     133.3
11.1     112.6
11.12     52.11
11.14     -28.73
11.16     -155.5
11.18     -349.5
11.2     -553.5
11.22     -668.2
11.24     -646.8
11.26     -528.1
11.28     -404.7
11.3     -332.4
11.32     -280.5
11.34     -173.1
11.36     41.1
11.38     342.1
11.4     652.8
11.42     896.1
11.44     1020
11.46     971.9
11.48     725.3
11.5     323.3
11.52     -136.9
11.54     -541.6
11.56     -797.6
11.58     -870.8
11.6     -795.4
11.62     -642.4
11.64     -488.4
11.66     -375.5
11.68     -264.4
11.7     -79.58
11.72     201.5
11.74     531.5
11.76     821
11.78     981.6
11.8     957.6
11.82     741.2
11.84     395.4
11.86     12.74
11.88     -354.4
11.9     -668.7
11.92     -842.1
11.94     -775.9
11.96     -475.3
11.98     -80.14
12     236.5
12.02     396.9
12.04     452.4
12.06     507.7
12.08     622.1
12.1     776.1
12.12     886.2
12.14     875.2
12.16     755.5
12.18     576.6
12.2     357.5
12.22     123.3
12.24     -86.02
12.26     -234.8
12.28     -301.2
12.3     -300.8
12.32     -258.3
12.34     -174.4
12.36     -76.24
12.38     -43.98
12.4     -133.2
12.42     -318.9
12.44     -531.3
12.46     -714.4
12.48     -843.6
12.5     -889
12.52     -800.7
12.54     -578.5
12.56     -303.2
12.58     -81.9
12.6     -5.133
12.62     -115.2
12.64     -350
12.66     -540
12.68     -540.9
12.7     -371.5
12.72     -201.5
12.74     -202.6
12.76     -404.3
12.78     -688.6
12.8     -897.5
12.82     -945.5
12.84     -829.8
12.86     -567.1
12.88     -195.5
12.9     173.3
12.92     381.8
12.94     341.9
12.96     102.1
12.98     -185.9
13     -346.7
13.02     -296.2
13.04     -133
13.06     -59.44
13.08     -172.5
13.1     -365.1
13.12     -460.2
13.14     -393
13.16     -225.1
13.18     -35.94
13.2     137.2
13.22     288.2
13.24     395.2
13.26     389.7
13.28     224.1
13.3     -19.51
13.32     -186.7
13.34     -210.8
13.36     -141
13.38     -80.57
13.4     -94.77
13.42     -124.9
13.44     -53.2
13.46     164.7
13.48     461.6
13.5     692.8
13.52     736.8
13.54     605.5
13.56     398.4
13.58     178.8
13.6     -48.65
13.62     -270.1
13.64     -405.4
13.66     -372.7
13.68     -227.1
13.7     -131.7
13.72     -162.4
13.74     -212
13.76     -127.8
13.78     97.9
13.8     346.3
13.82     537.4
13.84     676
13.86     751.8
13.88     688.8
13.9     422.8
13.92     24
13.94     -297.8
13.96     -349.7
13.98     -119.4
14     207.3
14.02     394.1
14.04     366.8
14.06     260.9
14.08     237.4
14.1     310.3
14.12     380.5
14.14     382.8
14.16     349.7
14.18     335.4
14.2     300
14.22     119.2
14.24     -257.8
14.26     -725.1
14.28     -1112
14.3     -1323
14.32     -1396
14.34     -1411
14.36     -1403
14.38     -1343
14.4     -1216
14.42     -1088
14.44     -1059
14.46     -1129
14.48     -1186
14.5     -1132
14.52     -1009
14.54     -945.1
14.56     -1007
14.58     -1154
14.6     -1315
14.62     -1450
14.64     -1507
14.66     -1400
14.68     -1067
14.7     -542.6
14.72     41.56
14.74     553
14.76     938.6
14.78     1199
14.8     1321
14.82     1283
14.84     1130
14.86     1003
14.88     1035
14.9     1212
14.92     1391
14.94     1422
14.96     1276
14.98     1086
15     1053
15.02     1269
15.04     1625
15.06     1904
15.08     1982
15.1     1884
15.12     1645
15.14     1219
15.16     588
15.18     -117.5
15.2     -677.2
15.22     -974.3
15.24     -1063
15.26     -1087
15.28     -1179
15.3     -1390
15.32     -1700
15.34     -2029
15.36     -2218
15.38     -2114
15.4     -1754
15.42     -1399
15.44     -1332
15.46     -1614
15.48     -2062
15.5     -2420
15.52     -2582
15.54     -2612
15.56     -2594
15.58     -2531
15.6     -2393
15.62     -2187
15.64     -1986
15.66     -1837
15.68     -1653
15.7     -1249
15.72     -543.9
15.74     288.9
15.76     933.9
15.78     1201
15.8     1178
15.82     1092
15.84     1091
15.86     1174
15.88     1281
15.9     1406
15.92     1591
15.94     1816
15.96     1969
15.98     1994
16     1976
16.02     2065
16.04     2322
16.06     2646
16.08     2867
16.1     2884
16.12     2712
16.14     2393
16.16     1959
16.18     1475
16.2     1042
16.22     717.4
16.24     487.6
16.26     320.1
16.28     194.5
16.3     71.03
16.32     -95.17
16.34     -310.3
16.36     -541.2
16.38     -753.1
16.4     -941.1
16.42     -1117
16.44     -1288
16.46     -1472
16.48     -1698
16.5     -1947
16.52     -2133
16.54     -2167
16.56     -2039
16.58     -1800
16.6     -1484
16.62     -1090
16.64     -655.7
16.66     -271.3
16.68     -11.65
16.7     134.5
16.72     242.3
16.74     336.7
16.76     362.3
16.78     312.7
16.8     305.4
16.82     454.3
16.84     723.4
16.86     971.4
16.88     1126
16.9     1269
16.92     1520
16.94     1857
16.96     2124
16.98     2207
17     2125
17.02     1962
17.04     1731
17.06     1378
17.08     904.3
17.1     424.5
17.12     54.97
17.14     -188.5
17.16     -370.3
17.18     -548.1
17.2     -715.5
17.22     -843.5
17.24     -952.2
17.26     -1076
17.28     -1200
17.3     -1278
17.32     -1311
17.34     -1368
17.36     -1516
17.38     -1752
17.4     -1964
17.42     -1979
17.44     -1710
17.46     -1245
17.48     -778.4
17.5     -434.4
17.52     -175.7
17.54     100.4
17.56     403.5
17.58     633.3
17.6     723
17.62     746.3
17.64     828
17.66     997.3
17.68     1153
17.7     1177
17.72     1092
17.74     1046
17.76     1170
17.78     1494
17.8     1937
17.82     2382
17.84     2743
17.86     2967
17.88     3014
17.9     2881
17.92     2619
17.94     2297
17.96     1960
17.98     1631
18     1346
18.02     1140
18.04     985.5
18.06     789.7
18.08     501.8
18.1     197.9
18.12     43.46
18.14     132.5
18.16     372.2
18.18     588.2
18.2     685.8
18.22     630.6
18.24     361.6
18.26     -153.2
18.28     -808.1
18.3     -1384
18.32     -1685
18.34     -1670
18.36     -1470
18.38     -1274
18.4     -1208
18.42     -1285
18.44     -1408
18.46     -1439
18.48     -1301
18.5     -1045
18.52     -781.4
18.54     -573.1
18.56     -405.5
18.58     -285.2
18.6     -279.5
18.62     -420.1
18.64     -623
18.66     -702.5
18.68     -505.5
18.7     -67.06
18.72     421.3
18.74     775.5
18.76     925.5
18.78     932.3
18.8     922.9
18.82     978.1
18.84     1094
18.86     1236
18.88     1382
18.9     1530
18.92     1675
18.94     1779
18.96     1797
18.98     1718
19     1584
19.02     1465
19.04     1435
19.06     1536
19.08     1728
19.1     1893
19.12     1935
19.14     1864
19.16     1779
19.18     1745
19.2     1706
19.22     1578
19.24     1385
19.26     1215
19.28     1088
19.3     943.2
19.32     760.2
19.34     580.3
19.36     448
19.38     377.6
19.4     359.6
19.42     370.2
19.44     360.5
19.46     263.6
19.48     38
19.5     -284.1
19.52     -598.8
19.54     -824.7
19.56     -974.5
19.58     -1130
19.6     -1356
19.62     -1614
19.64     -1797
19.66     -1851
19.68     -1818
19.7     -1771
19.72     -1723
19.74     -1643
19.76     -1547
19.78     -1531
19.8     -1682
19.82     -1936
19.84     -2080
19.86     -1953
19.88     -1606
19.9     -1230
19.92     -963.9
19.94     -800.4
19.96     -656.3
19.98     -491.1
20     -319.3
20.02     -142
20.04     41.42
20.06     190.9
20.08     272.4
20.1     336.4
20.12     484.7
20.14     763.6
20.16     1131
20.18     1518
20.2     1900
20.22     2279
20.24     2614
20.26     2833
20.28     2909
20.3     2906
20.32     2897
20.34     2884
20.36     2823
20.38     2702
20.4     2545
20.42     2382
20.44     2226
20.46     2084
20.48     1971
20.5     1901
20.52     1816
20.54     1594
20.56     1170
20.58     618
20.6     79.76
20.62     -387.3
20.64     -826.5
20.66     -1292
20.68     -1782
20.7     -2226
20.72     -2544
20.74     -2709
20.76     -2757
20.78     -2784
20.8     -2890
20.82     -3104
20.84     -3353
20.86     -3557
20.88     -3702
20.9     -3782
20.92     -3729
20.94     -3438
20.96     -2891
20.98     -2206
21     -1537
21.02     -947.5
21.04     -384.9
21.06     253.4
21.08     1046
21.1     1985
21.12     2945
21.14     3720
21.16     4158
21.18     4278
21.2     4241
21.22     4209
21.24     4255
21.26     4393
21.28     4644
21.3     5027
21.32     5452
21.34     5707
21.36     5611
21.38     5167
21.4     4600
21.42     4229
21.44     4180
21.46     4232
21.48     3989
21.5     3211
21.52     1983
21.54     576.9
21.56     -824.5
21.58     -2180
21.6     -3421
21.62     -4384
21.64     -4940
21.66     -5207
21.68     -5525
21.7     -6134
21.72     -6902
21.74     -7478
21.76     -7666
21.78     -7586
21.8     -7517
21.82     -7648
21.84     -8006
21.86     -8530
21.88     -9150
21.9     -9752
21.92     -10140
21.94     -10040
21.96     -9302
21.98     -8028
22     -6533
22.02     -5105
22.04     -3818
22.06     -2566
22.08     -1245
22.1     75.43
22.12     1177
22.14     1914
22.16     2346
22.18     2640
22.2     2896
22.22     3106
22.24     3264
22.26     3488
22.28     3994
22.3     4914
22.32     6147
22.34     7432
22.36     8542
22.38     9371
22.4     9886
22.42     10090
22.44     9951
22.46     9444
22.48     8578
22.5     7450
22.52     6187
22.54     4870
22.56     3543
22.58     2256
22.6     1087
22.62     130.2
22.64     -569.3
22.66     -1052
22.68     -1382
22.7     -1637
22.72     -1947
22.74     -2491
22.76     -3375
22.78     -4507
22.8     -5635
22.82     -6558
22.84     -7313
22.86     -8099
22.88     -8982
22.9     -9776
22.92     -10230
22.94     -10250
22.96     -9889
22.98     -9290
23     -8498
23.02     -7479
23.04     -6250
23.06     -4985
23.08     -3927
23.1     -3186
23.12     -2633
23.14     -1998
23.16     -1141
23.18     -191.9
23.2     660.7
23.22     1439
23.24     2327
23.26     3391
23.28     4465
23.3     5368
23.32     6093
23.34     6758
23.36     7411
23.38     7907
23.4     8043
23.42     7793
23.44     7324
23.46     6763
23.48     6076
23.5     5214
23.52     4277
23.54     3478
23.56     2927
23.58     2464
23.6     1794
23.62     771.3
23.64     -505.3
23.66     -1847
23.68     -3158
23.7     -4469
23.72     -5826
23.74     -7168
23.76     -8340
23.78     -9234
23.8     -9891
23.82     -10420
23.84     -10640
23.86     -10720
23.88     -10510
23.9     -9962
23.92     -9281
23.94     -8730
23.96     -8351
23.98     -8037
24     -7683
24.02     -7282
24.04     -6859
24.06     -6366
24.08     -5668
24.1     -4647
24.12     -3296
24.14     -1705
24.16     -6.081
24.18     1700
24.2     3383
24.22     5038
24.24     6611
24.26     7989
24.28     9070
24.3     9838
24.32     10350
24.34     10550
24.36     10530
24.38     10380
24.4     9909
24.42     9340
24.44     8840
24.46     8630
24.48     8731
24.5     8875
24.52     8872
24.54     8629
24.56     8146
24.58     7458
24.6     6593
24.62     5557
24.64     4348
24.66     3005
24.68     1589
24.7     129.5
24.72     -1375
24.74     -2904
24.76     -4359
24.78     -5574
24.8     -6403
24.82     -6816
24.84     -6903
24.86     -6820
24.88     -6722
24.9     -6712
24.92     -6806
24.94     -6922
24.96     -6942
24.98     -6810
25     -6576
25.02     -6331
25.04     -6109
25.06     -5848
25.08     -5464
25.1     -4923
25.12     -4227
25.14     -3379
25.16     -2365
25.18     -1184
25.2     118.3
25.22     1446
25.24     2669
25.26     3691
25.28     4493
25.3     5130
25.32     5696
25.34     6241
25.36     6681
25.38     6867
25.4     6775
25.42     6537
25.44     6296
25.46     6091
25.48     5877
25.5     5644
25.52     5478
25.54     5469
25.56     5565
25.58     5538
25.6     5162
25.62     4424
25.64     3505
25.66     2576
25.68     1673
25.7     739.3
25.72     -261.2
25.74     -1289
25.76     -2276
25.78     -3168
25.8     -3920
25.82     -4468
25.84     -4729
25.86     -4654
25.88     -4287
25.9     -3794
25.92     -3383
25.94     -3209
25.96     -3297
25.98     -3527
26     -3688
26.02     -3615
26.04     -3301
26.06     -2871
26.08     -2435
26.1     -2001
26.12     -1516
26.14     -934.7
26.16     -226.1
26.18     621.5
26.2     1598
26.22     2668
26.24     3732
26.26     4623
26.28     5187
26.3     5403
26.32     5408
26.34     5407
26.36     5524
26.38     5710
26.4     5812
26.42     5745
26.44     5550
26.46     5346
26.48     5205
26.5     5069
26.52     4822
26.54     4429
26.56     3927
26.58     3329
26.6     2614
26.62     1775
26.64     857.1
26.66     -65.09
26.68     -919
26.7     -1646
26.72     -2226
26.74     -2720
26.76     -3235
26.78     -3793
26.8     -4303
26.82     -4687
26.84     -4962
26.86     -5187
26.88     -5354
26.9     -5420
26.92     -5418
26.94     -5471
26.96     -5604
26.98     -5599
27     -5181
27.02     -4307
27.04     -3178
27.06     -2022
27.08     -935.8
27.1     92.67
27.12     1078
27.14     1994
27.16     2815
27.18     3539
27.2     4162
27.22     4665
27.24     5063
27.26     5392
27.28     5650
27.3     5827
27.32     5960
27.34     6131
27.36     6384
27.38     6646
27.4     6751
27.42     6543
27.44     5982
27.46     5161
27.48     4211
27.5     3192
27.52     2081
27.54     852.8
27.56     -454.4
27.58     -1736
27.6     -2893
27.62     -3897
27.64     -4746
27.66     -5392
27.68     -5740
27.7     -5775
27.72     -5631
27.74     -5535
27.76     -5650
27.78     -5964
27.8     -6304
27.82     -6484
27.84     -6429
27.86     -6166
27.88     -5742
27.9     -5196
27.92     -4560
27.94     -3833
27.96     -2991
27.98     -1994
28     -823.3
28.02     494.6
28.04     1895
28.06     3278
28.08     4503
28.1     5401
28.12     5871
28.14     5979
28.16     5969
28.18     6092
28.2     6400
28.22     6712
28.24     6824
28.26     6705
28.28     6486
28.3     6284
28.32     6085
28.34     5797
28.36     5364
28.38     4837
28.4     4310
28.42     3771
28.44     3079
28.46     2095
28.48     854.2
28.5     -398.6
28.52     -1380
28.54     -2018
28.56     -2503
28.58     -3056
28.6     -3710
28.62     -4331
28.64     -4818
28.66     -5210
28.68     -5598
28.7     -5998
28.72     -6316
28.74     -6448
28.76     -6408
28.78     -6298
28.8     -6171
28.82     -5980
28.84     -5640
28.86     -5137
28.88     -4521
28.9     -3837
28.92     -3114
28.94     -2383
28.96     -1679
28.98     -1002
29     -323.7
29.02     364.5
29.04     1006
29.06     1536
29.08     1974
29.1     2416
29.12     2942
29.14     3567
29.16     4259
29.18     4976
29.2     5654
29.22     6169
29.24     6385
29.26     6270
29.28     5934
29.3     5537
29.32     5141
29.34     4658
29.36     3979
29.38     3091
29.4     2093
29.42     1146
29.44     379.4
29.46     -158.5
29.48     -515.9
29.5     -792.5
29.52     -1089
29.54     -1485
29.56     -2037
29.58     -2762
29.6     -3618
29.62     -4541
29.64     -5476
29.66     -6384
29.68     -7258
29.7     -8076
29.72     -8760
29.74     -9217
29.76     -9387
29.78     -9241
29.8     -8783
29.82     -8065
29.84     -7186
29.86     -6273
29.88     -5468
29.9     -4868
29.92     -4468
29.94     -4187
29.96     -3919
29.98     -3589
30     -3170
30.02     -2653
30.04     -2022
30.06     -1239
30.08     -297.6
30.1     747.8
30.12     1812
30.14     2831
30.16     3769
30.18     4607
30.2     5334
30.22     5914
30.24     6268
30.26     6331
30.28     6136
30.3     5811
30.32     5494
30.34     5262
30.36     5098
30.38     4931
30.4     4692
30.42     4357
30.44     3921
30.46     3355
30.48     2617
30.5     1707
30.52     704.7
30.54     -280.4
30.56     -1191
30.58     -2079
30.6     -3057
30.62     -4167
30.64     -5308
30.66     -6314
30.68     -7063
30.7     -7538
30.72     -7820
30.74     -8041
30.76     -8297
30.78     -8619
30.8     -8966
30.82     -9242
30.84     -9344
30.86     -9247
30.88     -8972
30.9     -8526
30.92     -7890
30.94     -7103
30.96     -6260
30.98     -5397
31     -4420
31.02     -3201
31.04     -1739
31.06     -224
31.08     1084
31.1     2075
31.12     2866
31.14     3672
31.16     4635
31.18     5766
31.2     6997
31.22     8238
31.24     9335
31.26     10110
31.28     10440
31.3     10440
31.32     10500
31.34     10630
31.36     10830
31.38     11020
31.4     10770
31.42     10060
31.44     8994
31.46     7854
31.48     6819
31.5     5975
31.52     5300
31.54     4700
31.56     4060
31.58     3246
31.6     2142
31.62     780.9
31.64     -613
31.66     -1753
31.68     -2474
31.7     -2833
31.72     -3117
31.74     -3722
31.76     -4832
31.78     -6208
31.8     -7351
31.82     -7887
31.84     -7799
31.86     -7361
31.88     -6866
31.9     -6420
31.92     -5969
31.94     -5441
31.96     -4818
31.98     -4102
32     -3266
32.02     -2291
32.04     -1253
32.06     -339.2
32.08     264.9
32.1     524.1
32.12     606.9
32.14     802.5
32.16     1357
32.18     2349
32.2     3649
32.22     4993
32.24     6132
32.26     6963
32.28     7535
32.3     7958
32.32     8282
32.34     8438
32.36     8302
32.38     7807
32.4     6985
32.42     5950
32.44     4846
32.46     3792
32.48     2881
32.5     2218
32.52     1896
32.54     1889
32.56     1966
32.58     1839
32.6     1395
32.62     734.9
32.64     11.3
32.66     -725
32.68     -1507
32.7     -2358
32.72     -3278
32.74     -4268
32.76     -5273
32.78     -6123
32.8     -6579
32.82     -6503
32.84     -5983
32.86     -5204
32.88     -4269
32.9     -3218
32.92     -2151
32.94     -1211
32.96     -481.1
32.98     63.39
33     509.9
33.02     902.5
33.04     1184
33.06     1288
33.08     1254
33.1     1234
33.12     1374
33.14     1731
33.16     2268
33.18     2905
33.2     3556
33.22     4145
33.24     4612
33.26     4930
33.28     5071
33.3     4973
33.32     4579
33.34     3920
33.36     3133
33.38     2376
33.4     1712
33.42     1038
33.44     209.8
33.46     -761.1
33.48     -1662
33.5     -2238
33.52     -2436
33.54     -2475
33.56     -2630
33.58     -2940
33.6     -3224
33.62     -3394
33.64     -3628
33.66     -4136
33.68     -4830
33.7     -5355
33.72     -5474
33.74     -5328
33.76     -5265
33.78     -5431
33.8     -5601
33.82     -5426
33.84     -4778
33.86     -3844
33.88     -2918
33.9     -2149
33.92     -1508
33.94     -929.8
33.96     -419.9
33.98     -38.61
34     192.1
34.02     349.9
34.04     546.4
34.06     820.8
34.08     1109
34.1     1318
34.12     1439
34.14     1582
34.16     1869
34.18     2319
34.2     2843
34.22     3304
34.24     3583
34.26     3586
34.28     3256
34.3     2617
34.32     1811
34.34     1024
34.36     379.7
34.38     -89.12
34.4     -407.8
34.42     -637
34.44     -860
34.46     -1152
34.48     -1529
34.5     -1917
34.52     -2195
34.54     -2317
34.56     -2371
34.58     -2511
34.6     -2826
34.62     -3273
34.64     -3722
34.66     -4043
34.68     -4151
34.7     -3994
34.72     -3543
34.74     -2836
34.76     -2015
34.78     -1291
34.8     -809.6
34.82     -549.6
34.84     -350.2
34.86     -64.05
34.88     348.9
34.9     843.2
34.92     1362
34.94     1889
34.96     2450
34.98     3093
35     3841
35.02     4656
35.04     5442
35.06     6115
35.08     6652
35.1     7076
35.12     7363
35.14     7393
35.16     7059
35.18     6404
35.2     5635
35.22     4996
35.24     4587
35.26     4313
35.28     4038
35.3     3726
35.32     3412
35.34     3087
35.36     2674
35.38     2094
35.4     1350
35.42     487.9
35.44     -485.6
35.46     -1604
35.48     -2878
35.5     -4260
35.52     -5645
35.54     -6907
35.56     -7881
35.58     -8375
35.6     -8316
35.62     -7839
35.64     -7213
35.66     -6662
35.68     -6244
35.7     -5873
35.72     -5442
35.74     -4918
35.76     -4341
35.78     -3773
35.8     -3251
35.82     -2779
35.84     -2337
35.86     -1861
35.88     -1231
35.9     -353.1
35.92     771.5
35.94     2067
35.96     3445
35.98     4824
36     6092
36.02     7099
36.04     7722
36.06     7974
36.08     8018
36.1     8003
36.12     7907
36.14     7591
36.16     6968
36.18     6089
36.2     5099
36.22     4129
36.24     3232
36.26     2431
36.28     1767
36.3     1243
36.32     748.3
36.34     61.81
36.36     -1017
36.38     -2489
36.4     -4139
36.42     -5691
36.44     -6987
36.46     -8040
36.48     -8970
36.5     -9876
36.52     -10350
36.54     -10770
36.56     -10950
36.58     -11150
36.6     -11260
36.62     -11070
36.64     -10480
36.66     -9713
36.68     -9061
36.7     -8525
36.72     -7953
36.74     -7201
36.76     -6268
36.78     -5268
36.8     -4284
36.82     -3288
36.84     -2185
36.86     -937.9
36.88     346.1
36.9     1507
36.92     2523
36.94     3546
36.96     4730
36.98     6060
37     7353
37.02     8411
37.04     9181
37.06     9753
37.08     10080
37.1     10210
37.12     10230
37.14     9830
37.16     9199
37.18     8500
37.2     7918
37.22     7418
37.24     6885
37.26     6277
37.28     5672
37.3     5162
37.32     4697
37.34     4087
37.36     3199
37.38     2093
37.4     927.4
37.42     -184.5
37.44     -1229
37.46     -2245
37.48     -3232
37.5     -4116
37.52     -4807
37.54     -5264
37.56     -5483
37.58     -5466
37.6     -5226
37.62     -4812
37.64     -4324
37.66     -3891
37.68     -3617
37.7     -3517
37.72     -3491
37.74     -3393
37.76     -3128
37.78     -2679
37.8     -2061
37.82     -1286
37.84     -351.6
37.86     730.2
37.88     1903
37.9     3087
37.92     4201
37.94     5183
37.96     5991
37.98     6568
38     6841
38.02     6820
38.04     6637
38.06     6447
38.08     6305
38.1     6169
38.12     5997
38.14     5815
38.16     5684
38.18     5624
38.2     5561
38.22     5365
38.24     4943
38.26     4318
38.28     3572
38.3     2693
38.32     1577
38.34     209.5
38.36     -1194
38.38     -2322
38.4     -3059
38.42     -3605
38.44     -4260
38.46     -5082
38.48     -5846
38.5     -6298
38.52     -6436
38.54     -6507
38.56     -6744
38.58     -7110
38.6     -7333
38.62     -7181
38.64     -6708
38.66     -6211
38.68     -5914
38.7     -5699
38.72     -5234
38.74     -4357
38.76     -3254
38.78     -2230
38.8     -1360
38.82     -447.9
38.84     653.5
38.86     1830
38.88     2855
38.9     3655
38.92     4375
38.94     5209
38.96     6191
38.98     7162
39     7921
39.02     8403
39.04     8693
39.06     8893
39.08     9048
39.1     9151
39.12     9161
39.14     9029
39.16     8735
39.18     8295
39.2     7728
39.22     7058
39.24     6306
39.26     5496
39.28     4669
39.3     3876
39.32     3103
39.34     2262
39.36     1281
39.38     186.3
39.4     -915.2
39.42     -1927
39.44     -2827
39.46     -3670
39.48     -4533
39.5     -5434
39.52     -6314
39.54     -7073
39.56     -7612
39.58     -7883
39.6     -7907
39.62     -7754
39.64     -7505
39.66     -7231
39.68     -6977
39.7     -6738
39.72     -6445
39.74     -6028
39.76     -5506
39.78     -4958
39.8     -4441
39.82     -3973
39.84     -3543
39.86     -3114
39.88     -2611
39.9     -1963
39.92     -1173
39.94     -333.7
39.96     436.7
39.98     1082
40     1636
40.02     2157
40.04     2652
40.06     3063
40.08     3314
40.1     3376
40.12     3267
40.14     3015
40.16     2657
40.18     2264
40.2     1948
40.22     1816
40.24     1872
40.26     1961
40.28     1882
40.3     1575
40.32     1165
40.34     813.9
40.36     564.2
40.38     315.4
40.4     -61.07
40.42     -581.9
40.44     -1160
40.46     -1739
40.48     -2335
40.5     -2909
40.52     -3275
40.54     -3219
40.56     -2736
40.58     -2089
40.6     -1605
40.62     -1404
40.64     -1361
40.66     -1304
40.68     -1211
40.7     -1183
40.72     -1277
40.74     -1436
40.76     -1578
40.78     -1722
40.8     -1951
40.82     -2259
40.84     -2454
40.86     -2292
40.88     -1710
40.9     -916
40.92     -206.5
40.94     256.3
40.96     495.6
40.98     605
41     628.7
41.02     533.9
41.04     262.1
41.06     -188
41.08     -737.5
41.1     -1297
41.12     -1822
41.14     -2288
41.16     -2661
41.18     -2882
41.2     -2892
41.22     -2680
41.24     -2341
41.26     -2033
41.28     -1846
41.3     -1754
41.32     -1702
41.34     -1687
41.36     -1754
41.38     -1945
41.4     -2241
41.42     -2576
41.44     -2868
41.46     -3050
41.48     -3090
41.5     -2990
41.52     -2775
41.54     -2464
41.56     -2067
41.58     -1634
41.6     -1253
41.62     -962.8
41.64     -699.9
41.66     -383.9
41.68     -43.05
41.7     189.6
41.72     200.2
41.74     12
41.76     -222.1
41.78     -348.2
41.8     -324.8
41.82     -212.7
41.84     -73.37
41.86     93.8
41.88     315.9
41.9     589.9
41.92     869.4
41.94     1082
41.96     1169
41.98     1140
42     1055
42.02     953.6
42.04     807.8
42.06     577.6
42.08     283.4
42.1     22.22
42.12     -103.7
42.14     -77.03
42.16     42.07
42.18     200.5
42.2     389.5
42.22     593.9
42.24     739.3
42.26     735
42.28     576.5
42.3     362.9
42.32     189.8
42.34     62.43
42.36     -65.23
42.38     -189.4
42.4     -229.9
42.42     -105.1
42.44     190.5
42.46     578.2
42.48     955.1
42.5     1271
42.52     1544
42.54     1790
42.56     1947
42.58     1916
42.6     1689
42.62     1394
42.64     1223
42.66     1285
42.68     1528
42.7     1787
42.72     1937
42.74     2017
42.76     2186
42.78     2533
42.8     2967
42.82     3270
42.84     3280
42.86     3027
42.88     2686
42.9     2374
42.92     2041
42.94     1586
42.96     1042
42.98     599.3
43     407.1
43.02     402.7
43.04     391.5
43.06     301.5
43.08     240.7
43.1     312.4
43.12     478.5
43.14     600
43.16     558.5
43.18     339.3
43.2     20.61
43.22     -318.1
43.24     -657.2
43.26     -994.6
43.28     -1293
43.3     -1499
43.32     -1581
43.34     -1516
43.36     -1292
43.38     -926.4
43.4     -468.9
43.42     10.89
43.44     444
43.46     793.4
43.48     1061
43.5     1269
43.52     1440
43.54     1584
43.56     1714
43.58     1840
43.6     1972
43.62     2111
43.64     2248
43.66     2357
43.68     2424
43.7     2489
43.72     2620
43.74     2824
43.76     3033
43.78     3168
43.8     3193
43.82     3130
43.84     3037
43.86     2963
43.88     2899
43.9     2786
43.92     2562
43.94     2223
43.96     1830
43.98     1457
44     1129
44.02     817.2
44.04     466.9
44.06     59.98
44.08     -349.4
44.1     -682.5
44.12     -900.4
44.14     -1022
44.16     -1106
44.18     -1203
44.2     -1327
44.22     -1472
44.24     -1657
44.26     -1912
44.28     -2240
44.3     -2572
44.32     -2787
44.34     -2809
44.36     -2671
44.38     -2467
44.4     -2241
44.42     -1961
44.44     -1595
44.46     -1195
44.48     -841.7
44.5     -528
44.52     -153.9
44.54     337
44.56     852.4
44.58     1205
44.6     1291
44.62     1219
44.64     1248
44.66     1548
44.68     2052
44.7     2565
44.72     3005
44.74     3423
44.76     3846
44.78     4178
44.8     4309
44.82     4264
44.84     4179
44.86     4148
44.88     4127
44.9     4015
44.92     3754
44.94     3372
44.96     2966
44.98     2645
45     2466
45.02     2396
45.04     2314
45.06     2076
45.08     1597
45.1     922.7
45.12     225.6
45.14     -310.7
45.16     -650.5
45.18     -921.2
45.2     -1274
45.22     -1728
45.24     -2149
45.26     -2387
45.28     -2434
45.3     -2388
45.32     -2309
45.34     -2180
45.36     -2019
45.38     -1940
45.4     -2069
45.42     -2402
45.44     -2750
45.46     -2893
45.48     -2773
45.5     -2477
45.52     -2111
45.54     -1734
45.56     -1376
45.58     -1028
45.6     -635
45.62     -146.4
45.64     418.4
45.66     978
45.68     1428
45.7     1682
45.72     1718
45.74     1578
45.76     1332
45.78     1047
45.8     797.9
45.82     646.5
45.84     602.7
45.86     611.9
45.88     586.2
45.9     460.1
45.92     232.2
45.94     -52.07
45.96     -360.7
45.98     -712.3
46     -1149
46.02     -1683
46.04     -2290
46.06     -2938
46.08     -3610
46.1     -4292
46.12     -4932
46.14     -5443
46.16     -5748
46.18     -5823
46.2     -5713
46.22     -5507
46.24     -5315
46.26     -5213
46.28     -5197
46.3     -5186
46.32     -5097
46.34     -4905
46.36     -4653
46.38     -4405
46.4     -4179
46.42     -3931
46.44     -3600
46.46     -3153
46.48     -2602
46.5     -1971
46.52     -1276
46.54     -536.4
46.56     197.2
46.58     837.3
46.6     1304
46.62     1582
46.64     1729
46.66     1821
46.68     1885
46.7     1876
46.72     1741
46.74     1489
46.76     1193
46.78     934.5
46.8     743
46.82     579.1
46.84     379.1
46.86     118.3
46.88     -169.9
46.9     -446.2
46.92     -726.1
46.94     -1074
46.96     -1538
46.98     -2094
47     -2672
47.02     -3215
47.04     -3711
47.06     -4161
47.08     -4543
47.1     -4810
47.12     -4930
47.14     -4920
47.16     -4852
47.18     -4800
47.2     -4764
47.22     -4678
47.24     -4482
47.26     -4195
47.28     -3900
47.3     -3653
47.32     -3421
47.34     -3112
47.36     -2665
47.38     -2102
47.4     -1504
47.42     -927.5
47.44     -363.8
47.46     223.8
47.48     822.5
47.5     1357
47.52     1767
47.54     2073
47.56     2357
47.58     2656
47.6     2922
47.62     3075
47.64     3096
47.66     3057
47.68     3044
47.7     3075
47.72     3090
47.74     3015
47.76     2820
47.78     2517
47.8     2136
47.82     1704
47.84     1247
47.86     788
47.88     344.7
47.9     -65.48
47.92     -432.6
47.94     -771.2
47.96     -1117
47.98     -1497
48     -1894
48.02     -2243
48.04     -2483
48.06     -2604
48.08     -2639
48.1     -2624
48.12     -2562
48.14     -2426
48.16     -2189
48.18     -1849
48.2     -1441
48.22     -1015
48.24     -598.2
48.26     -185.8
48.28     240.9
48.3     674.8
48.32     1084
48.34     1449
48.36     1789
48.38     2163
48.4     2630
48.42     3207
48.44     3858
48.46     4534
48.48     5197
48.5     5805
48.52     6302
48.54     6620
48.56     6728
48.58     6655
48.6     6472
48.62     6232
48.64     5932
48.66     5543
48.68     5067
48.7     4559
48.72     4108
48.74     3788
48.76     3623
48.78     3573
48.8     3538
48.82     3394
48.84     3060
48.86     2529
48.88     1848
48.9     1069
48.92     218.7
48.94     -676.3
48.96     -1557
48.98     -2344
49     -2986
49.02     -3486
49.04     -3871
49.06     -4123
49.08     -4181
49.1     -4015
49.12     -3683
49.14     -3311
49.16     -3010
49.18     -2817
49.2     -2708
49.22     -2643
49.24     -2590
49.26     -2519
49.28     -2391
49.3     -2179
49.32     -1859
49.34     -1397
49.36     -771
49.38     1.154
49.4     879.1
49.42     1828
49.44     2821
49.46     3810
49.48     4702
49.5     5391
49.52     5823
49.54     6041
49.56     6145
49.58     6214
49.6     6259
49.62     6265
49.64     6250
49.66     6267
49.68     6353
49.7     6481
49.72     6576
49.74     6570
49.76     6447
49.78     6233
49.8     5951
49.82     5583
49.84     5082
49.86     4418
49.88     3612
49.9     2742
49.92     1909
49.94     1192
49.96     616.1
49.98     158.5
50     -219.3
50.02     -541.6
50.04     -815.7
50.06     -1046
50.08     -1247
50.1     -1440
50.12     -1629
50.14     -1794
50.16     -1905
50.18     -1960
50.2     -1989
50.22     -2011
50.24     -2005
50.26     -1907
50.28     -1658
50.3     -1249
50.32     -733.3
50.34     -199.4
50.36     281
50.38     686.6
50.4     1044
50.42     1408
50.44     1825
50.46     2302
50.48     2785
50.5     3202
50.52     3504
50.54     3687
50.56     3782
50.58     3830
50.6     3866
50.62     3916
50.64     3982
50.66     4034
50.68     4009
50.7     3847
50.72     3526
50.74     3082
50.76     2595
50.78     2130
50.8     1706
50.82     1289
50.84     827.5
50.86     273.6
50.88     -401.5
50.9     -1184
50.92     -2017
50.94     -2825
50.96     -3543
50.98     -4134
51     -4576
51.02     -4879
51.04     -5088
51.06     -5260
51.08     -5433
51.1     -5612
51.12     -5772
51.14     -5881
51.16     -5932
51.18     -5950
51.2     -5979
51.22     -6050
51.24     -6158
51.26     -6260
51.28     -6292
51.3     -6189
51.32     -5882
51.34     -5327
51.36     -4543
51.38     -3633
51.4     -2735
51.42     -1960
51.44     -1359
51.46     -928.5
51.48     -631.5
51.5     -419
51.52     -247.1
51.54     -99.84
51.56     6.298
51.58     53.82
51.6     63.22
51.62     98.66
51.64     232.8
51.66     503.5
51.68     890.5
51.7     1322
51.72     1706
51.74     1957
51.76     2018
51.78     1862
51.8     1500
51.82     988.6
51.84     422.2
51.86     -110.7
51.88     -572.9
51.9     -988
51.92     -1397
51.94     -1806
51.96     -2173
51.98     -2445
52     -2606
52.02     -2688
52.04     -2751
52.06     -2860
52.08     -3059
52.1     -3362
52.12     -3744
52.14     -4162
52.16     -4553
52.18     -4853
52.2     -5005
52.22     -4982
52.24     -4796
52.26     -4505
52.28     -4179
52.3     -3857
52.32     -3517
52.34     -3126
52.36     -2696
52.38     -2296
52.4     -1990
52.42     -1777
52.44     -1605
52.46     -1417
52.48     -1203
52.5     -978.6
52.52     -734.9
52.54     -420.5
52.56     6.063
52.58     516.2
52.6     1017
52.62     1418
52.64     1688
52.66     1853
52.68     1926
52.7     1886
52.72     1711
52.74     1424
52.76     1085
52.78     749.9
52.8     440.6
52.82     150.9
52.84     -122.1
52.86     -358.6
52.88     -533.8
52.9     -651.3
52.92     -751.5
52.94     -887.9
52.96     -1096
52.98     -1377
53     -1710
53.02     -2063
53.04     -2414
53.06     -2747
53.08     -3046
53.1     -3289
53.12     -3447
53.14     -3492
53.16     -3411
53.18     -3221
53.2     -2959
53.22     -2665
53.24     -2364
53.26     -2069
53.28     -1792
53.3     -1549
53.32     -1338
53.34     -1136
53.36     -896
53.38     -580.6
53.4     -189.2
53.42     237.9
53.44     647.5
53.46     1009
53.48     1340
53.5     1691
53.52     2094
53.54     2528
53.56     2931
53.58     3242
53.6     3438
53.62     3528
53.64     3532
53.66     3458
53.68     3309
53.7     3111
53.72     2915
53.74     2755
53.76     2606
53.78     2397
53.8     2080
53.82     1692
53.84     1337
53.86     1091
53.88     937.7
53.9     795.6
53.92     601.5
53.94     354.6
53.96     86.57
53.98     -192.3
54     -499.9
54.02     -840.6
54.04     -1176
54.06     -1448
54.08     -1634
54.1     -1751
54.12     -1826
54.14     -1860
54.16     -1825
54.18     -1685
54.2     -1427
54.22     -1070
54.24     -648.7
54.26     -205
54.28     225.4
54.3     621.4
54.32     976
54.34     1287
54.36     1558
54.38     1808
54.4     2071
54.42     2373
54.44     2720
54.46     3096
54.48     3479
54.5     3853
54.52     4209
54.54     4532
54.56     4799
54.58     4989
54.6     5091
54.62     5093
54.64     4981
54.66     4757
54.68     4455
54.7     4130
54.72     3823
54.74     3549
54.76     3299
54.78     3062
54.8     2823
54.82     2575
54.84     2307
54.86     2012
54.88     1679
54.9     1296
54.92     860.6
54.94     384.9
54.96     -103.1
54.98     -568.8
55     -981.9
55.02     -1318
55.04     -1553
55.06     -1667
55.08     -1656
55.1     -1543
55.12     -1364
55.14     -1149
55.16     -908.4
55.18     -640.3
55.2     -352.3
55.22     -65.81
55.24     193.8
55.26     416.1
55.28     616.1
55.3     828.9
55.32     1091
55.34     1424
55.36     1830
55.38     2304
55.4     2831
55.42     3384
55.44     3919
55.46     4389
55.48     4763
55.5     5032
55.52     5194
55.54     5243
55.56     5175
55.58     4996
55.6     4735
55.62     4429
55.64     4115
55.66     3812
55.68     3524
55.7     3244
55.72     2962
55.74     2652
55.76     2284
55.78     1828
55.8     1276
55.82     647.5
55.84     -23.24
55.86     -704.8
55.88     -1383
55.9     -2048
55.92     -2682
55.94     -3256
55.96     -3741
55.98     -4120
56     -4390
56.02     -4555
56.04     -4629
56.06     -4635
56.08     -4598
56.1     -4534
56.12     -4443
56.14     -4317
56.16     -4150
56.18     -3943
56.2     -3686
56.22     -3356
56.24     -2940
56.26     -2462
56.28     -1966
56.3     -1478
56.32     -979.5
56.34     -439.3
56.36     145.3
56.38     732.8
56.4     1272
56.42     1737
56.44     2135
56.46     2471
56.48     2733
56.5     2902
56.52     2977
56.54     2977
56.56     2932
56.58     2857
56.6     2742
56.62     2567
56.64     2322
56.66     2017
56.68     1676
56.7     1313
56.72     931.3
56.74     517.8
56.76     59.79
56.78     -444.4
56.8     -979.2
56.82     -1518
56.84     -2041
56.86     -2549
56.88     -3044
56.9     -3516
56.92     -3935
56.94     -4269
56.96     -4508
56.98     -4671
57     -4785
57.02     -4855
57.04     -4864
57.06     -4806
57.08     -4696
57.1     -4551
57.12     -4374
57.14     -4144
57.16     -3846
57.18     -3486
57.2     -3089
57.22     -2668
57.24     -2210
57.26     -1695
57.28     -1121
57.3     -511.1
57.32     106.3
57.34     711.1
57.36     1292
57.38     1838
57.4     2331
57.42     2764
57.44     3139
57.46     3459
57.48     3715
57.5     3892
57.52     3986
57.54     4007
57.56     3964
57.58     3863
57.6     3712
57.62     3533
57.64     3352
57.66     3168
57.68     2947
57.7     2650
57.72     2260
57.74     1789
57.76     1259
57.78     688.4
57.8     78.27
57.82     -581.6
57.84     -1289
57.86     -2012
57.88     -2702
57.9     -3313
57.92     -3828
57.94     -4247
57.96     -4564
57.98     -4770
58     -4866
58.02     -4881
58.04     -4859
58.06     -4828
58.08     -4790
58.1     -4725
58.12     -4613
58.14     -4450
58.16     -4256
58.18     -4046
58.2     -3811
58.22     -3507
58.24     -3082
58.26     -2515
58.28     -1838
58.3     -1111
58.32     -381.1
58.34     328
58.36     997.3
58.38     1596
58.4     2091
58.42     2469
58.44     2752
58.46     2976
58.48     3157
58.5     3280
58.52     3324
58.54     3297
58.56     3234
58.58     3179
58.6     3154
58.62     3153
58.64     3151
58.66     3114
58.68     3011
58.7     2812
58.72     2497
58.74     2067
58.76     1548
58.78     982.7
58.8     408.1
58.82     -159
58.84     -716.1
58.86     -1253
58.88     -1740
58.9     -2137
58.92     -2414
58.94     -2570
58.96     -2629
58.98     -2630
59     -2612
59.02     -2604
59.04     -2620
59.06     -2651
59.08     -2685
59.1     -2710
59.12     -2714
59.14     -2686
59.16     -2612
59.18     -2482
59.2     -2273
59.22     -1951
59.24     -1483
59.26     -873.4
59.28     -177.4
59.3     524.2
59.32     1160
59.34     1698
59.36     2143
59.38     2521
59.4     2845
59.42     3119
59.44     3342
59.46     3521
59.48     3672
59.5     3805
59.52     3924
59.54     4034
59.56     4154
59.58     4310
59.6     4508
59.62     4705
59.64     4819
59.66     4776
59.68     4553
59.7     4187
59.72     3734
59.74     3219
59.76     2645
59.78     2028
59.8     1416
59.82     850.9
59.84     344.6
59.86     -120.7
59.88     -550.9
59.9     -923.3
59.92     -1213
59.94     -1434
59.96     -1638
59.98     -1890
60     -2205
