TIME/STEP     RF_deform_z
0     0
0.02     0.000157767
0.04     0.000225483
0.06     -0.000382234
0.08     -0.00146607
0.1     -0.00227438
0.12     -0.00187062
0.14     -0.000792685
0.16     -0.000981015
0.18     -0.00241266
0.2     -0.00312388
0.22     -0.00223554
0.24     -0.00173102
0.26     -0.00373196
0.28     -0.0069539
0.3     -0.00845894
0.32     -0.00821276
0.34     -0.00861229
0.36     -0.010963
0.38     -0.0136605
0.4     -0.0140162
0.42     -0.0126248
0.44     -0.011469
0.46     -0.0111773
0.48     -0.0113464
0.5     -0.0105755
0.52     -0.0071568
0.54     -0.00140364
0.56     0.00290131
0.58     0.0024652
0.6     -0.000311645
0.62     -0.00123518
0.64     -0.00150779
0.66     -0.00407293
0.68     -0.00935612
0.7     -0.0160315
0.72     -0.0219193
0.74     -0.0253252
0.76     -0.0257628
0.78     -0.0238834
0.8     -0.020351
0.82     -0.0138643
0.84     -0.00159913
0.86     0.0172347
0.88     0.0394386
0.9     0.0600046
0.92     0.0769147
0.94     0.0897475
0.96     0.0948544
0.98     0.0876572
1     0.0669274
1.02     0.0366347
1.04     0.0033802
1.06     -0.0310007
1.08     -0.067655
1.1     -0.103308
1.12     -0.131836
1.14     -0.149023
1.16     -0.156119
1.18     -0.157963
1.2     -0.156083
1.22     -0.146822
1.24     -0.125997
1.26     -0.0950622
1.28     -0.0599373
1.3     -0.0241226
1.32     0.0128496
1.34     0.0516887
1.36     0.0885523
1.38     0.116458
1.4     0.133368
1.42     0.143277
1.44     0.150519
1.46     0.154611
1.48     0.150627
1.5     0.136783
1.52     0.116661
1.54     0.0925343
1.56     0.0605999
1.58     0.0145933
1.6     -0.0460156
1.62     -0.112282
1.64     -0.171941
1.66     -0.219291
1.68     -0.253373
1.7     -0.27239
1.72     -0.276538
1.74     -0.2663
1.76     -0.240055
1.78     -0.197968
1.8     -0.145034
1.82     -0.0887946
1.84     -0.0297625
1.86     0.0381957
1.88     0.112164
1.9     0.179023
1.92     0.230715
1.94     0.268229
1.96     0.293542
1.98     0.306078
2     0.304228
2.02     0.285615
2.04     0.250383
2.06     0.202985
2.08     0.145754
2.1     0.0749105
2.12     -0.0152866
2.14     -0.124769
2.16     -0.243846
2.18     -0.359096
2.2     -0.456998
2.22     -0.523718
2.24     -0.549843
2.26     -0.528579
2.28     -0.456449
2.3     -0.342938
2.32     -0.206524
2.34     -0.0657078
2.36     0.066403
2.38     0.187461
2.4     0.299718
2.42     0.398435
2.44     0.474336
2.46     0.523208
2.48     0.542259
2.5     0.522833
2.52     0.454692
2.54     0.331562
2.56     0.15624
2.58     -0.0520911
2.6     -0.265554
2.62     -0.458236
2.64     -0.609728
2.66     -0.708364
2.68     -0.747924
2.7     -0.725896
2.72     -0.650311
2.74     -0.543017
2.76     -0.424246
2.78     -0.298937
2.8     -0.157877
2.82     0.00999644
2.84     0.199071
2.86     0.389298
2.88     0.564664
2.9     0.716219
2.92     0.828959
2.94     0.878759
2.96     0.844645
2.98     0.723632
3     0.528951
3.02     0.281024
3.04     0.00473509
3.06     -0.279625
3.08     -0.554823
3.1     -0.797816
3.12     -0.984922
3.14     -1.10012
3.16     -1.13381
3.18     -1.08084
3.2     -0.945947
3.22     -0.741483
3.24     -0.481717
3.26     -0.182143
3.28     0.140995
3.3     0.464093
3.32     0.750505
3.34     0.966882
3.36     1.09993
3.38     1.14967
3.4     1.11232
3.42     0.97348
3.44     0.730458
3.46     0.414025
3.48     0.0689703
3.5     -0.273843
3.52     -0.587132
3.54     -0.837001
3.56     -0.996757
3.58     -1.05562
3.6     -1.02101
3.62     -0.915063
3.64     -0.760672
3.66     -0.575514
3.68     -0.375664
3.7     -0.166786
3.72     0.0495189
3.74     0.254265
3.76     0.419347
3.78     0.535464
3.8     0.61294
3.82     0.65404
3.84     0.643995
3.86     0.569038
3.88     0.429814
3.9     0.247233
3.92     0.059874
3.94     -0.105151
3.96     -0.248337
3.98     -0.371519
4     -0.459805
4.02     -0.494584
4.04     -0.471306
4.06     -0.409121
4.08     -0.342528
4.1     -0.284527
4.12     -0.217298
4.14     -0.12464
4.16     -0.00847671
4.18     0.10942
4.2     0.20384
4.22     0.26722
4.24     0.305447
4.26     0.316784
4.28     0.281804
4.3     0.186938
4.32     0.0470318
4.34     -0.109394
4.36     -0.263552
4.38     -0.406161
4.4     -0.522431
4.42     -0.582603
4.44     -0.564476
4.46     -0.474276
4.48     -0.340082
4.5     -0.194538
4.52     -0.0489096
4.54     0.0968055
4.56     0.224665
4.58     0.305923
4.6     0.326315
4.62     0.301622
4.64     0.267533
4.66     0.246359
4.68     0.231485
4.7     0.20153
4.72     0.14221
4.74     0.0606022
4.76     -0.0238683
4.78     -0.0977908
4.8     -0.161234
4.82     -0.218874
4.84     -0.258108
4.86     -0.249227
4.88     -0.193544
4.9     -0.141274
4.92     -0.135612
4.94     -0.177205
4.96     -0.236865
4.98     -0.284667
5     -0.30741
5.02     -0.286796
5.04     -0.189868
5.06     -0.00627709
5.08     0.229753
5.1     0.467388
5.12     0.66857
5.14     0.809001
5.16     0.872282
5.18     0.855233
5.2     0.766141
5.22     0.615927
5.24     0.417204
5.26     0.176729
5.28     -0.0978974
5.3     -0.378421
5.32     -0.628432
5.34     -0.82581
5.36     -0.959618
5.38     -1.01764
5.4     -0.983276
5.42     -0.851427
5.44     -0.649584
5.46     -0.425722
5.48     -0.216459
5.5     -0.0347092
5.52     0.122658
5.54     0.259485
5.56     0.371382
5.58     0.452813
5.6     0.508087
5.62     0.545618
5.64     0.56242
5.66     0.538985
5.68     0.461389
5.7     0.346819
5.72     0.227604
5.74     0.119597
5.76     0.00614098
5.78     -0.137469
5.8     -0.294391
5.82     -0.432318
5.84     -0.556083
5.86     -0.679555
5.88     -0.787403
5.9     -0.848667
5.92     -0.835955
5.94     -0.735739
5.96     -0.558826
5.98     -0.328808
6     -0.0617509
6.02     0.227162
6.04     0.506582
6.06     0.738922
6.08     0.901321
6.1     0.984573
6.12     0.973048
6.14     0.849017
6.16     0.617967
6.18     0.312322
6.2     -0.0171427
6.22     -0.317745
6.24     -0.549382
6.26     -0.689338
6.28     -0.731105
6.3     -0.673008
6.32     -0.532975
6.34     -0.360658
6.36     -0.195466
6.38     -0.0454429
6.4     0.0904407
6.42     0.219019
6.44     0.346031
6.46     0.458531
6.48     0.530212
6.5     0.540259
6.52     0.491287
6.54     0.400872
6.56     0.274925
6.58     0.108849
6.6     -0.0786567
6.62     -0.233818
6.64     -0.308915
6.66     -0.294678
6.68     -0.213458
6.7     -0.112641
6.72     -0.0393678
6.74     -0.00640973
6.76     -0.0117651
6.78     -0.0584251
6.8     -0.139293
6.82     -0.234702
6.84     -0.324143
6.86     -0.398253
6.88     -0.458271
6.9     -0.509715
6.92     -0.558746
6.94     -0.603095
6.96     -0.634215
6.98     -0.637685
7     -0.575185
7.02     -0.407526
7.04     -0.149429
7.06     0.143957
7.08     0.435179
7.1     0.71615
7.12     0.973976
7.14     1.16562
7.16     1.238
7.18     1.17706
7.2     1.0156
7.22     0.795577
7.24     0.539636
7.26     0.243954
7.28     -0.101918
7.3     -0.486664
7.32     -0.870211
7.34     -1.20581
7.36     -1.47215
7.38     -1.67771
7.4     -1.8219
7.42     -1.86
7.44     -1.73637
7.46     -1.44761
7.48     -1.04053
7.5     -0.559357
7.52     -0.0239757
7.54     0.546535
7.56     1.11109
7.58     1.61724
7.6     2.02133
7.62     2.29618
7.64     2.42784
7.66     2.41245
7.68     2.25455
7.7     1.95458
7.72     1.50525
7.74     0.922687
7.76     0.26163
7.78     -0.421354
7.8     -1.087
7.82     -1.68725
7.84     -2.15032
7.86     -2.41653
7.88     -2.48089
7.9     -2.37549
7.92     -2.11623
7.94     -1.70255
7.96     -1.16817
7.98     -0.587951
8     -0.0251058
8.02     0.490835
8.04     0.936309
8.06     1.28417
8.08     1.51784
8.1     1.63894
8.12     1.66073
8.14     1.59527
8.16     1.45446
8.18     1.25729
8.2     1.02304
8.22     0.761113
8.24     0.478861
8.26     0.190705
8.28     -0.0885446
8.3     -0.345968
8.32     -0.576448
8.34     -0.785609
8.36     -0.976475
8.38     -1.1589
8.4     -1.35435
8.42     -1.56385
8.44     -1.76148
8.46     -1.90981
8.48     -1.96098
8.5     -1.87396
8.52     -1.63274
8.54     -1.23919
8.56     -0.710841
8.58     -0.0873791
8.6     0.567199
8.62     1.19083
8.64     1.74701
8.66     2.2102
8.68     2.56246
8.7     2.79577
8.72     2.91472
8.74     2.93871
8.76     2.88022
8.78     2.7286
8.8     2.4537
8.82     2.0149
8.84     1.39029
8.86     0.603777
8.88     -0.296359
8.9     -1.2728
8.92     -2.29793
8.94     -3.31172
8.96     -4.21086
8.98     -4.89342
9     -5.29945
9.02     -5.40945
9.04     -5.18743
9.06     -4.57219
9.08     -3.54467
9.1     -2.15047
9.12     -0.474871
9.14     1.37628
9.16     3.29378
9.18     5.16249
9.2     6.84613
9.22     8.20928
9.24     9.13698
9.26     9.53773
9.28     9.34773
9.3     8.53028
9.32     7.1083
9.34     5.18098
9.36     2.89041
9.38     0.380462
9.4     -2.22842
9.42     -4.82047
9.44     -7.2398
9.46     -9.29578
9.48     -10.8249
9.5     -11.7351
9.52     -11.9975
9.54     -11.606
9.56     -10.5691
9.58     -8.9349
9.6     -6.78804
9.62     -4.23799
9.64     -1.4182
9.66     1.52302
9.68     4.44122
9.7     7.19184
9.72     9.61708
9.74     11.5606
9.76     12.8869
9.78     13.4766
9.8     13.2417
9.82     12.1776
9.84     10.3967
9.86     8.09498
9.88     5.45015
9.9     2.54879
9.92     -0.558581
9.94     -3.75258
9.96     -6.83235
9.98     -9.58987
10     -11.8667
10.02     -13.5279
10.04     -14.4029
10.06     -14.3078
10.08     -13.1528
10.1     -11.0151
10.12     -8.11356
10.14     -4.72975
10.16     -1.1309
10.18     2.46978
10.2     5.90871
10.22     9.0475
10.24     11.7739
10.26     14.0171
10.28     15.7181
10.3     16.7536
10.32     16.9098
10.34     15.9914
10.36     13.9577
10.38     10.9606
10.4     7.28613
10.42     3.26824
10.44     -0.74247
10.46     -4.40735
10.48     -7.48556
10.5     -9.88271
10.52     -11.6182
10.54     -12.759
10.56     -13.3583
10.58     -13.4197
10.6     -12.8919
10.62     -11.6991
10.64     -9.80231
10.66     -7.24295
10.68     -4.16041
10.7     -0.816295
10.72     2.44103
10.74     5.29115
10.76     7.52934
10.78     9.06596
10.8     9.88733
10.82     10.0375
10.84     9.59039
10.86     8.63046
10.88     7.23256
10.9     5.42212
10.92     3.21127
10.94     0.690488
10.96     -1.95133
10.98     -4.48398
11     -6.69446
11.02     -8.42152
11.04     -9.54294
11.06     -9.95973
11.08     -9.62381
11.1     -8.56733
11.12     -6.88844
11.14     -4.69778
11.16     -2.09174
11.18     0.832523
11.2     3.95478
11.22     7.115
11.24     10.123
11.26     12.7694
11.28     14.7991
11.3     15.9518
11.32     16.0739
11.34     15.1377
11.36     13.1881
11.38     10.3341
11.4     6.77254
11.42     2.7706
11.44     -1.38527
11.46     -5.39811
11.48     -8.94569
11.5     -11.7278
11.52     -13.5509
11.54     -14.3442
11.56     -14.0974
11.58     -12.8352
11.6     -10.6727
11.62     -7.84205
11.64     -4.63001
11.66     -1.28299
11.68     2.02847
11.7     5.18196
11.72     8.07218
11.74     10.5917
11.76     12.6402
11.78     14.1222
11.8     14.9051
11.82     14.8297
11.84     13.8039
11.86     11.8529
11.88     9.06553
11.9     5.54678
11.92     1.4531
11.94     -2.94797
11.96     -7.30965
11.98     -11.3026
12     -14.6466
12.02     -17.0743
12.04     -18.3591
12.06     -18.4141
12.08     -17.3137
12.1     -15.2505
12.12     -12.46
12.14     -9.10766
12.16     -5.2748
12.18     -1.05871
12.2     3.37967
12.22     7.82926
12.24     12.0355
12.26     15.7028
12.28     18.4888
12.3     20.0187
12.32     19.9639
12.34     18.1566
12.36     14.6855
12.38     9.92179
12.4     4.43071
12.42     -1.18208
12.44     -6.41582
12.46     -10.9696
12.48     -14.7229
12.5     -17.6398
12.52     -19.6981
12.54     -20.8718
12.56     -21.1168
12.58     -20.3205
12.6     -18.3042
12.62     -14.9313
12.64     -10.2468
12.66     -4.55753
12.68     1.59285
12.7     7.53312
12.72     12.6117
12.74     16.356
12.76     18.5571
12.78     19.2154
12.8     18.4567
12.82     16.5038
12.84     13.6638
12.86     10.2726
12.88     6.58972
12.9     2.71106
12.92     -1.38676
12.94     -5.6679
12.96     -9.91661
12.98     -13.7884
13     -16.9406
13.02     -19.0961
13.04     -20.023
13.06     -19.5291
13.08     -17.5122
13.1     -14.0215
13.12     -9.26293
13.14     -3.54666
13.16     2.73868
13.18     9.08517
13.2     14.8657
13.22     19.4646
13.24     22.4302
13.26     23.5689
13.28     22.9445
13.3     20.807
13.32     17.5593
13.34     13.7177
13.36     9.77942
13.38     6.05124
13.4     2.57853
13.42     -0.771829
13.44     -4.15478
13.46     -7.59798
13.48     -10.9317
13.5     -13.8215
13.52     -15.8794
13.54     -16.7566
13.56     -16.1961
13.58     -14.1095
13.6     -10.6789
13.62     -6.39858
13.64     -1.93007
13.66     2.14604
13.68     5.49185
13.7     8.03021
13.72     9.83212
13.74     10.9801
13.76     11.5117
13.78     11.4224
13.8     10.7048
13.82     9.38514
13.84     7.47993
13.86     4.96025
13.88     1.84339
13.9     -1.66649
13.92     -5.18741
13.94     -8.3597
13.96     -11.0101
13.98     -13.0849
14     -14.4941
14.02     -15.098
14.04     -14.7856
14.06     -13.5256
14.08     -11.3743
14.1     -8.46262
14.12     -5.00503
14.14     -1.3407
14.16     2.10603
14.18     4.96428
14.2     7.0336
14.22     8.29481
14.24     8.82202
14.26     8.70777
14.28     8.06307
14.3     7.02724
14.32     5.71158
14.34     4.12625
14.36     2.19516
14.38     -0.105176
14.4     -2.59218
14.42     -4.88921
14.44     -6.6053
14.46     -7.50481
14.48     -7.55129
14.5     -6.86766
14.52     -5.65884
14.54     -4.15164
14.56     -2.57345
14.58     -1.11676
14.6     0.104892
14.62     1.08404
14.64     1.91116
14.66     2.68745
14.68     3.41229
14.7     3.96495
14.72     4.17916
14.74     3.93507
14.76     3.23669
14.78     2.25181
14.8     1.2375
14.82     0.405701
14.84     -0.157223
14.86     -0.50039
14.88     -0.761169
14.9     -1.11651
14.92     -1.74799
14.94     -2.77809
14.96     -4.17514
14.98     -5.73712
15     -7.17744
15.02     -8.20228
15.04     -8.58637
15.06     -8.24908
15.08     -7.25096
15.1     -5.73971
15.12     -3.91525
15.14     -1.97024
15.16     -0.00894904
15.18     1.94254
15.2     3.85916
15.22     5.69332
15.24     7.37596
15.26     8.7907
15.28     9.78956
15.3     10.2441
15.32     10.0649
15.34     9.21618
15.36     7.758
15.38     5.85624
15.4     3.71842
15.42     1.55476
15.44     -0.487117
15.46     -2.44053
15.48     -4.47199
15.5     -6.71014
15.52     -9.15479
15.54     -11.6735
15.56     -14.0315
15.58     -15.9499
15.6     -17.1604
15.62     -17.4359
15.64     -16.6273
15.66     -14.7147
15.68     -11.8585
15.7     -8.40426
15.72     -4.78285
15.74     -1.31884
15.76     1.90079
15.78     4.98484
15.8     8.08372
15.82     11.2621
15.84     14.4633
15.86     17.5225
15.88     20.1908
15.9     22.1495
15.92     23.0374
15.94     22.5443
15.96     20.545
15.98     17.2039
16     12.9586
16.02     8.34758
16.04     3.80915
16.06     -0.401389
16.08     -4.17886
16.1     -7.48498
16.12     -10.3063
16.14     -12.6682
16.16     -14.593
16.18     -16.0124
16.2     -16.7373
16.22     -16.5299
16.24     -15.2365
16.26     -12.903
16.28     -9.79514
16.3     -6.30313
16.32     -2.81178
16.34     0.384573
16.36     3.09993
16.38     5.24896
16.4     6.83439
16.42     7.93999
16.44     8.72303
16.46     9.32712
16.48     9.77517
16.5     9.95644
16.52     9.69426
16.54     8.85535
16.56     7.44222
16.58     5.57078
16.6     3.37747
16.62     0.984238
16.64     -1.46813
16.66     -3.78879
16.68     -5.78616
16.7     -7.36263
16.72     -8.50304
16.74     -9.1665
16.76     -9.24435
16.78     -8.61746
16.8     -7.24818
16.82     -5.22085
16.84     -2.72381
16.86     -0.0142736
16.88     2.61749
16.9     4.85577
16.92     6.4034
16.94     7.07776
16.96     6.87182
16.98     5.94544
17     4.56007
17.02     2.96324
17.04     1.28702
17.06     -0.412151
17.08     -2.06418
17.1     -3.60033
17.12     -5.0218
17.14     -6.40921
17.16     -7.82537
17.18     -9.21618
17.2     -10.4396
17.22     -11.3686
17.24     -11.908
17.26     -11.9568
17.28     -11.409
17.3     -10.1881
17.32     -8.30588
17.34     -5.86038
17.36     -2.97958
17.38     0.155447
17.4     3.27277
17.42     6.09059
17.44     8.42296
17.46     10.1979
17.48     11.4099
17.5     12.0498
17.52     12.0824
17.54     11.4765
17.56     10.2277
17.58     8.36418
17.6     5.93115
17.62     2.98441
17.64     -0.350913
17.66     -3.80655
17.68     -6.97765
17.7     -9.40348
17.72     -10.7135
17.74     -10.784
17.76     -9.74741
17.78     -7.84152
17.8     -5.2665
17.82     -2.16398
17.84     1.35242
17.86     5.18297
17.88     9.22247
17.9     13.3183
17.92     17.1995
17.94     20.4405
17.96     22.5189
17.98     22.9527
18     21.4364
18.02     17.9286
18.04     12.7071
18.06     6.32649
18.08     -0.509006
18.1     -7.08771
18.12     -12.8231
18.14     -17.3465
18.16     -20.5191
18.18     -22.3781
18.2     -23.0758
18.22     -22.7915
18.24     -21.6301
18.26     -19.6417
18.28     -16.9356
18.3     -13.7188
18.32     -10.2455
18.34     -6.75698
18.36     -3.44187
18.38     -0.46211
18.4     2.00297
18.42     3.83766
18.44     5.08513
18.46     5.88243
18.48     6.32808
18.5     6.43628
18.52     6.1934
18.54     5.58931
18.56     4.61031
18.58     3.26142
18.6     1.5845
18.62     -0.315148
18.64     -2.23945
18.66     -3.9244
18.68     -5.10904
18.7     -5.61949
18.72     -5.45608
18.74     -4.81384
18.76     -3.97987
18.78     -3.1881
18.8     -2.55222
18.82     -2.09826
18.84     -1.80638
18.86     -1.57133
18.88     -1.16806
18.9     -0.336819
18.92     1.07729
18.94     3.03186
18.96     5.27919
18.98     7.48393
19     9.38465
19.02     10.8454
19.04     11.8057
19.06     12.2261
19.08     12.1121
19.1     11.566
19.12     10.739
19.14     9.70434
19.16     8.39229
19.18     6.67564
19.2     4.51131
19.22     2.00884
19.24     -0.61342
19.26     -3.12493
19.28     -5.35314
19.3     -7.20552
19.32     -8.65355
19.34     -9.72145
19.36     -10.4615
19.38     -10.8903
19.4     -10.9597
19.42     -10.5601
19.44     -9.52605
19.46     -7.70484
19.48     -5.06237
19.5     -1.73047
19.52     2.01426
19.54     5.81638
19.56     9.30307
19.58     12.1373
19.6     14.1066
19.62     15.198
19.64     15.539
19.66     15.2222
19.68     14.2315
19.7     12.5416
19.72     10.2139
19.74     7.37622
19.76     4.15308
19.78     0.670809
19.8     -2.84986
19.82     -6.05075
19.84     -8.54412
19.86     -10.0765
19.88     -10.6024
19.9     -10.2264
19.92     -9.11047
19.94     -7.46016
19.96     -5.52028
19.98     -3.52645
20     -1.63215
20.02     0.15076
20.04     1.91044
20.06     3.69029
20.08     5.3687
20.1     6.72204
20.12     7.61386
20.14     8.06678
20.16     8.14606
20.18     7.84957
20.2     7.16854
20.22     6.19455
20.24     5.10028
20.26     4.01638
20.28     2.92108
20.3     1.64048
20.32     -0.0461811
20.34     -2.27593
20.36     -5.00693
20.38     -8.0016
20.4     -10.8709
20.42     -13.1695
20.44     -14.5358
20.46     -14.7559
20.48     -13.7499
20.5     -11.587
20.52     -8.51959
20.54     -4.9628
20.56     -1.35466
20.58     2.04124
20.6     5.2221
20.62     8.34801
20.64     11.5526
20.66     14.8059
20.68     17.9007
20.7     20.5437
20.72     22.4491
20.74     23.3775
20.76     23.1341
20.78     21.6032
20.8     18.8534
20.82     15.1681
20.84     10.9228
20.86     6.40639
20.88     1.71509
20.9     -3.20137
20.92     -8.36932
20.94     -13.675
20.96     -18.8945
20.98     -23.7504
21     -27.9354
21.02     -31.1466
21.04     -33.1509
21.06     -33.8681
21.08     -33.3746
21.1     -31.782
21.12     -29.1305
21.14     -25.3824
21.16     -20.4733
21.18     -14.3774
21.2     -7.17423
21.22     0.889677
21.24     9.31421
21.26     17.3193
21.28     23.994
21.3     28.5219
21.32     30.3979
21.34     29.568
21.36     26.3917
21.38     21.4169
21.4     15.1177
21.42     7.84667
21.44     -0.0308712
21.46     -8.06695
21.48     -15.8251
21.5     -22.9581
21.52     -29.131
21.54     -33.9157
21.56     -36.8197
21.58     -37.5099
21.6     -36.0207
21.62     -32.7591
21.64     -28.3177
21.66     -23.2002
21.68     -17.733
21.7     -12.1581
21.72     -6.72641
21.74     -1.72256
21.76     2.63916
21.78     6.30718
21.8     9.33537
21.82     11.7583
21.84     13.5632
21.86     14.7875
21.88     15.5865
21.9     16.1857
21.92     16.7428
21.94     17.2226
21.96     17.428
21.98     17.1285
22     16.1316
22.02     14.2695
22.04     11.4299
22.06     7.67441
22.08     3.30638
22.1     -1.23645
22.12     -5.58118
22.14     -9.53435
22.16     -13.0649
22.18     -16.1984
22.2     -18.9336
22.22     -21.1958
22.24     -22.7821
22.26     -23.3715
22.28     -22.6177
22.3     -20.2779
22.32     -16.3377
22.34     -11.0577
22.36     -4.92724
22.38     1.40289
22.4     7.2224
22.42     11.9369
22.44     15.2337
22.46     17.1098
22.48     17.7737
22.5     17.4765
22.52     16.3698
22.54     14.5119
22.56     11.9223
22.58     8.58922
22.6     4.48511
22.62     -0.376155
22.64     -5.83069
22.66     -11.4988
22.68     -16.8543
22.7     -21.3858
22.72     -24.7369
22.74     -26.7408
22.76     -27.3879
22.78     -26.7883
22.8     -25.1246
22.82     -22.5795
22.84     -19.2808
22.86     -15.3099
22.88     -10.7548
22.9     -5.75638
22.92     -0.498493
22.94     4.77643
22.96     9.66774
22.98     13.5823
23     15.8925
23.02     16.1896
23.04     14.4358
23.06     10.938
23.08     6.20529
23.1     0.785711
23.12     -4.8129
23.14     -10.1228
23.16     -14.7434
23.18     -18.4321
23.2     -21.1362
23.22     -22.8776
23.24     -23.656
23.26     -23.4253
23.28     -22.0776
23.3     -19.5088
23.32     -15.7331
23.34     -10.9732
23.36     -5.65955
23.38     -0.324124
23.4     4.51749
23.42     8.48736
23.44     11.3912
23.46     13.1308
23.48     13.6498
23.5     12.9538
23.52     11.114
23.54     8.22931
23.56     4.36983
23.58     -0.405995
23.6     -5.95068
23.62     -11.9352
23.64     -17.8331
23.66     -23.0223
23.68     -26.9264
23.7     -29.1285
23.72     -29.4719
23.74     -28.0629
23.76     -25.1382
23.78     -20.9464
23.8     -15.7333
23.82     -9.7935
23.84     -3.4847
23.86     2.84084
23.88     8.89693
23.9     14.4208
23.92     19.0774
23.94     22.4641
23.96     24.2404
23.98     24.2782
24     22.7135
24.02     19.8498
24.04     16.0324
24.06     11.5658
24.08     6.65077
24.1     1.37952
24.12     -4.20652
24.14     -10.025
24.16     -15.8773
24.18     -21.4544
24.2     -26.351
24.22     -30.0466
24.24     -31.9671
24.26     -31.674
24.28     -29.057
24.3     -24.3727
24.32     -18.1007
24.34     -10.7531
24.36     -2.78759
24.38     5.34394
24.4     13.1583
24.42     20.2251
24.44     26.2678
24.46     31.1333
24.48     34.6551
24.5     36.6457
24.52     37.0431
24.54     36.0032
24.56     33.8195
24.58     30.6838
24.6     26.5091
24.62     21.0424
24.64     14.179
24.66     6.20361
24.68     -2.25628
24.7     -10.4793
24.72     -17.8311
24.74     -23.7852
24.76     -27.9333
24.78     -30.1042
24.8     -30.4564
24.82     -29.3969
24.84     -27.3439
24.86     -24.4705
24.88     -20.6419
24.9     -15.5855
24.92     -9.1539
24.94     -1.48946
24.96     6.9579
24.98     15.426
25     22.8767
25.02     28.2384
25.04     30.7698
25.06     30.3425
25.08     27.4732
25.1     23.025
25.12     17.8194
25.14     12.4126
25.16     7.05515
25.18     1.79627
25.2     -3.41746
25.22     -8.71334
25.24     -14.1715
25.26     -19.5864
25.28     -24.3224
25.3     -27.4775
25.32     -28.3422
25.34     -26.7894
25.36     -23.2498
25.38     -18.3652
25.4     -12.7072
25.42     -6.75168
25.44     -0.945332
25.46     4.36054
25.48     9.08341
25.5     13.4173
25.52     17.5897
25.54     21.6019
25.56     25.1401
25.58     27.6766
25.6     28.7046
25.62     27.9914
25.64     25.6547
25.66     22.0167
25.68     17.42
25.7     12.1602
25.72     6.53536
25.74     0.873132
25.76     -4.56843
25.78     -9.67172
25.8     -14.3615
25.82     -18.4462
25.84     -21.5356
25.86     -23.1143
25.88     -22.7479
25.9     -20.2589
25.92     -15.7602
25.94     -9.61032
25.96     -2.35733
25.98     5.31725
26     12.6411
26.02     18.8534
26.04     23.3446
26.06     25.7113
26.08     25.7428
26.1     23.4082
26.12     18.8781
26.14     12.5394
26.16     4.94998
26.18     -3.23924
26.2     -11.3897
26.22     -18.9671
26.24     -25.5643
26.26     -30.8729
26.28     -34.6592
26.3     -36.7995
26.32     -37.3079
26.34     -36.2848
26.36     -33.8319
26.38     -29.9606
26.4     -24.5393
26.42     -17.3939
26.44     -8.5887
26.46     1.32981
26.48     11.3913
26.5     20.5105
26.52     27.7801
26.54     32.6664
26.56     35.0714
26.58     35.2585
26.6     33.7416
26.62     31.1563
26.64     28.0964
26.66     24.8686
26.68     21.3824
26.7     17.349
26.72     12.5588
26.74     7.03332
26.76     1.01534
26.78     -5.04716
26.8     -10.4703
26.82     -14.4483
26.84     -16.3764
26.86     -16.1878
26.88     -14.3821
26.9     -11.6501
26.92     -8.44673
26.94     -4.86378
26.96     -0.805594
26.98     3.73338
27     8.59031
27.02     13.546
27.04     18.3288
27.06     22.4943
27.08     25.4186
27.1     26.5312
27.12     25.6195
27.14     22.9985
27.16     19.4264
27.18     15.7644
27.2     12.6243
27.22     10.2052
27.24     8.2683
27.26     6.24861
27.28     3.53367
27.3     -0.251879
27.32     -5.07448
27.34     -10.4823
27.36     -15.743
27.38     -20.042
27.4     -22.6883
27.42     -23.2659
27.44     -21.7189
27.46     -18.3506
27.48     -13.6739
27.5     -8.1804
27.52     -2.19752
27.54     4.12341
27.56     10.7086
27.58     17.4009
27.6     23.8479
27.62     29.5071
27.64     33.7534
27.66     36.0291
27.68     35.9837
27.7     33.58
27.72     29.1294
27.74     23.2468
27.76     16.705
27.78     10.2284
27.8     4.33606
27.82     -0.732105
27.84     -5.00098
27.86     -8.63244
27.88     -11.7372
27.9     -14.2721
27.92     -16.0564
27.94     -16.87
27.96     -16.5753
27.98     -15.1699
28     -12.7945
28.02     -9.73462
28.04     -6.39053
28.06     -3.16035
28.08     -0.29821
28.1     2.11375
28.12     4.10175
28.14     5.73125
28.16     7.04878
28.18     8.04502
28.2     8.62713
28.22     8.63538
28.24     7.92674
28.26     6.46374
28.28     4.38618
28.3     2.05065
28.32     -0.0198028
28.34     -1.30221
28.36     -1.46229
28.38     -0.422369
28.4     1.70723
28.42     4.73482
28.44     8.44351
28.46     12.5688
28.48     16.7453
28.5     20.5758
28.52     23.8295
28.54     26.4827
28.56     28.513
28.58     29.7551
28.6     29.9858
28.62     29.0865
28.64     27.1347
28.66     24.3422
28.68     20.9112
28.7     16.9534
28.72     12.5223
28.74     7.71587
28.76     2.71103
28.78     -2.28981
28.8     -7.10293
28.82     -11.5385
28.84     -15.319
28.86     -18.0593
28.88     -19.417
28.9     -19.3015
28.92     -17.9126
28.94     -15.6279
28.96     -12.8779
28.98     -9.96237
29     -6.92525
29.02     -3.66653
29.04     -0.0978623
29.06     3.80455
29.08     7.96995
29.1     12.1702
29.12     15.9757
29.14     18.8134
29.16     20.135
29.18     19.6262
29.2     17.37
29.22     13.8385
29.24     9.65993
29.26     5.3537
29.28     1.23
29.3     -2.58225
29.32     -6.07402
29.34     -9.28517
29.36     -12.2284
29.38     -14.8111
29.4     -16.7756
29.42     -17.7296
29.44     -17.285
29.46     -15.239
29.48     -11.688
29.5     -7.01624
29.52     -1.79821
29.54     3.33115
29.56     7.84069
29.58     11.4377
29.6     14.0836
29.62     15.8872
29.64     16.9482
29.66     17.2704
29.68     16.7812
29.7     15.3935
29.72     13.0647
29.74     9.8597
29.76     6.0084
29.78     1.9186
29.8     -1.89683
29.82     -4.97351
29.84     -7.02914
29.86     -8.02136
29.88     -8.1164
29.9     -7.59059
29.92     -6.70354
29.94     -5.56761
29.96     -4.07703
29.98     -1.98294
30     0.897717
30.02     4.51787
30.04     8.57177
30.06     12.5817
30.08     16.0442
30.1     18.5257
30.12     19.6956
30.14     19.3879
30.16     17.715
30.18     15.0841
30.2     12.015
30.22     8.90522
30.24     5.92195
30.26     3.066
30.28     0.332232
30.3     -2.17558
30.32     -4.24727
30.34     -5.61457
30.36     -5.98685
30.38     -5.16997
30.4     -3.23269
30.42     -0.532389
30.44     2.41814
30.46     5.1134
30.48     7.12711
30.5     8.13752
30.52     8.02455
30.54     7.06684
30.56     5.94909
30.58     5.38095
30.6     5.72442
30.62     6.91501
30.64     8.6054
30.66     10.3502
30.68     11.7231
30.7     12.4019
30.72     12.2248
30.74     11.2253
30.76     9.6136
30.78     7.68139
30.8     5.65513
30.82     3.5939
30.84     1.42158
30.86     -0.957371
30.88     -3.52754
30.9     -6.06946
30.92     -8.17954
30.94     -9.39439
30.96     -9.31898
30.98     -7.7236
31     -4.61159
31.02     -0.255862
31.04     4.77445
31.06     9.68247
31.08     13.6898
31.1     16.2616
31.12     17.1567
31.14     16.3985
31.16     14.2658
31.18     11.2764
31.2     8.05374
31.22     5.11021
31.24     2.70941
31.26     0.900496
31.28     -0.338681
31.3     -0.99064
31.32     -1.04613
31.34     -0.612505
31.36     0.175478
31.38     1.34073
31.4     3.0634
31.42     5.49524
31.44     8.59429
31.46     12.1239
31.48     15.7694
31.5     19.244
31.52     22.2958
31.54     24.6634
31.56     26.0944
31.58     26.4296
31.6     25.6598
31.62     23.8561
31.64     21.0278
31.66     17.0502
31.68     11.7583
31.7     5.1529
31.72     -2.47075
31.74     -10.5537
31.76     -18.3994
31.78     -25.2435
31.8     -30.2336
31.82     -32.5421
31.84     -31.682
31.86     -27.7855
31.88     -21.5917
31.9     -14.1334
31.92     -6.36303
31.94     1.05546
31.96     7.68916
31.98     13.1745
32     17.2386
32.02     19.8948
32.04     21.4937
32.06     22.4259
32.08     22.7568
32.1     22.2414
32.12     20.6818
32.14     18.1634
32.16     14.9674
32.18     11.354
32.2     7.46382
32.22     3.40419
32.24     -0.666825
32.26     -4.59129
32.28     -8.28329
32.3     -11.7375
32.32     -14.9489
32.34     -17.7291
32.36     -19.6484
32.38     -20.2073
32.4     -19.0144
32.42     -15.8785
32.44     -10.836
32.46     -4.14562
32.48     3.69751
32.5     11.9704
32.52     19.8039
32.54     26.3412
32.56     30.9345
32.58     33.2658
32.6     33.3458
32.62     31.4214
32.64     27.8293
32.66     22.9059
32.68     17.0079
32.7     10.5569
32.72     4.0128
32.74     -2.22229
32.76     -7.87269
32.78     -12.7461
32.8     -16.6271
32.82     -19.2607
32.84     -20.4609
32.86     -20.1744
32.88     -18.4344
32.9     -15.3037
32.92     -10.8471
32.94     -5.19386
32.96     1.32524
32.98     8.19872
33     14.9199
33.02     21.1099
33.04     26.4862
33.06     30.7851
33.08     33.8046
33.1     35.5167
33.12     36.1075
33.14     35.8615
33.16     34.9523
33.18     33.3386
33.2     30.8057
33.22     27.0826
33.24     22.0101
33.26     15.6803
33.28     8.44771
33.3     0.842545
33.32     -6.51185
33.34     -12.9335
33.36     -17.7252
33.38     -20.349
33.4     -20.7106
33.42     -19.2492
33.44     -16.657
33.46     -13.4836
33.48     -9.90436
33.5     -5.75773
33.52     -0.845827
33.54     4.78045
33.56     10.8377
33.58     16.9899
33.6     22.8609
33.62     27.864
33.64     31.2033
33.66     32.1884
33.68     30.5733
33.7     26.6582
33.72     21.0957
33.74     14.5322
33.76     7.39153
33.78     -0.0566342
33.8     -7.52148
33.82     -14.6306
33.84     -21.0192
33.86     -26.3879
33.88     -30.4516
33.9     -32.9003
33.92     -33.4201
33.94     -31.8068
33.96     -28.1079
33.98     -22.6217
34     -15.7037
34.02     -7.57994
34.04     1.59721
34.06     11.4971
34.08     21.4358
34.1     30.4723
34.12     37.7025
34.14     42.5203
34.16     44.7385
34.18     44.6055
34.2     42.6706
34.22     39.5609
34.24     35.7572
34.26     31.3955
34.28     26.3428
34.3     20.5458
34.32     14.2403
34.34     7.82429
34.36     1.60584
34.38     -4.25471
34.4     -9.56085
34.42     -13.9544
34.44     -17.0885
34.46     -18.9303
34.48     -19.7541
34.5     -19.7839
34.52     -18.9367
34.54     -16.9073
34.56     -13.4299
34.58     -8.47459
34.6     -2.27698
34.62     4.70678
34.64     11.7448
34.66     17.7974
34.68     21.8133
34.7     23.1995
34.72     22.0406
34.74     18.9365
34.76     14.6246
34.78     9.70391
34.8     4.59237
34.82     -0.405524
34.84     -5.0979
34.86     -9.4813
34.88     -13.666
34.9     -17.601
34.92     -20.8693
34.94     -22.7664
34.96     -22.5804
34.98     -19.8935
35     -14.7685
35.02     -7.76723
35.04     0.152247
35.06     7.86546
35.08     14.3759
35.1     19.0423
35.12     21.6882
35.14     22.5631
35.16     22.1781
35.18     21.1154
35.2     19.8593
35.22     18.683
35.24     17.6432
35.26     16.6498
35.28     15.5515
35.3     14.1602
35.32     12.2399
35.34     9.6315
35.36     6.43888
35.38     3.04173
35.4     -0.122384
35.42     -2.81189
35.44     -4.98972
35.46     -6.6264
35.48     -7.60348
35.5     -7.82976
35.52     -7.34839
35.54     -6.29119
35.56     -4.78545
35.58     -2.91481
35.6     -0.754904
35.62     1.55642
35.64     3.7815
35.66     5.63683
35.68     6.878
35.7     7.33277
35.72     6.92022
35.74     5.68284
35.76     3.79066
35.78     1.47021
35.8     -1.05486
35.82     -3.48789
35.84     -5.37799
35.86     -6.22275
35.88     -5.69836
35.9     -3.85115
35.92     -1.08786
35.94     2.05378
35.96     5.1353
35.98     7.87937
36     10.0507
36.02     11.3536
36.04     11.5538
36.06     10.6896
36.08     9.11093
36.1     7.25146
36.12     5.32657
36.14     3.27419
36.16     0.985156
36.18     -1.44845
36.2     -3.75734
36.22     -5.71928
36.24     -7.29031
36.26     -8.55246
36.28     -9.57346
36.3     -10.3221
36.32     -10.729
36.34     -10.7529
36.36     -10.3412
36.38     -9.40779
36.4     -7.85393
36.42     -5.61346
36.44     -2.72692
36.46     0.636394
36.48     4.19994
36.5     7.60876
36.52     10.4936
36.54     12.5879
36.56     13.8438
36.58     14.4421
36.6     14.6459
36.62     14.6034
36.64     14.2994
36.66     13.6656
36.68     12.677
36.7     11.3653
36.72     9.78246
36.74     7.99324
36.76     6.15497
36.78     4.55884
36.8     3.53299
36.82     3.30231
36.84     3.89033
36.86     5.09209
36.88     6.55411
36.9     7.91475
36.92     8.86528
36.94     9.16737
36.96     8.7085
36.98     7.51038
37     5.6949
37.02     3.46425
37.04     1.0691
37.06     -1.24523
37.08     -3.25939
37.1     -4.73141
37.12     -5.38662
37.14     -5.02368
37.16     -3.62841
37.18     -1.36161
37.2     1.53124
37.22     4.75475
37.24     7.94424
37.26     10.6601
37.28     12.4868
37.3     13.2383
37.32     13.0869
37.34     12.4295
37.36     11.6032
37.38     10.7714
37.4     9.99443
37.42     9.27662
37.44     8.52917
37.46     7.53516
37.48     6.0475
37.5     3.97911
37.52     1.52642
37.54     -0.878322
37.56     -2.75119
37.58     -3.73207
37.6     -3.6559
37.62     -2.57081
37.64     -0.740265
37.66     1.43722
37.68     3.5554
37.7     5.28038
37.72     6.37263
37.74     6.71387
37.76     6.31144
37.78     5.2329
37.8     3.55938
37.82     1.37424
37.84     -1.22312
37.86     -4.06364
37.88     -6.87677
37.9     -9.32938
37.92     -11.0777
37.94     -11.7939
37.96     -11.2328
37.98     -9.33471
38     -6.29178
38.02     -2.53201
38.04     1.42815
38.06     5.20195
38.08     8.62713
38.1     11.6908
38.12     14.4396
38.14     16.961
38.16     19.3568
38.18     21.6437
38.2     23.6636
38.22     25.1064
38.24     25.6359
38.26     25.0388
38.28     23.2965
38.3     20.5097
38.32     16.8133
38.34     12.4052
38.36     7.57998
38.38     2.6599
38.4     -2.12655
38.42     -6.68804
38.44     -10.9831
38.46     -14.9078
38.48     -18.282
38.5     -20.8759
38.52     -22.3981
38.54     -22.5364
38.56     -21.0912
38.58     -18.0989
38.6     -13.8218
38.62     -8.60583
38.64     -2.786
38.66     3.29617
38.68     9.23568
38.7     14.5532
38.72     18.821
38.74     21.8737
38.76     23.8626
38.78     25.0696
38.8     25.7
38.82     25.7903
38.84     25.196
38.86     23.6611
38.88     20.9572
38.9     16.9506
38.92     11.6234
38.94     5.1714
38.96     -1.90313
38.98     -8.79801
39     -14.5558
39.02     -18.3553
39.04     -19.8168
39.06     -19.1121
39.08     -16.8248
39.1     -13.7343
39.12     -10.5994
39.14     -7.95968
39.16     -6.05476
39.18     -4.84216
39.2     -4.07363
39.22     -3.43516
39.24     -2.69926
39.26     -1.75738
39.28     -0.552968
39.3     0.918024
39.32     2.61958
39.34     4.52881
39.36     6.63608
39.38     8.93386
39.4     11.3975
39.42     13.917
39.44     16.1966
39.46     17.7455
39.48     18.0673
39.5     16.9426
39.52     14.5739
39.54     11.4725
39.56     8.21854
39.58     5.26993
39.6     2.88564
39.62     1.14703
39.64     0.00921774
39.66     -0.6641
39.68     -1.07696
39.7     -1.40552
39.72     -1.65197
39.74     -1.6085
39.76     -0.944075
39.78     0.635705
39.8     3.19644
39.82     6.49329
39.84     10.0385
39.86     13.2599
39.88     15.6756
39.9     16.9869
39.92     17.0985
39.94     16.1122
39.96     14.289
39.98     11.9428
40     9.32426
40.02     6.62877
40.04     4.05741
40.06     1.79132
40.08     -0.0434571
40.1     -1.32785
40.12     -1.87131
40.14     -1.39281
40.16     0.378472
40.18     3.53096
40.2     7.87856
40.22     12.9956
40.24     18.3
40.26     23.1483
40.28     26.9644
40.3     29.3524
40.32     30.1488
40.34     29.4458
40.36     27.5731
40.38     25.0054
40.4     22.2001
40.42     19.4099
40.44     16.6107
40.46     13.6234
40.48     10.2875
40.5     6.55035
40.52     2.50695
40.54     -1.56265
40.56     -5.22624
40.58     -8.00373
40.6     -9.4782
40.62     -9.41527
40.64     -7.87172
40.66     -5.1921
40.68     -1.86504
40.7     1.63715
40.72     4.96909
40.74     8.00024
40.76     10.8147
40.78     13.5664
40.8     16.3192
40.82     18.97
40.84     21.2155
40.86     22.5965
40.88     22.6316
40.9     20.9474
40.92     17.3786
40.94     12.0676
40.96     5.51022
40.98     -1.52832
41     -8.20774
41.02     -13.807
41.04     -17.8026
41.06     -19.8588
41.08     -19.8368
41.1     -17.8264
41.12     -14.1404
41.14     -9.20699
41.16     -3.4346
41.18     2.82902
41.2     9.25841
41.22     15.494
41.24     21.1367
41.26     25.8241
41.28     29.314
41.3     31.4659
41.32     32.1676
41.34     31.3501
41.36     29.0475
41.38     25.4086
41.4     20.6885
41.42     15.2203
41.44     9.3661
41.46     3.50499
41.48     -1.97732
41.5     -6.76309
41.52     -10.6434
41.54     -13.4813
41.56     -15.2039
41.58     -15.8345
41.6     -15.4791
41.62     -14.2573
41.64     -12.2332
41.66     -9.41491
41.68     -5.84534
41.7     -1.68982
41.72     2.77526
41.74     7.24769
41.76     11.4544
41.78     15.1267
41.8     17.9811
41.82     19.778
41.84     20.4063
41.86     19.9095
41.88     18.4349
41.9     16.1417
41.92     13.1198
41.94     9.38654
41.96     4.96578
41.98     -0.0328749
42     -5.3927
42.02     -10.7472
42.04     -15.5207
42.06     -19.0236
42.08     -20.6508
42.1     -20.0276
42.12     -17.0914
42.14     -12.0755
42.16     -5.42774
42.18     2.26194
42.2     10.3188
42.22     18.0784
42.24     25.0085
42.26     30.7556
42.28     35.1029
42.3     37.8931
42.32     38.9618
42.34     38.1608
42.36     35.4498
42.38     30.9348
42.4     24.857
42.42     17.5966
42.44     9.66686
42.46     1.66618
42.48     -5.78445
42.5     -12.1101
42.52     -16.8549
42.54     -19.7117
42.56     -20.546
42.58     -19.4409
42.6     -16.674
42.62     -12.5705
42.64     -7.35743
42.66     -1.19801
42.68     5.64043
42.7     12.6816
42.72     19.2904
42.74     24.8238
42.76     28.7562
42.78     30.7098
42.8     30.4833
42.82     28.1641
42.84     24.2169
42.86     19.3549
42.88     14.2359
42.9     9.2873
42.92     4.76952
42.94     0.853966
42.96     -2.39488
42.98     -5.0348
43     -7.14506
43.02     -8.6428
43.04     -9.24708
43.06     -8.7166
43.08     -7.10264
43.1     -4.73229
43.12     -1.99633
43.14     0.822863
43.16     3.5267
43.18     5.88585
43.2     7.67189
43.22     8.83401
43.24     9.609
43.26     10.3789
43.28     11.3874
43.3     12.6001
43.32     13.8005
43.34     14.7669
43.36     15.3688
43.38     15.5482
43.4     15.234
43.42     14.3285
43.44     12.8103
43.46     10.8158
43.48     8.58866
43.5     6.32555
43.52     4.09263
43.54     1.89462
43.56     -0.218049
43.58     -2.11542
43.6     -3.65922
43.62     -4.80346
43.64     -5.61246
43.66     -6.15137
43.68     -6.33108
43.7     -5.9279
43.72     -4.76301
43.74     -2.79948
43.76     -0.126005
43.78     3.08786
43.8     6.61108
43.82     10.1057
43.84     13.0997
43.86     15.1069
43.88     15.8196
43.9     15.207
43.92     13.4882
43.94     11.0069
43.96     8.08354
43.98     4.96837
44     1.87971
44.02     -0.983854
44.04     -3.4564
44.06     -5.40541
44.08     -6.69845
44.1     -7.14668
44.12     -6.5389
44.14     -4.78951
44.16     -2.03421
44.18     1.40652
44.2     5.1065
44.22     8.62639
44.24     11.613
44.26     13.879
44.28     15.4565
44.3     16.5696
44.32     17.4887
44.34     18.33
44.36     18.9504
44.38     18.9983
44.4     18.0394
44.42     15.7248
44.44     11.961
44.46     6.98061
44.48     1.30785
44.5     -4.32596
44.52     -9.13432
44.54     -12.4976
44.56     -14.1339
44.58     -14.1211
44.6     -12.773
44.62     -10.4519
44.64     -7.43586
44.66     -3.88392
44.68     0.137592
44.7     4.60633
44.72     9.46395
44.74     14.4891
44.76     19.206
44.78     22.9518
44.8     25.075
44.82     25.1279
44.84     23.0022
44.86     18.9696
44.88     13.6005
44.9     7.61116
44.92     1.6822
44.94     -3.7051
44.96     -8.33487
44.98     -12.2087
45     -15.4393
45.02     -18.1366
45.04     -20.2929
45.06     -21.7088
45.08     -22.0236
45.1     -20.8681
45.12     -18.0668
45.14     -13.7464
45.16     -8.27907
45.18     -2.17146
45.2     3.98739
45.22     9.57192
45.24     14.0634
45.26     17.2335
45.28     19.1931
45.3     20.2632
45.32     20.7833
45.34     20.9696
45.36     20.8476
45.38     20.2634
45.4     18.9797
45.42     16.8065
45.44     13.6796
45.46     9.68589
45.48     5.05037
45.5     0.114312
45.52     -4.67379
45.54     -8.82945
45.56     -11.9892
45.58     -14.0236
45.6     -15.0102
45.62     -15.112
45.64     -14.4775
45.66     -13.176
45.68     -11.1527
45.7     -8.2737
45.72     -4.43517
45.74     0.33261
45.76     5.80849
45.78     11.6122
45.8     17.2967
45.82     22.416
45.84     26.5319
45.86     29.2504
45.88     30.3389
45.9     29.8215
45.92     27.9494
45.94     25.0588
45.96     21.4247
45.98     17.2154
46     12.5588
46.02     7.63382
46.04     2.69792
46.06     -1.97137
46.08     -6.1528
46.1     -9.69027
46.12     -12.457
46.14     -14.3348
46.16     -15.238
46.18     -15.1789
46.2     -14.3015
46.22     -12.8031
46.24     -10.8122
46.26     -8.36055
46.28     -5.45803
46.3     -2.17674
46.32     1.31977
46.34     4.81543
46.36     8.10711
46.38     11.0498
46.4     13.5776
46.42     15.716
46.44     17.5735
46.46     19.3037
46.48     21.0226
46.5     22.6853
46.52     24.0186
46.54     24.5759
46.56     23.8628
46.58     21.4764
46.6     17.2578
46.62     11.423
46.64     4.56654
46.66     -2.47991
46.68     -8.83663
46.7     -13.7682
46.72     -16.8447
46.74     -18.0142
46.76     -17.5462
46.78     -15.8672
46.8     -13.3882
46.82     -10.3879
46.84     -6.98219
46.86     -3.17336
46.88     1.06237
46.9     5.67308
46.92     10.4354
46.94     14.9073
46.96     18.4871
46.98     20.5776
47     20.7822
47.02     19.0614
47.04     15.7619
47.06     11.4752
47.08     6.82171
47.1     2.29026
47.12     -1.82486
47.14     -5.40262
47.16     -8.414
47.18     -10.8367
47.2     -12.6118
47.22     -13.6292
47.24     -13.7215
47.26     -12.6869
47.28     -10.3776
47.3     -6.82075
47.32     -2.29074
47.34     2.70102
47.36     7.54363
47.38     11.7594
47.4     15.1562
47.42     17.7915
47.44     19.8157
47.46     21.34
47.48     22.403
47.5     22.9978
47.52     23.0691
47.54     22.4552
47.56     20.8911
47.58     18.1729
47.6     14.3769
47.62     9.93311
47.64     5.46521
47.66     1.5275
47.68     -1.5471
47.7     -3.63016
47.72     -4.71676
47.74     -4.88265
47.76     -4.28366
47.78     -3.14561
47.8     -1.70096
47.82     -0.0939948
47.84     1.65325
47.86     3.57352
47.88     5.63924
47.9     7.69463
47.92     9.49205
47.94     10.7984
47.96     11.4904
47.98     11.579
48     11.1851
48.02     10.5141
48.04     9.81444
48.06     9.31582
48.08     9.15806
48.1     9.34293
48.12     9.74622
48.14     10.1863
48.16     10.4875
48.18     10.5012
48.2     10.1131
48.22     9.27165
48.24     8.02357
48.26     6.49964
48.28     4.85018
48.3     3.17841
48.32     1.53155
48.34     -0.0164146
48.36     -1.29138
48.38     -2.08342
48.4     -2.26546
48.42     -1.83434
48.44     -0.868166
48.46     0.53725
48.48     2.27967
48.5     4.20398
48.52     6.07566
48.54     7.65151
48.56     8.80813
48.58     9.59642
48.6     10.1603
48.62     10.6137
48.64     10.9911
48.66     11.265
48.68     11.3601
48.7     11.1414
48.72     10.431
48.74     9.07519
48.76     7.02446
48.78     4.3906
48.8     1.47773
48.82     -1.25393
48.84     -3.30977
48.86     -4.28615
48.88     -3.93899
48.9     -2.20564
48.92     0.794227
48.94     4.75336
48.96     9.18635
48.98     13.521
49     17.2507
49.02     20.0316
49.04     21.6917
49.06     22.1916
49.08     21.5761
49.1     19.9354
49.12     17.3885
49.14     14.0972
49.16     10.2925
49.18     6.26531
49.2     2.3277
49.22     -1.21147
49.24     -4.05571
49.26     -5.9366
49.28     -6.65322
49.3     -6.13638
49.32     -4.50818
49.34     -2.06801
49.36     0.828155
49.38     3.90038
49.4     6.97692
49.42     9.94186
49.44     12.7017
49.46     15.2099
49.48     17.4791
49.5     19.5357
49.52     21.3445
49.54     22.7566
49.56     23.5423
49.58     23.5
49.6     22.567
49.62     20.8466
49.64     18.5476
49.66     15.9206
49.68     13.2356
49.7     10.7713
49.72     8.77438
49.74     7.39539
49.76     6.6373
49.78     6.35211
49.8     6.30956
49.82     6.29635
49.84     6.15687
49.86     5.76613
49.88     5.00784
49.9     3.80258
49.92     2.15829
49.94     0.190502
49.96     -1.90565
49.98     -3.89952
50     -5.53875
50.02     -6.54791
50.04     -6.66298
50.06     -5.70472
50.08     -3.64119
50.1     -0.589741
50.12     3.23065
50.14     7.54443
50.16     12.0367
50.18     16.359
50.2     20.1534
50.22     23.1042
50.24     24.9861
50.26     25.6719
50.28     25.1138
50.3     23.3387
50.32     20.471
50.34     16.7549
50.36     12.5402
50.38     8.22917
50.4     4.20031
50.42     0.735311
50.44     -2.01334
50.46     -3.99556
50.48     -5.21334
50.5     -5.71205
50.52     -5.60895
50.54     -5.08477
50.56     -4.3316
50.58     -3.51245
50.6     -2.74327
50.62     -2.09214
50.64     -1.58252
50.66     -1.18302
50.68     -0.799706
50.7     -0.279833
50.72     0.569885
50.74     1.93404
50.76     3.90918
50.78     6.43676
50.8     9.29136
50.82     12.1191
50.84     14.5135
50.86     16.1119
50.88     16.6732
50.9     16.1203
50.92     14.5364
50.94     12.1266
50.96     9.18773
50.98     6.0793
51     3.14968
51.02     0.637675
51.04     -1.36466
51.06     -2.85264
51.08     -3.82065
51.1     -4.23597
51.12     -4.07846
51.14     -3.37863
51.16     -2.2077
51.18     -0.634718
51.2     1.29432
51.22     3.52755
51.24     5.96669
51.26     8.46399
51.28     10.8427
51.3     12.9034
51.32     14.4248
51.34     15.1855
51.36     15.0036
51.38     13.7725
51.4     11.4878
51.42     8.27239
51.44     4.38222
51.46     0.18735
51.48     -3.87563
51.5     -7.38632
51.52     -10.0235
51.54     -11.6072
51.56     -12.093
51.58     -11.533
51.6     -10.0455
51.62     -7.79552
51.64     -4.97216
51.66     -1.77329
51.68     1.60628
51.7     4.99345
51.72     8.25113
51.74     11.2699
51.76     13.9542
51.78     16.2252
51.8     18.0196
51.82     19.2609
51.84     19.8292
51.86     19.5853
51.88     18.4258
51.9     16.3087
51.92     13.2656
51.94     9.4231
51.96     5.02796
51.98     0.445759
52     -3.90688
52.02     -7.6655
52.04     -10.586
52.06     -12.5451
52.08     -13.5075
52.1     -13.5012
52.12     -12.5943
52.14     -10.871
52.16     -8.41901
52.18     -5.3313
52.2     -1.72596
52.22     2.21685
52.24     6.22683
52.26     9.9746
52.28     13.1537
52.3     15.5372
52.32     16.9882
52.34     17.474
52.36     17.0785
52.38     15.9652
52.4     14.2999
52.42     12.1816
52.44     9.63004
52.46     6.6406
52.48     3.2591
52.5     -0.37881
52.52     -4.05792
52.54     -7.52056
52.56     -10.4933
52.58     -12.7097
52.6     -13.9607
52.62     -14.162
52.64     -13.3845
52.66     -11.8122
52.68     -9.64111
52.7     -6.99409
52.72     -3.92074
52.74     -0.453953
52.76     3.34016
52.78     7.33777
52.8     11.3617
52.82     15.1958
52.84     18.5858
52.86     21.2458
52.88     22.9044
52.9     23.3835
52.92     22.6564
52.94     20.8368
52.96     18.108
52.98     14.6636
53     10.7002
53.02     6.43517
53.04     2.11702
53.06     -1.98909
53.08     -5.63286
53.1     -8.59992
53.12     -10.7173
53.14     -11.8507
53.16     -11.9044
53.18     -10.8405
53.2     -8.71066
53.22     -5.67265
53.24     -1.97425
53.26     2.0836
53.28     6.17925
53.3     9.99028
53.32     13.2065
53.34     15.5561
53.36     16.8503
53.38     17.0204
53.4     16.127
53.42     14.3406
53.44     11.9032
53.46     9.07575
53.48     6.09428
53.5     3.15953
53.52     0.441795
53.54     -1.9225
53.56     -3.84384
53.58     -5.28838
53.6     -6.26248
53.62     -6.78072
53.64     -6.84516
53.66     -6.44409
53.68     -5.57333
53.7     -4.27461
53.72     -2.65402
53.74     -0.855397
53.76     0.982771
53.78     2.74411
53.8     4.32465
53.82     5.62093
53.84     6.53481
53.86     7.00109
53.88     7.01203
53.9     6.60665
53.92     5.83713
53.94     4.75073
53.96     3.40059
53.98     1.8724
54     0.298584
54.02     -1.16283
54.04     -2.3697
54.06     -3.21933
54.08     -3.63694
54.1     -3.56382
54.12     -2.97677
54.14     -1.91179
54.16     -0.457794
54.18     1.28183
54.2     3.22713
54.22     5.32276
54.24     7.51378
54.26     9.72821
54.28     11.8754
54.3     13.8506
54.32     15.5348
54.34     16.7958
54.36     17.5038
54.38     17.5599
54.4     16.9258
54.42     15.6354
54.44     13.7791
54.46     11.4788
54.48     8.86942
54.5     6.08492
54.52     3.25798
54.54     0.533207
54.56     -1.93398
54.58     -3.99909
54.6     -5.54488
54.62     -6.47559
54.64     -6.70199
54.66     -6.15297
54.68     -4.82417
54.7     -2.81603
54.72     -0.314094
54.74     2.46843
54.76     5.32532
54.78     8.05186
54.8     10.4429
54.82     12.3235
54.84     13.5921
54.86     14.2378
54.88     14.312
54.9     13.8813
54.92     13.0085
54.94     11.7607
54.96     10.2143
54.98     8.44942
55     6.54927
55.02     4.6035
55.04     2.70798
55.06     0.960888
55.08     -0.536424
55.1     -1.67216
55.12     -2.33499
55.14     -2.44912
55.16     -2.004
55.18     -1.05231
55.2     0.317132
55.22     2.0061
55.24     3.9197
55.26     5.96744
55.28     8.0616
55.3     10.1227
55.32     12.0901
55.34     13.922
55.36     15.5773
55.38     16.9972
55.4     18.1057
55.42     18.8313
55.44     19.1375
55.46     19.0404
55.48     18.6007
55.5     17.9036
55.52     17.0358
55.54     16.0664
55.56     15.039
55.58     13.9725
55.6     12.8632
55.62     11.693
55.64     10.4479
55.66     9.13696
55.68     7.80295
55.7     6.52155
55.72     5.38695
55.74     4.4904
55.76     3.89845
55.78     3.63382
55.8     3.6689
55.82     3.93952
55.84     4.37186
55.86     4.90501
55.88     5.49386
55.9     6.09762
55.92     6.67657
55.94     7.20368
55.96     7.67162
55.98     8.08257
56     8.43003
56.02     8.68862
56.04     8.82213
56.06     8.80483
56.08     8.63434
56.1     8.3284
56.12     7.91552
56.14     7.42434
56.16     6.88371
56.18     6.33835
56.2     5.8579
56.22     5.52625
56.24     5.41687
56.26     5.5702
56.28     5.98589
56.3     6.62801
56.32     7.43277
56.34     8.30826
56.36     9.13798
56.38     9.80216
56.4     10.2063
56.42     10.3003
56.44     10.0771
56.46     9.55596
56.48     8.76851
56.5     7.7494
56.52     6.53023
56.54     5.14054
56.56     3.61788
56.58     2.02075
56.6     0.434612
56.62     -1.03487
56.64     -2.27737
56.66     -3.19316
56.68     -3.70363
56.7     -3.7641
56.72     -3.3792
56.74     -2.60194
56.76     -1.50631
56.78     -0.155185
56.8     1.39921
56.82     3.09088
56.84     4.83827
56.86     6.56524
56.88     8.21063
56.9     9.71822
56.92     11.0206
56.94     12.034
56.96     12.6765
56.98     12.8993
57     12.6945
57.02     12.0716
57.04     11.0402
57.06     9.61686
57.08     7.84444
57.1     5.80687
57.12     3.62795
57.14     1.45472
57.16     -0.563486
57.18     -2.29044
57.2     -3.60806
57.22     -4.41891
57.24     -4.65721
57.26     -4.29878
57.28     -3.35547
57.3     -1.8633
57.32     0.126515
57.34     2.5518
57.36     5.33393
57.38     8.36785
57.4     11.5121
57.42     14.5841
57.44     17.3731
57.46     19.6737
57.48     21.3249
57.5     22.2343
57.52     22.3811
57.54     21.8066
57.56     20.6001
57.58     18.8797
57.6     16.7647
57.62     14.3388
57.64     11.6332
57.66     8.65956
57.68     5.468
57.7     2.1795
57.72     -1.02121
57.74     -3.91171
57.76     -6.25731
57.78     -7.83906
57.8     -8.4911
57.82     -8.13869
57.84     -6.82191
57.86     -4.68956
57.88     -1.9636
57.9     1.10799
57.92     4.28955
57.94     7.374
57.96     10.1856
57.98     12.5809
58     14.4445
58.02     15.6788
58.04     16.1967
58.06     15.9286
58.08     14.8464
58.1     12.9885
58.12     10.4705
58.14     7.48216
58.16     4.27632
58.18     1.14189
58.2     -1.63639
58.22     -3.82259
58.24     -5.26916
58.26     -5.93304
58.28     -5.85307
58.3     -5.11322
58.32     -3.81596
58.34     -2.05648
58.36     0.0956834
58.38     2.5939
58.4     5.39055
58.42     8.39238
58.44     11.4211
58.46     14.2216
58.48     16.5094
58.5     18.0202
58.52     18.5564
58.54     18.0357
58.56     16.5285
58.58     14.2541
58.6     11.5261
58.62     8.65813
58.64     5.88335
58.66     3.33349
58.68     1.06092
58.7     -0.928562
58.72     -2.63821
58.74     -4.03964
58.76     -5.05261
58.78     -5.56237
58.8     -5.45973
58.82     -4.6854
58.84     -3.26553
58.86     -1.32244
58.88     0.944595
58.9     3.30864
58.92     5.57819
58.94     7.63387
58.96     9.4267
58.98     10.9593
59     12.2674
59.02     13.3972
59.04     14.3636
59.06     15.1091
59.08     15.5016
59.1     15.3901
59.12     14.681
59.14     13.3747
59.16     11.5491
59.18     9.32204
59.2     6.83648
59.22     4.2632
59.24     1.7864
59.26     -0.433365
59.28     -2.28916
59.3     -3.72166
59.32     -4.68361
59.34     -5.11325
59.36     -4.94099
59.38     -4.11978
59.4     -2.65728
59.42     -0.630367
59.44     1.82471
59.46     4.53017
59.48     7.27955
59.5     9.85135
59.52     12.0292
59.54     13.6289
59.56     14.5262
59.58     14.6693
59.6     14.0721
59.62     12.7965
59.64     10.9453
59.66     8.67015
59.68     6.1633
59.7     3.62494
59.72     1.23814
59.74     -0.834162
59.76     -2.44462
59.78     -3.47609
59.8     -3.8693
59.82     -3.63102
59.84     -2.80823
59.86     -1.45511
59.88     0.370561
59.9     2.58617
59.92     5.07303
59.94     7.69206
59.96     10.3005
59.98     12.7426
60     14.8298
