TIME/STEP     base_shear_z
0     0
0.02     0.1954
0.04     0.1034
0.06     -0.7203
0.08     -1.48
0.1     -1.213
0.12     0.5472
0.14     1.725
0.16     0.1076
0.18     -2.463
0.2     -2.63
0.22     -0.4633
0.24     0.1364
0.26     -2.391
0.28     -4.411
0.3     -2.774
0.32     -0.4003
0.34     -1.235
0.36     -4.838
0.38     -6.695
0.4     -4.499
0.42     -2.071
0.44     -2.156
0.46     -3.653
0.48     -4.521
0.5     -3.707
0.52     -0.789
0.54     2.527
0.56     2.221
0.58     -2.736
0.6     -6.239
0.62     -4.04
0.64     -0.6201
0.66     -0.1528
0.68     -2.465
0.7     -5.654
0.72     -7.998
0.74     -8.282
0.76     -6.248
0.78     -3.312
0.8     -1.486
0.82     0.1394
0.84     4.654
0.86     12.44
0.88     19.31
0.9     21.13
0.92     20.07
0.94     19.5
0.96     17.72
0.98     12.44
1     4.999
1.02     -0.05317
1.04     -0.8508
1.06     -4.358
1.08     -15.85
1.1     -30.05
1.12     -39.15
1.14     -41.25
1.16     -41.82
1.18     -45.51
1.2     -48.98
1.22     -45.25
1.24     -32.75
1.26     -18.54
1.28     -9.461
1.3     -4.08
1.32     2.936
1.34     13.51
1.36     23.25
1.38     28.16
1.4     31.94
1.42     39.54
1.44     49.58
1.46     54.61
1.48     49.08
1.5     37.28
1.52     27.29
1.54     19.77
1.56     8.061
1.58     -11.67
1.6     -33.95
1.62     -48.56
1.64     -51.95
1.66     -52.19
1.68     -55.93
1.7     -62.6
1.72     -71.95
1.74     -80.36
1.76     -79.13
1.78     -63.04
1.8     -38.2
1.82     -16.64
1.84     1.195
1.86     23.32
1.88     45.24
1.9     55.79
1.92     57.29
1.94     61.6
1.96     73.2
1.98     87
2     95.45
2.02     92.05
2.04     76.48
2.06     54.54
2.08     29.68
2.1     0.5819
2.12     -34.01
2.14     -69.79
2.16     -98.43
2.18     -116.7
2.2     -125.1
2.22     -123.9
2.24     -117.8
2.26     -107.6
2.28     -91.59
2.3     -73.98
2.32     -57.59
2.34     -39.83
2.36     -14.18
2.38     27.9
2.4     84.88
2.42     137.7
2.44     166.8
2.46     169
2.48     150.2
2.5     114.5
2.52     68.79
2.54     20.88
2.56     -22.62
2.58     -53.9
2.6     -73.84
2.62     -91.03
2.64     -113.7
2.66     -145.2
2.68     -177.8
2.7     -196.2
2.72     -193.2
2.74     -176.5
2.76     -149.7
2.78     -106.6
2.8     -39.27
2.82     46.78
2.84     124.5
2.86     169.3
2.88     184.6
2.9     189.9
2.92     193
2.94     187.2
2.96     167.3
2.98     138.7
3     103.2
3.02     56.18
3.04     -3.06
3.06     -74.84
3.08     -154.1
3.1     -226
3.12     -276
3.14     -297.9
3.16     -289.5
3.18     -254.5
3.2     -207.7
3.22     -160.8
3.24     -110.9
3.26     -45.87
3.28     41.77
3.3     138.5
3.32     212.8
3.34     249.8
3.36     263.5
3.38     270.7
3.4     264.4
3.42     220.4
3.44     139.3
3.46     56.23
3.48     -6.404
3.5     -62.99
3.52     -122
3.54     -171.4
3.56     -203.6
3.58     -224.7
3.6     -243
3.62     -256
3.64     -247
3.66     -205.7
3.68     -140.4
3.7     -56.55
3.72     36.92
3.74     108.9
3.76     132.1
3.78     122.3
3.8     119.7
3.82     136.6
3.84     150.6
3.86     139
3.88     98.21
3.9     47.01
3.92     13.71
3.94     -2.371
3.96     -29
3.98     -73.42
4     -112.3
4.02     -124
4.04     -110.3
4.06     -95.38
4.08     -103.4
4.1     -117.6
4.12     -100.4
4.14     -43.02
4.16     31.11
4.18     82.37
4.2     88.33
4.22     61.59
4.24     33.23
4.26     19.23
4.28     9.458
4.3     -4.982
4.32     -17.54
4.34     -28.7
4.36     -52.82
4.38     -95
4.4     -135.1
4.42     -140
4.44     -107.3
4.46     -66.24
4.48     -45.48
4.5     -48.9
4.52     -47.11
4.54     -19.74
4.56     16.99
4.58     39.92
4.6     48.2
4.62     61.35
4.64     93.08
4.66     126.4
4.68     129.4
4.7     85.97
4.72     10.56
4.74     -57.23
4.76     -81.56
4.78     -56.99
4.8     -13.93
4.82     6.646
4.84     -2.918
4.86     -14.93
4.88     -29.14
4.9     -75.02
4.92     -143.2
4.94     -184.7
4.96     -161.9
4.98     -86.89
5     -6.528
5.02     56.11
5.04     108.3
5.06     140.5
5.08     130.2
5.1     92.44
5.12     75.93
5.14     107
5.16     165.1
5.18     216.6
5.2     237.6
5.22     213.5
5.24     139.8
5.26     20.11
5.28     -114.2
5.3     -203.5
5.32     -218.3
5.34     -189.9
5.36     -169.8
5.38     -177.2
5.4     -191.3
5.42     -190.5
5.44     -183
5.46     -178.2
5.48     -158.7
5.5     -100.2
5.52     -4.058
5.54     96.72
5.56     162.5
5.58     179
5.6     163.8
5.62     141.9
5.64     123.1
5.66     100.8
5.68     77.91
5.7     74.5
5.72     91.79
5.74     98.1
5.76     48.88
5.78     -58.51
5.8     -156
5.82     -196.4
5.84     -208.9
5.86     -222.1
5.88     -221.7
5.9     -195.5
5.92     -155.1
5.94     -117.4
5.96     -89.93
5.98     -61.98
6     -13.19
6.02     57.84
6.04     127.9
6.06     180.9
6.08     220.7
6.1     245.7
6.12     228.5
6.14     155.8
6.16     60.68
6.18     -9.298
6.2     -32.76
6.22     -26.48
6.24     -20.96
6.26     -36.85
6.28     -76.51
6.3     -118
6.32     -147.6
6.34     -168.7
6.36     -159.8
6.38     -95.7
6.4     7.175
6.42     112.8
6.44     188.4
6.46     207.5
6.48     161.3
6.5     73.42
6.52     1.677
6.54     -8.416
6.56     27.9
6.58     54.62
6.6     46.47
6.62     28.32
6.64     20.27
6.66     14.45
6.68     -1.943
6.7     -42.54
6.72     -99.45
6.74     -131.9
6.76     -120.3
6.78     -82.83
6.8     -44.09
6.82     -22.94
6.84     -33.43
6.86     -81.02
6.88     -149.6
6.9     -209.7
6.92     -240.6
6.94     -235.4
6.96     -204
6.98     -156.3
7     -75.38
7.02     38.72
7.04     125.1
7.06     134.1
7.08     103.3
7.1     113
7.12     189.4
7.14     278.4
7.16     314
7.18     293.8
7.2     254
7.22     210.6
7.24     151
7.26     55.77
7.28     -74.63
7.3     -214.1
7.32     -324.4
7.34     -383.3
7.36     -407.8
7.38     -439.7
7.4     -489
7.42     -504.2
7.44     -437.6
7.46     -312.4
7.48     -185
7.5     -73.74
7.52     42.21
7.54     175.2
7.56     312.5
7.58     440.7
7.6     552.1
7.62     633.9
7.64     667.6
7.66     650
7.68     595.9
7.7     505.8
7.72     358.6
7.74     165
7.76     -23.94
7.78     -179.9
7.8     -315.5
7.82     -435.2
7.84     -513.9
7.86     -543.9
7.88     -562.3
7.9     -593
7.92     -589.9
7.94     -495
7.96     -328.7
7.98     -162.9
8     -25.38
8.02     101.7
8.04     218.5
8.06     306.1
8.08     364.1
8.1     413.7
8.12     462.1
8.14     484.8
8.16     458.9
8.18     394.1
8.2     313.8
8.22     225
8.24     129.2
8.26     37.9
8.28     -36.06
8.3     -89.51
8.32     -140.6
8.34     -213.4
8.36     -305.9
8.38     -409.4
8.4     -518.1
8.42     -603
8.44     -631.5
8.46     -594.5
8.48     -499.9
8.5     -377.7
8.52     -266.5
8.54     -177.6
8.56     -93.17
8.58     8.85
8.6     131.1
8.62     276.9
8.64     452.1
8.66     633.6
8.68     783.9
8.7     874.4
8.72     906.2
8.74     903.6
8.76     876.9
8.78     810.8
8.8     683.3
8.82     478.8
8.84     215.9
8.86     -51.67
8.88     -289.2
8.9     -516
8.92     -770.1
8.94     -1035
8.96     -1252
8.98     -1382
9     -1437
9.02     -1442
9.04     -1352
9.06     -1108
9.08     -723.8
9.1     -270
9.12     201.1
9.14     668.7
9.16     1131
9.18     1579
9.2     1982
9.22     2314
9.24     2544
9.26     2622
9.28     2500
9.3     2163
9.32     1674
9.34     1127
9.36     571.1
9.38     -18.38
9.4     -692.5
9.42     -1449
9.44     -2186
9.46     -2767
9.48     -3119
9.5     -3259
9.52     -3241
9.54     -3090
9.56     -2805
9.58     -2389
9.6     -1827
9.62     -1108
9.64     -264
9.66     625.2
9.68     1484
9.7     2253
9.72     2883
9.74     3335
9.76     3589
9.78     3624
9.8     3441
9.82     3095
9.84     2678
9.86     2235
9.88     1691
9.9     890.8
9.92     -202
9.94     -1406
9.96     -2446
9.98     -3155
10     -3544
10.02     -3698
10.04     -3659
10.06     -3429
10.08     -3045
10.1     -2564
10.12     -2010
10.14     -1348
10.16     -531.2
10.18     465.4
10.2     1603
10.22     2761
10.24     3773
10.26     4510
10.28     4907
10.3     4931
10.32     4564
10.34     3886
10.36     3081
10.38     2328
10.4     1687
10.42     1069
10.44     366.4
10.46     -473.7
10.48     -1454
10.5     -2511
10.52     -3485
10.54     -4171
10.56     -4423
10.58     -4225
10.6     -3668
10.62     -2898
10.64     -2076
10.66     -1330
10.68     -705.7
10.7     -192.1
10.72     266.2
10.74     770
10.76     1397
10.78     2102
10.8     2715
10.82     3057
10.84     3023
10.86     2628
10.88     1976
10.9     1180
10.92     358.7
10.94     -349.3
10.96     -861.4
10.98     -1217
11     -1533
11.02     -1897
11.04     -2284
11.06     -2564
11.08     -2605
11.1     -2349
11.12     -1814
11.14     -1058
11.16     -166.6
11.18     759.8
11.2     1643
11.22     2443
11.24     3154
11.26     3754
11.28     4147
11.3     4249
11.32     4097
11.34     3769
11.36     3268
11.38     2558
11.4     1661
11.42     647.4
11.44     -421.2
11.46     -1472
11.48     -2374
11.5     -3012
11.52     -3380
11.54     -3547
11.56     -3527
11.58     -3264
11.6     -2754
11.62     -2082
11.64     -1335
11.66     -512.1
11.68     421.2
11.7     1445
11.72     2460
11.74     3331
11.76     3955
11.78     4277
11.8     4255
11.82     3892
11.84     3312
11.86     2673
11.88     1999
11.9     1173
11.92     115.1
11.94     -1088
11.96     -2267
11.98     -3307
12     -4142
12.02     -4665
12.04     -4810
12.06     -4664
12.08     -4387
12.1     -4067
12.12     -3638
12.14     -2898
12.16     -1696
12.18     -116.6
12.2     1575
12.22     3086
12.24     4199
12.26     4821
12.28     4978
12.3     4764
12.32     4290
12.34     3644
12.36     2890
12.38     2083
12.4     1234
12.42     285.4
12.44     -874.1
12.46     -2319
12.48     -3950
12.5     -5452
12.52     -6454
12.54     -6750
12.56     -6397
12.58     -5445
12.6     -4237
12.62     -2865
12.64     -1488
12.66     -252.8
12.68     771.7
12.7     1616
12.72     2369
12.74     3146
12.76     3998
12.78     4797
12.8     5257
12.82     5130
12.84     4385
12.86     3214
12.88     1861
12.9     453.4
12.92     -978.9
12.94     -2346
12.96     -3472
12.98     -4236
13     -4671
13.02     -4885
13.04     -4913
13.06     -4693
13.08     -4135
13.1     -3202
13.12     -1907
13.14     -312
13.16     1434
13.18     3053
13.2     4247
13.22     4917
13.24     5192
13.26     5304
13.28     5393
13.3     5430
13.32     5303
13.34     4918
13.36     4185
13.38     3007
13.4     1380
13.42     -499
13.44     -2278
13.46     -3595
13.48     -4231
13.5     -4202
13.52     -3754
13.54     -3223
13.56     -2819
13.58     -2543
13.6     -2274
13.62     -1919
13.64     -1413
13.66     -676.2
13.68     348.2
13.7     1605
13.72     2862
13.74     3771
13.76     4055
13.78     3665
13.8     2829
13.82     1927
13.84     1211
13.86     647.1
13.88     58.19
13.9     -622.4
13.92     -1327
13.94     -2035
13.96     -2825
13.98     -3669
14     -4327
14.02     -4537
14.04     -4219
14.06     -3487
14.08     -2550
14.1     -1612
14.12     -832.5
14.14     -308.3
14.16     1.455
14.18     299.7
14.2     810.6
14.22     1575
14.24     2373
14.26     2880
14.28     2900
14.3     2462
14.32     1716
14.34     814.6
14.36     -110.1
14.38     -889.2
14.4     -1323
14.42     -1326
14.44     -1053
14.46     -812.3
14.48     -847.9
14.5     -1195
14.52     -1657
14.54     -1920
14.56     -1746
14.58     -1109
14.6     -222.8
14.62     600.5
14.64     1144
14.66     1353
14.68     1272
14.7     989.3
14.72     630.2
14.74     331.9
14.76     220.2
14.78     372
14.8     713
14.82     1001
14.84     967.1
14.86     498.8
14.88     -277.5
14.9     -1093
14.92     -1714
14.94     -2035
14.96     -2054
14.98     -1868
15     -1656
15.02     -1562
15.04     -1613
15.06     -1750
15.08     -1850
15.1     -1777
15.12     -1459
15.14     -894.3
15.16     -112.6
15.18     783.7
15.2     1605
15.22     2195
15.24     2520
15.26     2626
15.28     2596
15.3     2518
15.32     2425
15.34     2284
15.36     2052
15.38     1719
15.4     1276
15.42     752.4
15.44     156.1
15.46     -617.7
15.48     -1648
15.5     -2812
15.52     -3841
15.54     -4502
15.56     -4721
15.58     -4606
15.6     -4355
15.62     -4118
15.64     -3912
15.66     -3647
15.68     -3226
15.7     -2639
15.72     -1930
15.74     -1068
15.76     65.14
15.78     1525
15.8     3154
15.82     4634
15.84     5677
15.86     6183
15.88     6255
15.9     6084
15.92     5800
15.94     5430
15.96     4950
15.98     4371
16     3742
16.02     3044
16.04     2146
16.06     913.5
16.08     -629.5
16.1     -2244
16.12     -3601
16.14     -4491
16.16     -4885
16.18     -4857
16.2     -4521
16.22     -3998
16.24     -3413
16.26     -2875
16.28     -2443
16.3     -2070
16.32     -1614
16.34     -925.8
16.36     25.27
16.38     1111
16.4     2096
16.42     2783
16.44     3139
16.46     3239
16.48     3154
16.5     2913
16.52     2530
16.54     2064
16.56     1625
16.58     1271
16.6     926
16.62     450.7
16.64     -204.9
16.66     -938.6
16.68     -1598
16.7     -2119
16.72     -2484
16.74     -2630
16.76     -2478
16.78     -2034
16.8     -1421
16.82     -793.1
16.84     -252.7
16.86     168.3
16.88     490.6
16.9     735.2
16.92     921.9
16.94     1085
16.96     1243
16.98     1374
17     1420
17.02     1283
17.04     845.6
17.06     110.1
17.08     -732
17.1     -1447
17.12     -1947
17.14     -2315
17.16     -2653
17.18     -2970
17.2     -3223
17.22     -3409
17.24     -3508
17.26     -3442
17.28     -3141
17.3     -2609
17.32     -1940
17.34     -1224
17.36     -469.3
17.38     291.4
17.4     957.1
17.42     1492
17.44     1996
17.46     2576
17.48     3201
17.5     3675
17.52     3790
17.54     3473
17.56     2806
17.58     1948
17.6     1046
17.62     174.7
17.64     -617.7
17.66     -1269
17.68     -1713
17.7     -1900
17.72     -1863
17.74     -1762
17.76     -1759
17.78     -1802
17.8     -1613
17.82     -905.2
17.84     394.2
17.86     2098
17.88     3850
17.9     5275
17.92     6098
17.94     6220
17.96     5744
17.98     4923
18     4008
18.02     3132
18.04     2309
18.06     1452
18.08     421.9
18.1     -887
18.12     -2460
18.14     -4138
18.16     -5652
18.18     -6728
18.2     -6927
18.22     -6974
18.24     -6716
18.26     -5506
18.28     -4441
18.3     -3597
18.32     -2987
18.34     -2420
18.36     -1714
18.38     -846.4
18.4     45.12
18.42     842.3
18.44     1514
18.46     2009
18.48     2223
18.5     2121
18.52     1820
18.54     1459
18.56     1079
18.58     669.3
18.6     242.8
18.62     -153
18.64     -466.4
18.66     -677
18.68     -778.4
18.7     -777.8
18.72     -755.4
18.74     -857.6
18.76     -1142
18.78     -1458
18.8     -1547
18.82     -1275
18.84     -739.5
18.86     -114.6
18.88     507.2
18.9     1098
18.92     1613
18.94     1983
18.96     2162
18.98     2221
19     2356
19.02     2726
19.04     3297
19.06     3840
19.08     4121
19.1     4064
19.12     3732
19.14     3195
19.16     2482
19.18     1655
19.2     846.9
19.22     194
19.24     -256.7
19.26     -579.9
19.28     -922.3
19.3     -1417
19.32     -2093
19.34     -2851
19.36     -3484
19.38     -3752
19.4     -3533
19.42     -2886
19.44     -1973
19.46     -980.2
19.48     -77.45
19.5     636.4
19.52     1175
19.54     1657
19.56     2213
19.58     2881
19.6     3614
19.62     4345
19.64     4940
19.66     5145
19.68     4739
19.7     3775
19.72     2583
19.74     1507
19.76     672.6
19.78     9.463
19.8     -561.3
19.82     -1041
19.84     -1431
19.86     -1784
19.88     -2139
19.9     -2423
19.92     -2492
19.94     -2279
19.96     -1833
19.98     -1245
20     -576.2
20.02     163.9
20.04     947.8
20.06     1654
20.08     2087
20.1     2159
20.12     2029
20.14     1976
20.16     2115
20.18     2314
20.2     2397
20.22     2304
20.24     2058
20.26     1668
20.28     1101
20.3     327.4
20.32     -625.6
20.34     -1653
20.36     -2569
20.38     -3168
20.4     -3334
20.42     -3142
20.44     -2859
20.46     -2717
20.48     -2706
20.5     -2621
20.52     -2286
20.54     -1688
20.56     -878.1
20.58     170.1
20.6     1532
20.62     3152
20.64     4762
20.66     5993
20.68     6604
20.7     6337
20.72     6234
20.74     6116
20.76     5810
20.78     5617
20.8     5288
20.82     4682
20.84     3714
20.86     2359
20.88     623.4
20.9     -1424
20.92     -3560
20.94     -5447
20.96     -6838
20.98     -7256
21     -7639
21.02     -7958
21.04     -8276
21.06     -8375
21.08     -8500
21.1     -8575
21.12     -8221
21.14     -6129
21.16     -3683
21.18     -1094
21.2     1384
21.22     3592
21.24     5329
21.26     5570
21.28     6060
21.3     6358
21.32     6539
21.34     6727
21.36     6893
21.38     6689
21.4     4710
21.42     2038
21.44     -862.9
21.46     -3472
21.48     -5678
21.5     -7314
21.52     -7171
21.54     -7515
21.56     -7843
21.58     -8082
21.6     -8088
21.62     -7613
21.64     -6817
21.66     -5651
21.68     -4084
21.7     -2219
21.72     -316.5
21.74     1324
21.76     2566
21.78     3509
21.8     4351
21.82     5186
21.84     5425
21.86     5909
21.88     6408
21.9     6874
21.92     7205
21.94     7264
21.96     6979
21.98     5872
22     4882
22.02     3917
22.04     3012
22.06     2259
22.08     1655
22.1     1003
22.12     35.79
22.14     -1339
22.16     -2961
22.18     -4534
22.2     -5776
22.22     -6467
22.24     -6139
22.26     -5767
22.28     -4346
22.3     -3044
22.32     -1931
22.34     -1030
22.36     -172.7
22.38     770.8
22.4     1797
22.42     2882
22.44     4045
22.46     5239
22.48     6252
22.5     6760
22.52     6513
22.54     5535
22.56     4092
22.58     2489
22.6     927.4
22.62     -504.9
22.64     -1768
22.66     -2845
22.68     -3772
22.7     -4625
22.72     -5457
22.74     -6225
22.76     -6497
22.78     -6760
22.8     -6810
22.82     -6223
22.84     -4958
22.86     -3222
22.88     -1364
22.9     319
22.92     1715
22.94     2848
22.96     3691
22.98     4127
23     4096
23.02     3721
23.04     3225
23.06     2755
23.08     2274
23.1     1580
23.12     479.2
23.14     -1031
23.16     -2717
23.18     -4266
23.2     -5426
23.22     -6030
23.24     -6051
23.26     -5595
23.28     -4773
23.3     -3677
23.32     -2423
23.34     -1195
23.36     -162.2
23.38     661.4
23.4     1407
23.42     2263
23.44     3296
23.46     4300
23.48     4914
23.5     4873
23.52     4140
23.54     2867
23.56     1265
23.58     -457.6
23.6     -2102
23.62     -3500
23.64     -4547
23.66     -5250
23.68     -5690
23.7     -5961
23.72     -6156
23.74     -6276
23.76     -6119
23.78     -5360
23.8     -3818
23.82     -1671
23.84     631.2
23.86     2672
23.88     4283
23.9     5490
23.92     6338
23.94     6486
23.96     6622
23.98     6690
24     6727
24.02     6644
24.04     5858
24.06     4632
24.08     2916
24.1     840.9
24.12     -1398
24.14     -3522
24.16     -5233
24.18     -6394
24.2     -6659
24.22     -6869
24.24     -6818
24.26     -6303
24.28     -5581
24.3     -4685
24.32     -3391
24.34     -1600
24.36     530.7
24.38     2819
24.4     5163
24.42     7440
24.44     7860
24.46     8311
24.48     8455
24.5     8517
24.52     8536
24.54     8539
24.56     8327
24.58     6875
24.6     4714
24.62     2015
24.64     -538.3
24.66     -2629
24.68     -4339
24.7     -5796
24.72     -5754
24.74     -6378
24.76     -7148
24.78     -7885
24.8     -8162
24.82     -8388
24.84     -8504
24.86     -7978
24.88     -4990
24.9     -1700
24.92     1388
24.94     3765
24.96     5308
24.98     5403
25     5585
25.02     5564
25.04     5576
25.06     5910
25.08     6590
25.1     7222
25.12     7255
25.14     6382
25.16     2831
25.18     -241.9
25.2     -3001
25.22     -5198
25.24     -6593
25.26     -6540
25.28     -6433
25.3     -6058
25.32     -5186
25.34     -5079
25.36     -5317
25.38     -5310
25.4     -4640
25.42     -3272
25.44     -1317
25.46     1061
25.48     3554
25.5     5691
25.52     7106
25.54     7231
25.56     7468
25.58     7515
25.6     7302
25.62     6553
25.64     6039
25.66     5681
25.68     5101
25.7     3975
25.72     2314
25.74     324.7
25.76     -1780
25.78     -3777
25.8     -5366
25.82     -6276
25.84     -5932
25.86     -5673
25.88     -4792
25.9     -3837
25.92     -2661
25.94     -1327
25.96     0.199
25.98     1333
26     2788
26.02     4322
26.04     5627
26.06     6316
26.08     6169
26.1     5318
26.12     3961
26.14     2233
26.16     303
26.18     -1575
26.2     -3315
26.22     -5056
26.24     -6934
26.26     -7494
26.28     -8460
26.3     -8601
26.32     -8605
26.34     -8472
26.36     -7592
26.38     -6035
26.4     -3395
26.42     -3.202
26.44     3184
26.46     5468
26.48     5788
26.5     6466
26.52     7001
26.54     7518
26.56     7803
26.58     7924
26.6     8118
26.62     8436
26.64     8678
26.66     7907
26.68     3972
26.7     628.7
26.72     -1528
26.74     -2611
26.76     -3253
26.78     -3724
26.8     -3964
26.82     -4117
26.84     -4474
26.86     -4774
26.88     -5435
26.9     -6060
26.92     -6169
26.94     -5361
26.96     -1892
26.98     1055
27     3243
27.02     4404
27.04     4618
27.06     4145
27.08     3458
27.1     3127
27.12     3430
27.14     4162
27.16     4870
27.18     5157
27.2     4782
27.22     3616
27.24     1626
27.26     -956.8
27.28     -3518
27.3     -5341
27.32     -6085
27.34     -5994
27.36     -5649
27.38     -5494
27.4     -5676
27.42     -6113
27.44     -6294
27.46     -6490
27.48     -6297
27.5     -4536
27.52     -2119
27.54     662.8
27.56     3340
27.58     5580
27.6     7111
27.62     7126
27.64     7063
27.66     6788
27.68     6215
27.7     6103
27.72     5915
27.74     5193
27.76     3938
27.78     2450
27.8     810.4
27.82     -1108
27.84     -3252
27.86     -5206
27.88     -6487
27.9     -6396
27.92     -6302
27.94     -6061
27.96     -5358
27.98     -4938
28     -4596
28.02     -4351
28.04     -4158
28.06     -3794
28.08     -2989
28.1     -1739
28.12     -385.9
28.14     653.5
28.16     1164
28.18     1171
28.2     792.5
28.22     172.9
28.24     -479.4
28.26     -939.4
28.28     -1085
28.3     -939.5
28.32     -615.7
28.34     -252.6
28.36     11.54
28.38     112.8
28.4     153.9
28.42     403.3
28.44     1139
28.46     2408
28.48     3902
28.5     5187
28.52     6090
28.54     6733
28.56     6917
28.58     7133
28.6     7172
28.62     6965
28.64     6145
28.66     5411
28.68     4614
28.7     3570
28.72     2160
28.74     476.1
28.76     -1264
28.78     -2877
28.8     -4267
28.82     -5373
28.84     -6118
28.86     -6132
28.88     -6189
28.9     -6188
28.92     -6129
28.94     -6131
28.96     -6047
28.98     -5630
29     -4581
29.02     -2859
29.04     -798.4
29.06     1100
29.08     2449
29.1     3102
29.12     3129
29.14     2745
29.16     2228
29.18     1838
29.2     1741
29.22     1913
29.24     2040
29.26     1639
29.28     397
29.3     -1583
29.32     -3818
29.34     -5697
29.36     -6774
29.38     -6681
29.4     -6410
29.42     -5405
29.44     -4531
29.46     -3863
29.48     -3418
29.5     -3032
29.52     -2496
29.54     -1682
29.56     -555.4
29.58     837.5
29.6     2333
29.62     3618
29.64     4323
29.66     4230
29.68     3427
29.7     2246
29.72     1059
29.74     119.7
29.76     -481.9
29.78     -801
29.8     -1006
29.82     -1321
29.84     -1901
29.86     -2723
29.88     -3589
29.9     -4225
29.92     -4380
29.94     -3892
29.96     -2720
29.98     -1043
30     692.9
30.02     1977
30.04     2527
30.06     2463
30.08     2209
30.1     2187
30.12     2521
30.14     3021
30.16     3411
30.18     3495
30.2     3147
30.22     2291
30.24     977.7
30.26     -557.8
30.28     -1931
30.3     -2777
30.32     -2934
30.34     -2497
30.36     -1711
30.38     -929.5
30.4     -518.8
30.42     -636.4
30.44     -1068
30.46     -1370
30.48     -1244
30.5     -749.9
30.52     -151.5
30.54     467.7
30.56     1220
30.58     2034
30.6     2571
30.62     2536
30.64     1980
30.66     1243
30.68     707.6
30.7     606.9
30.72     942.7
30.74     1493
30.76     1896
30.78     1819
30.8     1115
30.82     -110.9
30.84     -1559
30.86     -2875
30.88     -3764
30.9     -4038
30.92     -3677
30.94     -2888
30.96     -2008
30.98     -1308
31     -836.7
31.02     -447.3
31.04     -2.359
31.06     497.1
31.08     1019
31.1     1556
31.12     2037
31.14     2310
31.16     2278
31.18     2011
31.2     1641
31.22     1187
31.24     550.8
31.26     -290.4
31.28     -1146
31.3     -1692
31.32     -1754
31.34     -1463
31.36     -1013
31.38     -417.9
31.4     403.9
31.42     1409
31.44     2407
31.46     3233
31.48     3884
31.5     4467
31.52     5060
31.54     5625
31.56     6050
31.58     6234
31.6     6108
31.62     5597
31.64     4589
31.66     2982
31.68     803.2
31.7     -1690
31.72     -4086
31.74     -6022
31.76     -7362
31.78     -7396
31.8     -7496
31.82     -7272
31.84     -6341
31.86     -5590
31.88     -5158
31.9     -4531
31.92     -3240
31.94     -1358
31.96     807.4
31.98     2981
32     4898
32.02     6281
32.04     6262
32.06     6387
32.08     6366
32.1     6093
32.12     5461
32.14     4364
32.16     3129
32.18     2219
32.2     1653
32.22     988.6
32.24     -178.3
32.26     -1806
32.28     -3495
32.3     -4906
32.32     -5944
32.34     -6513
32.36     -6406
32.38     -5899
32.4     -4033
32.42     -2585
32.44     -1374
32.46     -196.7
32.48     1201
32.5     2840
32.52     4527
32.54     6028
32.56     7036
32.58     6889
32.6     6993
32.62     7161
32.64     6992
32.66     5722
32.68     3553
32.7     1314
32.72     -506.5
32.74     -2040
32.76     -3528
32.78     -4887
32.8     -5788
32.82     -5914
32.84     -6010
32.86     -6127
32.88     -6078
32.9     -5076
32.92     -3284
32.94     -1151
32.96     749.9
32.98     2299
33     3721
33.02     5157
33.04     6524
33.06     7723
33.08     7837
33.1     8458
33.12     8783
33.14     8921
33.16     8997
33.18     8708
33.2     6759
33.22     4263
33.24     1673
33.26     -419.5
33.28     -1809
33.3     -2734
33.32     -3616
33.34     -4712
33.36     -4997
33.38     -5651
33.4     -6214
33.42     -6706
33.44     -7084
33.46     -7044
33.48     -5500
33.5     -2868
33.52     151.2
33.54     2659
33.56     4215
33.58     4970
33.6     5331
33.62     5570
33.64     5702
33.66     5677
33.68     5540
33.7     5210
33.72     4589
33.74     3297
33.76     1225
33.78     -1387
33.8     -4175
33.82     -6748
33.84     -8544
33.86     -7978
33.88     -8084
33.9     -8140
33.92     -8123
33.94     -7896
33.96     -6731
33.98     -5137
34     -2773
34.02     142.9
34.04     3086
34.06     5786
34.08     6751
34.1     8143
34.12     8632
34.14     8548
34.16     8274
34.18     8002
34.2     7975
34.22     8385
34.24     8318
34.26     6247
34.28     2854
34.3     -102.9
34.32     -1821
34.34     -2898
34.36     -4081
34.38     -5260
34.4     -5490
34.42     -5987
34.44     -6881
34.46     -8052
34.48     -8478
34.5     -8400
34.52     -7538
34.54     -4893
34.56     -3010
34.58     -1197
34.6     745.3
34.62     2231
34.64     2638
34.66     2196
34.68     1828
34.7     2174
34.72     3046
34.74     3843
34.76     4123
34.78     3648
34.8     2205
34.82     -218.6
34.84     -3107
34.86     -5584
34.88     -6999
34.9     -7299
34.92     -6848
34.94     -6000
34.96     -4889
34.98     -3611
35     -2397
35.02     -1487
35.04     -885.8
35.06     -302.7
35.08     610.6
35.1     1967
35.12     3601
35.14     5203
35.16     5712
35.18     6328
35.2     6587
35.22     6305
35.24     4861
35.26     3545
35.28     2633
35.3     2122
35.32     1697
35.34     1128
35.36     439.9
35.38     -238.3
35.4     -890
35.42     -1613
35.44     -2413
35.46     -3099
35.48     -3455
35.5     -3462
35.52     -3245
35.54     -2893
35.56     -2440
35.58     -1932
35.6     -1423
35.62     -926.6
35.64     -456.3
35.66     -74.2
35.68     111.9
35.7     25.03
35.72     -283.1
35.74     -646.3
35.76     -934.3
35.78     -1201
35.8     -1600
35.82     -2094
35.84     -2378
35.86     -2171
35.88     -1520
35.9     -802.3
35.92     -412.2
35.94     -411
35.96     -494.2
35.98     -271.1
36     360.3
36.02     1107
36.04     1571
36.06     1596
36.08     1327
36.1     956.7
36.12     467.7
36.14     -297.4
36.16     -1337
36.18     -2354
36.2     -3001
36.22     -3215
36.24     -3249
36.26     -3447
36.28     -3960
36.3     -4633
36.32     -5151
36.34     -5242
36.36     -4784
36.38     -3895
36.4     -2853
36.42     -1915
36.44     -1189
36.46     -624.3
36.48     -108.8
36.5     413.3
36.52     937.4
36.54     1479
36.56     2109
36.58     2863
36.6     3596
36.62     3989
36.64     3785
36.66     3043
36.68     2097
36.7     1328
36.72     927.3
36.74     845
36.76     927.6
36.78     1041
36.8     1094
36.82     1056
36.84     951.4
36.86     805.9
36.88     641.1
36.9     513.8
36.92     466.1
36.94     480.4
36.96     499.7
36.98     420.6
37     130.9
37.02     -390.6
37.04     -1041
37.06     -1673
37.08     -2162
37.1     -2384
37.12     -2235
37.14     -1754
37.16     -1148
37.18     -617.9
37.2     -198.2
37.22     201.8
37.24     641
37.26     1053
37.28     1338
37.3     1545
37.32     1875
37.34     2415
37.36     2934
37.38     3086
37.4     2725
37.42     1972
37.44     1042
37.46     98.59
37.48     -727
37.5     -1293
37.52     -1492
37.54     -1344
37.56     -1024
37.58     -758.4
37.6     -685.8
37.62     -827.6
37.64     -1114
37.66     -1366
37.68     -1348
37.7     -949.4
37.72     -326.8
37.74     203.3
37.76     375
37.78     73.93
37.8     -646.6
37.82     -1620
37.84     -2627
37.86     -3438
37.88     -3888
37.9     -3976
37.92     -3831
37.94     -3567
37.96     -3221
37.98     -2799
38     -2331
38.02     -1868
38.04     -1371
38.06     -652.4
38.08     467.8
38.1     1941
38.12     3489
38.14     4820
38.16     5769
38.18     6276
38.2     6303
38.22     5928
38.24     5403
38.26     4959
38.28     4627
38.3     4236
38.32     3568
38.34     2504
38.36     1087
38.38     -544.6
38.4     -2237
38.42     -3848
38.44     -5249
38.46     -6346
38.48     -7128
38.5     -7148
38.52     -7337
38.54     -7283
38.56     -6560
38.58     -5541
38.6     -4441
38.62     -3280
38.64     -1908
38.66     -295.7
38.68     1350
38.7     2746
38.72     3779
38.74     4610
38.76     5477
38.78     6412
38.8     6527
38.82     6931
38.84     6940
38.86     5896
38.88     3974
38.9     1673
38.92     -478.4
38.94     -2140
38.96     -3219
38.98     -3783
39     -3984
39.02     -4079
39.04     -4400
39.06     -5150
39.08     -6179
39.1     -6660
39.12     -6972
39.14     -6796
39.16     -5322
39.18     -3608
39.2     -2087
39.22     -1210
39.24     -1112
39.26     -1546
39.28     -1974
39.3     -1899
39.32     -1125
39.34     175.2
39.36     1577
39.38     2666
39.4     3267
39.42     3448
39.44     3323
39.46     2932
39.48     2348
39.5     1802
39.52     1580
39.54     1747
39.56     2029
39.58     1991
39.6     1342
39.62     141.1
39.64     -1229
39.66     -2289
39.68     -2748
39.7     -2595
39.72     -1995
39.74     -1170
39.76     -292.2
39.78     538.9
39.8     1228
39.82     1670
39.84     1830
39.86     1811
39.88     1841
39.9     2093
39.92     2545
39.94     2986
39.96     3156
39.98     2856
40     2029
40.02     858.4
40.04     -271.2
40.06     -1037
40.08     -1354
40.1     -1305
40.12     -971.8
40.14     -350.7
40.16     558.6
40.18     1647
40.2     2734
40.22     3690
40.24     4469
40.26     5082
40.28     5592
40.3     6015
40.32     6187
40.34     6420
40.36     6665
40.38     6768
40.4     6568
40.42     5410
40.44     3979
40.46     2247
40.48     445.1
40.5     -1105
40.52     -2120
40.54     -2529
40.56     -2542
40.58     -2490
40.6     -2549
40.62     -2682
40.64     -2788
40.66     -2799
40.68     -2614
40.7     -2085
40.72     -1119
40.74     250.9
40.76     1854
40.78     3393
40.8     4547
40.82     5109
40.84     5014
40.86     4345
40.88     3322
40.9     2188
40.92     1081
40.94     21.39
40.96     -1011
40.98     -2035
41     -3089
41.02     -4208
41.04     -5318
41.06     -6180
41.08     -6319
41.1     -6144
41.12     -5084
41.14     -3754
41.16     -2129
41.18     -329.3
41.2     1503
41.22     3215
41.24     4675
41.26     5827
41.28     6689
41.3     6882
41.32     6991
41.34     6909
41.36     6302
41.38     5320
41.4     3882
41.42     2196
41.44     558.9
41.46     -860
41.48     -2087
41.5     -3253
41.52     -4394
41.54     -5391
41.56     -6100
41.58     -6210
41.6     -6339
41.62     -6288
41.64     -5552
41.66     -4355
41.68     -2864
41.7     -1454
41.72     -328.6
41.74     552.1
41.76     1324
41.78     2057
41.8     2733
41.82     3304
41.84     3702
41.86     3820
41.88     3560
41.9     2893
41.92     1847
41.94     463.1
41.96     -1176
41.98     -2904
42     -4505
42.02     -5739
42.04     -6382
42.06     -6384
42.08     -5981
42.1     -4897
42.12     -4083
42.14     -3355
42.16     -2372
42.18     -881.1
42.2     1074
42.22     3261
42.24     5460
42.26     7456
42.28     7827
42.3     8298
42.32     8306
42.34     8127
42.36     7021
42.38     5371
42.4     3284
42.42     1226
42.44     -484.5
42.46     -1953
42.48     -3463
42.5     -5065
42.52     -5564
42.54     -6104
42.56     -6409
42.58     -6537
42.6     -6440
42.62     -5198
42.64     -3106
42.66     -500.3
42.68     1807
42.7     3410
42.72     4424
42.74     5081
42.76     5458
42.78     5527
42.8     5388
42.82     5295
42.84     5294
42.86     5026
42.88     4079
42.9     2465
42.92     620.4
42.94     -1039
42.96     -2385
42.98     -3425
43     -4058
43.02     -4099
43.04     -3556
43.06     -2788
43.08     -2269
43.1     -2170
43.12     -2262
43.14     -2164
43.16     -1665
43.18     -835.3
43.2     113.8
43.22     1007
43.24     1777
43.26     2400
43.28     2825
43.3     2999
43.32     2937
43.34     2734
43.36     2547
43.38     2513
43.4     2607
43.42     2618
43.44     2329
43.46     1720
43.48     972.9
43.5     264.6
43.52     -378.7
43.54     -1017
43.56     -1660
43.58     -2221
43.6     -2620
43.62     -2893
43.64     -3167
43.66     -3468
43.68     -3594
43.7     -3288
43.72     -2522
43.74     -1504
43.76     -504.5
43.78     309.6
43.8     911.2
43.82     1323
43.84     1540
43.86     1588
43.88     1565
43.9     1573
43.92     1626
43.94     1607
43.96     1299
43.98     544.5
44     -597.4
44.02     -1863
44.04     -2912
44.06     -3488
44.08     -3507
44.1     -3033
44.12     -2246
44.14     -1418
44.16     -794.4
44.18     -429.7
44.2     -197.5
44.22     108.1
44.24     661.1
44.26     1533
44.28     2673
44.3     3905
44.32     4928
44.34     5387
44.36     5048
44.38     3953
44.4     2391
44.42     768.2
44.44     -539.6
44.46     -1348
44.48     -1743
44.5     -1981
44.52     -2325
44.54     -2940
44.56     -3821
44.58     -4773
44.6     -5445
44.62     -5458
44.64     -4596
44.66     -2940
44.68     -847.2
44.7     1225
44.72     2902
44.74     3964
44.76     4345
44.78     4163
44.8     3686
44.82     3184
44.84     2800
44.86     2509
44.88     2138
44.9     1460
44.92     298.9
44.94     -1389
44.96     -3444
44.98     -5520
45     -7225
45.02     -7652
45.04     -8003
45.06     -7969
45.08     -7213
45.1     -6030
45.12     -4695
45.14     -3471
45.16     -2485
45.18     -1659
45.2     -812.6
45.22     199
45.24     1417
45.26     2793
45.28     4189
45.3     5392
45.32     5686
45.34     5984
45.36     5965
45.38     5123
45.4     3785
45.42     2332
45.44     1125
45.46     252.7
45.48     -437.4
45.5     -1158
45.52     -2016
45.54     -2989
45.56     -4007
45.58     -4968
45.6     -5728
45.62     -6123
45.64     -6063
45.66     -5533
45.68     -4527
45.7     -3086
45.72     -1379
45.74     311.4
45.76     1731
45.78     2822
45.8     3741
45.82     4680
45.84     5643
45.86     6450
45.88     6437
45.9     6492
45.92     6431
45.94     5957
45.96     5112
45.98     3668
46     1824
46.02     -2.934
46.04     -1484
46.06     -2558
46.08     -3369
46.1     -4085
46.12     -4801
46.14     -5509
46.16     -6094
46.18     -6393
46.2     -6319
46.22     -5861
46.24     -5136
46.26     -4203
46.28     -3137
46.3     -2040
46.32     -1041
46.34     -227.2
46.36     431.5
46.38     1075
46.4     1856
46.42     2831
46.44     3924
46.46     4971
46.48     5790
46.5     6188
46.52     6009
46.54     5223
46.56     3953
46.58     2420
46.6     879
46.62     -438.6
46.64     -1416
46.66     -2124
46.68     -2764
46.7     -3532
46.72     -4512
46.74     -5625
46.76     -6625
46.78     -6825
46.8     -6821
46.82     -6282
46.84     -3875
46.86     -1714
46.88     117
46.9     1432
46.92     2260
46.94     2630
46.96     2591
46.98     2313
47     2044
47.02     1935
47.04     1936
47.06     1824
47.08     1345
47.1     338.3
47.12     -1187
47.14     -3015
47.16     -4725
47.18     -5851
47.2     -6140
47.22     -5695
47.24     -4858
47.26     -3943
47.28     -3096
47.3     -2329
47.32     -1617
47.34     -947.8
47.36     -269.8
47.38     575.7
47.4     1760
47.42     3259
47.44     4768
47.46     5855
47.48     6233
47.5     6010
47.52     5153
47.54     4272
47.56     3376
47.58     2476
47.6     1643
47.62     1003
47.64     571.9
47.66     171
47.68     -433
47.7     -1309
47.72     -2278
47.74     -3027
47.76     -3292
47.78     -3009
47.8     -2326
47.82     -1486
47.84     -690.7
47.86     -37.03
47.88     449.6
47.9     761
47.92     902.8
47.94     934.8
47.96     979
47.98     1143
48     1440
48.02     1787
48.04     2058
48.06     2162
48.08     2074
48.1     1833
48.12     1527
48.14     1264
48.16     1123
48.18     1086
48.2     1049
48.22     899.8
48.24     611.5
48.26     227.2
48.28     -207.1
48.3     -687.9
48.32     -1221
48.34     -1721
48.36     -2011
48.38     -1990
48.4     -1740
48.42     -1446
48.44     -1232
48.46     -1076
48.48     -870.9
48.5     -549.2
48.52     -149.8
48.54     247.8
48.56     627.5
48.58     1039
48.6     1497
48.62     1915
48.64     2169
48.66     2177
48.68     1922
48.7     1435
48.72     785.6
48.74     82.46
48.76     -573.4
48.78     -1119
48.8     -1500
48.82     -1654
48.84     -1575
48.86     -1336
48.88     -1025
48.9     -661.5
48.92     -180.4
48.94     476.5
48.96     1266
48.98     2078
49     2836
49.02     3514
49.04     4075
49.06     4436
49.08     4485
49.1     4131
49.12     3357
49.14     2259
49.16     1043
49.18     -67.54
49.2     -945
49.22     -1581
49.24     -2027
49.26     -2314
49.28     -2431
49.3     -2362
49.32     -2144
49.34     -1839
49.36     -1433
49.38     -812.3
49.4     109.9
49.42     1261
49.44     2438
49.46     3456
49.48     4240
49.5     4803
49.52     5169
49.54     5328
49.56     5255
49.58     4969
49.6     4570
49.62     4175
49.64     3832
49.66     3493
49.68     3084
49.7     2579
49.72     2020
49.74     1487
49.76     1034
49.78     652.4
49.8     313
49.82     21.73
49.84     -198.6
49.86     -378.7
49.88     -615.8
49.9     -999.3
49.92     -1530
49.94     -2115
49.96     -2627
49.98     -2978
50     -3119
50.02     -3024
50.04     -2692
50.06     -2171
50.08     -1531
50.1     -812.1
50.12     8.867
50.14     974.9
50.16     2078
50.18     3222
50.2     4249
50.22     5013
50.24     5432
50.26     5489
50.28     5211
50.3     4648
50.32     3879
50.34     2996
50.36     2082
50.38     1192
50.4     333.8
50.42     -523.3
50.44     -1407
50.46     -2269
50.48     -2961
50.5     -3339
50.52     -3393
50.54     -3245
50.56     -3048
50.58     -2907
50.6     -2836
50.62     -2785
50.64     -2677
50.66     -2449
50.68     -2072
50.7     -1555
50.72     -918.4
50.74     -191.1
50.76     565.3
50.78     1248
50.8     1756
50.82     2043
50.84     2140
50.86     2135
50.88     2109
50.9     2084
50.92     2000
50.94     1744
50.96     1250
50.98     564.1
51     -199.7
51.02     -958.7
51.04     -1680
51.06     -2307
51.08     -2729
51.1     -2843
51.12     -2657
51.14     -2286
51.16     -1860
51.18     -1431
51.2     -961
51.22     -392.3
51.24     286.3
51.26     1025
51.28     1725
51.3     2251
51.32     2478
51.34     2363
51.36     1959
51.38     1359
51.4     639.8
51.42     -151.2
51.44     -972.6
51.46     -1777
51.48     -2522
51.5     -3192
51.52     -3791
51.54     -4301
51.56     -4655
51.58     -4750
51.6     -4506
51.62     -3914
51.64     -3044
51.66     -2022
51.68     -990.1
51.7     -37.28
51.72     829.2
51.74     1648
51.76     2441
51.78     3188
51.8     3821
51.82     4233
51.84     4297
51.86     3956
51.88     3270
51.9     2359
51.92     1341
51.94     300.4
51.96     -699.8
51.98     -1611
52     -2434
52.02     -3222
52.04     -4024
52.06     -4795
52.08     -5392
52.1     -5652
52.12     -5471
52.14     -4845
52.16     -3869
52.18     -2708
52.2     -1535
52.22     -487
52.24     363.3
52.26     1025
52.28     1581
52.3     2111
52.32     2614
52.34     3017
52.36     3239
52.38     3206
52.4     2844
52.42     2103
52.44     1017
52.46     -269.5
52.48     -1536
52.5     -2596
52.52     -3375
52.54     -3928
52.56     -4359
52.58     -4738
52.6     -5066
52.62     -5303
52.64     -5391
52.66     -5260
52.68     -4819
52.7     -3995
52.72     -2800
52.74     -1375
52.76     67.07
52.78     1328
52.8     2313
52.82     3052
52.84     3635
52.86     4111
52.88     4456
52.9     4611
52.92     4528
52.94     4188
52.96     3564
52.98     2638
53     1447
53.02     111.1
53.04     -1199
53.06     -2327
53.08     -3197
53.1     -3817
53.12     -4239
53.14     -4484
53.16     -4517
53.18     -4264
53.2     -3690
53.22     -2843
53.24     -1835
53.26     -791.2
53.28     194.1
53.3     1059
53.32     1756
53.34     2246
53.36     2515
53.38     2579
53.4     2465
53.42     2193
53.44     1770
53.46     1184
53.48     426.5
53.5     -458.2
53.52     -1362
53.54     -2155
53.56     -2752
53.58     -3154
53.6     -3411
53.62     -3563
53.64     -3608
53.66     -3506
53.68     -3228
53.7     -2805
53.72     -2326
53.74     -1873
53.76     -1469
53.78     -1086
53.8     -702.1
53.82     -339.7
53.84     -57.64
53.86     93.77
53.88     107.9
53.9     5.885
53.92     -198.6
53.94     -504.8
53.96     -902.1
53.98     -1343
54     -1748
54.02     -2050
54.04     -2234
54.06     -2335
54.08     -2378
54.1     -2351
54.12     -2224
54.14     -1983
54.16     -1628
54.18     -1158
54.2     -565.5
54.22     132
54.24     880.1
54.26     1605
54.28     2241
54.3     2748
54.32     3103
54.34     3299
54.36     3343
54.38     3252
54.4     3043
54.42     2725
54.44     2290
54.46     1723
54.48     1019
54.5     194.7
54.52     -693.6
54.54     -1545
54.56     -2248
54.58     -2746
54.6     -3044
54.62     -3178
54.64     -3147
54.66     -2928
54.68     -2528
54.7     -2006
54.72     -1427
54.74     -806.5
54.76     -135.7
54.78     559
54.8     1204
54.82     1725
54.84     2098
54.86     2337
54.88     2453
54.9     2429
54.92     2241
54.94     1890
54.96     1404
54.98     825.2
55     214.6
55.02     -360.5
55.04     -856.1
55.06     -1270
55.08     -1614
55.1     -1870
55.12     -1993
55.14     -1964
55.16     -1810
55.18     -1574
55.2     -1271
55.22     -875.7
55.24     -365.1
55.26     253.8
55.28     936.6
55.3     1624
55.32     2268
55.34     2841
55.36     3327
55.38     3705
55.4     3961
55.42     4098
55.44     4141
55.46     4132
55.48     4101
55.5     4046
55.52     3931
55.54     3710
55.56     3358
55.58     2900
55.6     2397
55.62     1909
55.64     1474
55.66     1105
55.68     793.7
55.7     527.7
55.72     297.9
55.74     102.1
55.76     -56.14
55.78     -175.2
55.8     -256.7
55.82     -296
55.84     -274.1
55.86     -167.7
55.88     22.96
55.9     257.2
55.92     475.8
55.94     643.9
55.96     766.2
55.98     865.8
56     953.7
56.02     1017
56.04     1036
56.06     1003
56.08     931.4
56.1     842
56.12     747.7
56.14     644.1
56.16     520.2
56.18     385.5
56.2     279.9
56.22     250.8
56.24     316.9
56.26     454
56.28     614.1
56.3     759.8
56.32     883
56.34     991
56.36     1087
56.38     1166
56.4     1225
56.42     1255
56.44     1240
56.46     1151
56.48     957.5
56.5     646.6
56.52     224.8
56.54     -277.5
56.56     -806.9
56.58     -1299
56.6     -1701
56.62     -1999
56.64     -2210
56.66     -2362
56.68     -2463
56.7     -2500
56.72     -2459
56.74     -2327
56.76     -2082
56.78     -1698
56.8     -1178
56.82     -589.9
56.84     -22.35
56.86     477.5
56.88     911.6
56.9     1297
56.92     1630
56.94     1886
56.96     2038
56.98     2078
57     2010
57.02     1824
57.04     1499
57.06     1033
57.08     458.2
57.1     -164.9
57.12     -767.7
57.14     -1298
57.16     -1739
57.18     -2103
57.2     -2403
57.22     -2622
57.24     -2715
57.26     -2637
57.28     -2358
57.3     -1878
57.32     -1222
57.34     -430
57.36     450.6
57.38     1364
57.4     2246
57.42     3033
57.44     3673
57.46     4155
57.48     4497
57.5     4728
57.52     4851
57.54     4836
57.56     4640
57.58     4237
57.6     3620
57.62     2800
57.64     1800
57.66     686
57.68     -421.9
57.7     -1394
57.72     -2151
57.74     -2689
57.76     -3043
57.78     -3252
57.8     -3333
57.82     -3279
57.84     -3068
57.86     -2673
57.88     -2087
57.9     -1331
57.92     -455.5
57.94     459.2
57.96     1319
57.98     2036
58     2549
58.02     2819
58.04     2839
58.06     2623
58.08     2207
58.1     1643
58.12     982.7
58.14     273.1
58.16     -436.7
58.18     -1101
58.2     -1687
58.22     -2179
58.24     -2574
58.26     -2869
58.28     -3030
58.3     -3000
58.32     -2729
58.34     -2198
58.36     -1429
58.38     -485.9
58.4     528.2
58.42     1481
58.44     2241
58.46     2734
58.48     2973
58.5     3025
58.52     2955
58.54     2810
58.56     2613
58.58     2361
58.6     2015
58.62     1502
58.64     762.8
58.66     -179.8
58.68     -1201
58.7     -2129
58.72     -2811
58.74     -3158
58.76     -3169
58.78     -2934
58.8     -2591
58.82     -2258
58.84     -1978
58.86     -1720
58.88     -1416
58.9     -995
58.92     -412.6
58.94     322.3
58.96     1126
58.98     1869
59     2445
59.02     2819
59.04     3008
59.06     3031
59.08     2893
59.1     2612
59.12     2249
59.14     1867
59.16     1475
59.18     1022
59.2     456
59.22     -217.2
59.24     -933.9
59.26     -1616
59.28     -2205
59.3     -2657
59.32     -2926
59.34     -2974
59.36     -2789
59.38     -2399
59.4     -1867
59.42     -1269
59.44     -667.3
59.46     -80.9
59.48     496.5
59.5     1068
59.52     1601
59.54     2031
59.56     2291
59.58     2341
59.6     2180
59.62     1827
59.64     1318
59.66     718.2
59.68     97.86
59.7     -500.2
59.72     -1063
59.74     -1575
59.76     -1994
59.78     -2273
59.8     -2391
59.82     -2354
59.84     -2160
59.86     -1786
59.88     -1227
59.9     -528.1
59.92     229.2
59.94     974.6
59.96     1668
59.98     2271
60     2723
