TIME/STEP     base_shear_x
0     0
0.02     0.0409
0.04     0.1676
0.06     0.1623
0.08     -0.9553
0.1     -2.944
0.12     -3.926
0.14     -3.428
0.16     -2.989
0.18     -3.929
0.2     -5.585
0.22     -6.26
0.24     -5.942
0.26     -6.159
0.28     -6.825
0.3     -7.411
0.32     -7.524
0.34     -6.174
0.36     -3.6
0.38     -2.844
0.4     -6.767
0.42     -11.77
0.44     -11.53
0.46     -7.367
0.48     -5.292
0.5     -6.49
0.52     -6.892
0.54     -3.975
0.56     -1.041
0.58     -1.333
0.6     -4.421
0.62     -7.736
0.64     -9.246
0.66     -9.647
0.68     -9.949
0.7     -9.764
0.72     -7.757
0.74     -4.146
0.76     -1.537
0.78     0.241
0.8     4.852
0.82     12.95
0.84     20.61
0.86     24.82
0.88     24.95
0.9     21.66
0.92     18.08
0.94     14.67
0.96     8.785
0.98     0.749
1     -6.404
1.02     -8.888
1.04     -5.925
1.06     -3.523
1.08     -6.413
1.1     -10.39
1.12     -10.85
1.14     -7.953
1.16     -3.543
1.18     -1.54
1.2     -7.267
1.22     -21.27
1.24     -37.14
1.26     -45.16
1.28     -42.7
1.3     -41.27
1.32     -47.7
1.34     -52.16
1.36     -47.3
1.38     -37.76
1.4     -29.82
1.42     -24.75
1.44     -17.57
1.46     -6.348
1.48     4.396
1.5     10.46
1.52     9.133
1.54     1.198
1.56     -8.053
1.58     -13.03
1.6     -10.88
1.62     -3.718
1.64     0.3747
1.66     -1.378
1.68     0.03459
1.7     10.2
1.72     20.14
1.74     20.71
1.76     17.33
1.78     18.38
1.8     22.26
1.82     22.81
1.84     17.09
1.86     9.519
1.88     4.182
1.9     -0.2632
1.92     -1.423
1.94     2.484
1.96     4.845
1.98     0.5942
2     -6.975
2.02     -12.08
2.04     -13.04
2.06     -15.52
2.08     -24.78
2.1     -33.91
2.12     -33.06
2.14     -24.6
2.16     -19.96
2.18     -25.18
2.2     -27.99
2.22     -19.7
2.24     -13.15
2.26     -13.94
2.28     -13.67
2.3     -8.012
2.32     -0.3162
2.34     2.202
2.36     -0.1985
2.38     2.101
2.4     6.692
2.42     -0.2088
2.44     -20.23
2.46     -42.2
2.48     -54.69
2.5     -52.63
2.52     -42.27
2.54     -37.64
2.56     -44.25
2.58     -53.82
2.6     -56.49
2.62     -52.63
2.64     -50.46
2.66     -47.89
2.68     -35.22
2.7     -13.81
2.72     7.293
2.74     12.64
2.76     -9.34
2.78     -45.04
2.8     -66.37
2.82     -56.41
2.84     -23.86
2.86     5.493
2.88     13.58
2.9     0.5518
2.92     -17.77
2.94     -25.84
2.96     -26.11
2.98     -32.66
3     -46.4
3.02     -47.75
3.04     -28.55
3.06     -13.99
3.08     -27.54
3.1     -51.26
3.12     -54.18
3.14     -35.01
3.16     -11.26
3.18     8.293
3.2     29.86
3.22     58.01
3.24     72.6
3.26     57.4
3.28     29.74
3.3     0.2056
3.32     -37.85
3.34     -80.18
3.36     -115.8
3.38     -131.2
3.4     -118.4
3.42     -96.77
3.44     -90.12
3.46     -92.03
3.48     -81.59
3.5     -50.36
3.52     -5.368
3.54     40.71
3.56     74.71
3.58     82.49
3.6     67.78
3.62     52.49
3.64     38.23
3.66     3.604
3.68     -51.73
3.7     -102.8
3.72     -132.8
3.74     -143.9
3.76     -152.7
3.78     -160
3.8     -131.3
3.82     -62.72
3.84     -4.486
3.86     14.69
3.88     6.491
3.9     -7.736
3.92     -6.977
3.94     9.879
3.96     26.27
3.98     34.65
4     24.25
4.02     -21.11
4.04     -86.56
4.06     -132.9
4.08     -137.2
4.1     -100.8
4.12     -45.73
4.14     1.535
4.16     29.21
4.18     31.33
4.2     9.866
4.22     -17.63
4.24     -27.71
4.26     -15.9
4.28     -7.761
4.3     -22.6
4.32     -52.86
4.34     -82.98
4.36     -107.5
4.38     -131.1
4.4     -142.1
4.42     -110
4.44     -38.86
4.46     9.878
4.48     -15.46
4.5     -86.17
4.52     -125.9
4.54     -108.3
4.56     -77.5
4.58     -73.31
4.6     -88.42
4.62     -102.9
4.64     -126.4
4.66     -171.6
4.68     -206.3
4.7     -183.2
4.72     -104.3
4.74     -16.6
4.76     46.59
4.78     81.34
4.8     86.47
4.82     67.23
4.84     38.27
4.86     13.41
4.88     -2.511
4.9     -15.14
4.92     -18.5
4.94     -1.201
4.96     24.4
4.98     42.33
5     60.8
5.02     90.94
5.04     127.1
5.06     151.4
5.08     162.4
5.1     197.8
5.12     268.8
5.14     309.2
5.16     259.7
5.18     149.6
5.2     47.73
5.22     -18.11
5.24     -66.43
5.26     -111.4
5.28     -112.2
5.3     -25.24
5.32     101.9
5.34     174
5.36     145.8
5.38     54.38
5.4     -21.1
5.42     -27.7
5.44     31.23
5.46     104.7
5.48     133.4
5.5     85.06
5.52     -29.74
5.54     -159.3
5.56     -250.8
5.58     -293.2
5.6     -303.5
5.62     -275.6
5.64     -193.3
5.66     -85.82
5.68     -6.261
5.7     20.02
5.72     -1.125
5.74     -49.37
5.76     -91.65
5.78     -88.83
5.8     -32.78
5.82     31.47
5.84     47.32
5.86     1.533
5.88     -74.61
5.9     -133.7
5.92     -141.6
5.94     -104
5.96     -55.28
5.98     0.9605
6     95.74
6.02     210.6
6.04     269.6
6.06     227.8
6.08     110.1
6.1     -9.983
6.12     -54.47
6.14     -10.36
6.16     54.55
6.18     71.79
6.2     34.9
6.22     -13.49
6.24     -31.49
6.26     -20.31
6.28     -2.917
6.3     30.05
6.32     104.2
6.34     204.5
6.36     278.7
6.38     281.2
6.4     204.8
6.42     88.39
6.44     -18.17
6.46     -94.02
6.48     -125.1
6.5     -94.38
6.52     -28.1
6.54     13.75
6.56     10.4
6.58     1.258
6.6     30.43
6.62     89.67
6.64     140.7
6.66     183
6.68     235.9
6.7     272
6.72     247.9
6.74     159.6
6.76     34.8
6.78     -84.44
6.8     -156.8
6.82     -171.5
6.84     -163.4
6.86     -172.7
6.88     -199.9
6.9     -211
6.92     -166
6.94     -70.01
6.96     13.35
6.98     36.39
7     18.27
7.02     2.059
7.04     -3.413
7.06     -22.98
7.08     -71.53
7.1     -128.1
7.12     -166.5
7.14     -186.9
7.16     -198.6
7.18     -202.3
7.2     -201.9
7.22     -197.4
7.24     -167.4
7.26     -100.3
7.28     -32.5
7.3     -10.42
7.32     -24.66
7.34     -26.34
7.36     -1.66
7.38     11.71
7.4     -12.2
7.42     -44.51
7.44     -49.18
7.46     -37.44
7.48     -32.96
7.5     -14.75
7.52     51.01
7.54     142.4
7.56     198.5
7.58     202.6
7.6     192.5
7.62     188.6
7.64     163.3
7.66     98.68
7.68     42.31
7.7     54.61
7.72     112
7.74     132.5
7.76     88.64
7.78     34.08
7.8     28.49
7.82     91.35
7.84     210.7
7.86     337.5
7.88     400.7
7.9     378
7.92     318.9
7.94     270.6
7.96     214.8
7.98     112.6
8     -23.7
8.02     -142.8
8.04     -212.2
8.06     -242.3
8.08     -259.4
8.1     -268.1
8.12     -252
8.14     -207.5
8.16     -142.8
8.18     -61.04
8.2     19.16
8.22     71.8
8.24     89.28
8.26     78.66
8.28     45.05
8.3     -30.88
8.32     -173.7
8.34     -351.5
8.36     -479
8.38     -511.4
8.4     -481.6
8.42     -432.4
8.44     -377.8
8.46     -325.7
8.48     -287.5
8.5     -252.8
8.52     -188.1
8.54     -83.78
8.56     22.55
8.58     82.12
8.6     72.54
8.62     2.442
8.64     -103.5
8.66     -221.4
8.68     -329.2
8.7     -383.6
8.72     -344.6
8.74     -232.5
8.76     -108.2
8.78     -11.99
8.8     56.64
8.82     113.4
8.84     167.1
8.86     220.2
8.88     272.1
8.9     316.5
8.92     349
8.94     358.9
8.96     314.8
8.98     187.7
9     5.576
9.02     -124.5
9.04     -96.67
9.06     72.28
9.08     259.9
9.1     380.9
9.12     454.1
9.14     526
9.16     581.6
9.18     567.4
9.2     495.4
9.22     454
9.24     500.9
9.26     580
9.28     572.3
9.3     440.8
9.32     275.2
9.34     176.3
9.36     148.7
9.38     131.2
9.4     114.2
9.42     181.1
9.44     382.1
9.46     607.3
9.48     667.6
9.5     496.5
9.52     234.5
9.54     81.09
9.56     76.37
9.58     93.38
9.6     35.76
9.62     -52.06
9.64     -112.3
9.66     -204.4
9.68     -401.1
9.7     -626.6
9.72     -690.5
9.74     -503.3
9.76     -208.7
9.78     -16.74
9.8     28.64
9.82     40.26
9.84     88.97
9.86     84.61
9.88     -82.49
9.9     -331.2
9.92     -441.9
9.94     -324.4
9.96     -140.6
9.98     -114.6
10     -277.9
10.02     -455.9
10.04     -474.1
10.06     -318.2
10.08     -96.62
10.1     88.97
10.12     224.5
10.14     355.2
10.16     480.9
10.18     539.1
10.2     489.8
10.22     343.9
10.24     141.8
10.26     -41.24
10.28     -128.9
10.3     -103.3
10.32     10.67
10.34     170
10.36     314.6
10.38     394.3
10.4     381.5
10.42     293.2
10.44     208
10.46     210.7
10.48     339.8
10.5     585.6
10.52     863.8
10.54     1018
10.56     930.8
10.58     601.1
10.6     153.7
10.62     -192.2
10.64     -272.4
10.66     -94.16
10.68     212
10.7     482.4
10.72     596.5
10.74     535.6
10.76     357.8
10.78     149.9
10.8     20.04
10.82     24.21
10.84     94.29
10.86     105.3
10.88     -27.13
10.9     -291.1
10.92     -593.5
10.94     -837
10.96     -966.7
10.98     -961.3
11     -799.7
11.02     -491.9
11.04     -149.3
11.06     86.72
11.08     170.9
11.1     145.3
11.12     67.88
11.14     -37.06
11.16     -202.7
11.18     -456.5
11.2     -722.6
11.22     -871.7
11.24     -842.7
11.26     -686.8
11.28     -525
11.3     -430.4
11.32     -363.1
11.34     -224.6
11.36     52.77
11.38     443.4
11.4     847.5
11.42     1165
11.44     1328
11.46     1267
11.48     945.9
11.5     422.2
11.52     -177.3
11.54     -704.5
11.56     -1038
11.58     -1134
11.6     -1036
11.62     -836.8
11.64     -636.2
11.66     -489
11.68     -344.3
11.7     -104.1
11.72     260.9
11.74     689.6
11.76     1066
11.78     1276
11.8     1246
11.82     965.9
11.84     517
11.86     19.84
11.88     -457.8
11.9     -867.4
11.92     -1094
11.94     -1009
11.96     -618.9
11.98     -105.3
12     306.8
12.02     515.9
12.04     588.5
12.06     660.2
12.08     808.5
12.1     1008
12.12     1152
12.14     1139
12.16     985
12.18     754
12.2     469.7
12.22     165.4
12.24     -107
12.26     -301.2
12.28     -389.4
12.3     -391.7
12.32     -339.3
12.34     -231.9
12.36     -104.2
12.38     -60.97
12.4     -175.9
12.42     -417.2
12.44     -694.2
12.46     -933.1
12.48     -1101
12.5     -1159
12.52     -1042
12.54     -750.5
12.56     -391.1
12.58     -103.3
12.6     -4.617
12.62     -149.6
12.64     -457.3
12.66     -706.4
12.68     -708.7
12.7     -488.9
12.72     -267.3
12.74     -267.9
12.76     -528.9
12.78     -897.3
12.8     -1168
12.82     -1229
12.84     -1078
12.86     -735.4
12.88     -251.6
12.9     227.3
12.92     496.8
12.94     442.8
12.96     130
12.98     -244.6
13     -453.1
13.02     -387.2
13.04     -175.6
13.06     -80.88
13.08     -228.1
13.1     -477
13.12     -597.8
13.14     -507.7
13.16     -287.9
13.18     -41.87
13.2     182.2
13.22     376.6
13.24     513.6
13.26     504.4
13.28     287.9
13.3     -28.51
13.32     -244.4
13.34     -274.6
13.36     -183.9
13.38     -106.3
13.4     -125.4
13.42     -163.5
13.44     -67.57
13.46     218.7
13.48     606.8
13.5     907.5
13.52     962.9
13.54     789.4
13.56     517.5
13.58     229.5
13.6     -67.82
13.62     -356
13.64     -530.6
13.66     -485.8
13.68     -294.8
13.7     -170.5
13.72     -211.1
13.74     -275.4
13.76     -164.6
13.78     130.3
13.8     453.9
13.82     702.1
13.84     881.5
13.86     979.1
13.88     895.9
13.9     548.5
13.92     28.94
13.94     -389.4
13.96     -455.9
13.98     -154.7
14     271.2
14.02     514.5
14.04     479.1
14.06     341.6
14.08     311.5
14.1     406.8
14.12     497.7
14.14     500.1
14.16     455.9
14.18     435.7
14.2     387.8
14.22     151
14.24     -339.8
14.26     -946.5
14.28     -1448
14.3     -1723
14.32     -1819
14.34     -1840
14.36     -1830
14.38     -1752
14.4     -1585
14.42     -1418
14.44     -1380
14.46     -1472
14.48     -1547
14.5     -1478
14.52     -1318
14.54     -1236
14.56     -1317
14.58     -1506
14.6     -1715
14.62     -1889
14.64     -1962
14.66     -1822
14.68     -1388
14.7     -705.8
14.72     54.35
14.74     720.3
14.76     1223
14.78     1562
14.8     1722
14.82     1673
14.84     1473
14.86     1307
14.88     1348
14.9     1579
14.92     1813
14.94     1856
14.96     1668
14.98     1422
15     1379
15.02     1659
15.04     2120
15.06     2481
15.08     2581
15.1     2453
15.12     2141
15.14     1587
15.16     764.7
15.18     -153.3
15.2     -881.3
15.22     -1268
15.24     -1385
15.26     -1418
15.28     -1538
15.3     -1812
15.32     -2214
15.34     -2643
15.36     -2891
15.38     -2758
15.4     -2292
15.42     -1832
15.44     -1744
15.46     -2111
15.48     -2692
15.5     -3157
15.52     -3365
15.54     -3403
15.56     -3379
15.58     -3298
15.6     -3119
15.62     -2854
15.64     -2591
15.66     -2395
15.68     -2153
15.7     -1625
15.72     -707.5
15.74     374.1
15.76     1211
15.78     1558
15.8     1531
15.82     1424
15.84     1426
15.86     1536
15.88     1677
15.9     1838
15.92     2079
15.94     2370
15.96     2569
15.98     2601
16     2578
16.02     2696
16.04     3030
16.06     3450
16.08     3734
16.1     3754
16.12     3530
16.14     3117
16.16     2555
16.18     1929
16.2     1366
16.22     942
16.24     640
16.26     418.8
16.28     252.5
16.3     90.33
16.32     -126.4
16.34     -406.2
16.36     -706.8
16.38     -983.4
16.4     -1230
16.42     -1462
16.44     -1686
16.46     -1926
16.48     -2217
16.5     -2539
16.52     -2778
16.54     -2819
16.56     -2652
16.58     -2344
16.6     -1934
16.62     -1423
16.64     -858.1
16.66     -357.5
16.68     -18.61
16.7     173.1
16.72     314.7
16.74     438.1
16.76     471.2
16.78     406.4
16.8     397.9
16.82     594.2
16.84     947.8
16.86     1273
16.88     1475
16.9     1660
16.92     1987
16.94     2423
16.96     2767
16.98     2873
17     2767
17.02     2554
17.04     2255
17.06     1795
17.08     1179
17.1     554.3
17.12     73.93
17.14     -242.7
17.16     -479.7
17.18     -711.7
17.2     -930
17.22     -1097
17.24     -1240
17.26     -1404
17.28     -1568
17.3     -1672
17.32     -1717
17.34     -1791
17.36     -1982
17.38     -2287
17.4     -2561
17.42     -2579
17.44     -2227
17.46     -1620
17.48     -1011
17.5     -563.3
17.52     -226.4
17.54     132.7
17.56     526.9
17.58     825.1
17.6     941
17.62     970.7
17.64     1076
17.66     1297
17.68     1499
17.7     1533
17.72     1425
17.74     1368
17.76     1533
17.78     1954
17.8     2530
17.82     3108
17.84     3578
17.86     3870
17.88     3930
17.9     3755
17.92     3413
17.94     2993
17.96     2554
17.98     2126
18     1754
18.02     1486
18.04     1286
18.06     1032
18.08     659.3
18.1     264.8
18.12     63.18
18.14     176.7
18.16     485.4
18.18     763.6
18.2     889.2
18.22     817.1
18.24     466.8
18.26     -203.8
18.28     -1057
18.3     -1806
18.32     -2198
18.34     -2178
18.36     -1916
18.38     -1660
18.4     -1574
18.42     -1673
18.44     -1833
18.46     -1872
18.48     -1695
18.5     -1364
18.52     -1024
18.54     -755
18.56     -536.8
18.58     -378.1
18.6     -367.3
18.62     -546.7
18.64     -807.8
18.66     -909.8
18.68     -653.5
18.7     -84.05
18.72     550.4
18.74     1011
18.76     1208
18.78     1218
18.8     1206
18.82     1277
18.84     1426
18.86     1608
18.88     1798
18.9     1991
18.92     2181
18.94     2320
18.96     2345
18.98     2246
19     2073
19.02     1918
19.04     1876
19.06     2004
19.08     2251
19.1     2466
19.12     2522
19.14     2431
19.16     2321
19.18     2275
19.2     2222
19.22     2055
19.24     1803
19.26     1583
19.28     1419
19.3     1231
19.32     994
19.34     760.6
19.36     588.6
19.38     495.7
19.4     469.7
19.42     480.5
19.44     465.6
19.46     338.7
19.48     45.41
19.5     -373.4
19.52     -783.1
19.54     -1078
19.56     -1273
19.58     -1476
19.6     -1769
19.62     -2104
19.64     -2341
19.66     -2410
19.68     -2367
19.7     -2308
19.72     -2246
19.74     -2143
19.76     -2021
19.78     -2002
19.8     -2199
19.82     -2529
19.84     -2714
19.86     -2546
19.88     -2092
19.9     -1603
19.92     -1256
19.94     -1042
19.96     -852.9
19.98     -636.5
20     -412.5
20.02     -182.1
20.04     55.61
20.06     248.7
20.08     353
20.1     435.1
20.12     628.3
20.14     993.5
20.16     1476
20.18     1983
20.2     2483
20.22     2976
20.24     3411
20.26     3696
20.28     3794
20.3     3790
20.32     3781
20.34     3763
20.36     3683
20.38     3523
20.4     3317
20.42     3104
20.44     2901
20.46     2717
20.48     2570
20.5     2479
20.52     2369
20.54     2079
20.56     1525
20.58     805.8
20.6     103.4
20.62     -506.1
20.64     -1079
20.66     -1687
20.68     -2325
20.7     -2904
20.72     -3320
20.74     -3535
20.76     -3599
20.78     -3633
20.8     -3771
20.82     -4048
20.84     -4373
20.86     -4640
20.88     -4829
20.9     -4933
20.92     -4862
20.94     -4482
20.96     -3769
20.98     -2876
21     -2004
21.02     -1235
21.04     -499.6
21.06     333.3
21.08     1367
21.1     2590
21.12     3840
21.14     4850
21.16     5423
21.18     5582
21.2     5535
21.22     5494
21.24     5555
21.26     5734
21.28     6061
21.3     6559
21.32     7111
21.34     7442
21.36     7316
21.38     6738
21.4     6000
21.42     5517
21.44     5451
21.46     5516
21.48     5197
21.5     4182
21.52     2582
21.54     751.9
21.56     -1074
21.58     -2841
21.6     -4461
21.62     -5717
21.64     -6444
21.66     -6796
21.68     -7214
21.7     -8008
21.72     -9006
21.74     -9754
21.76     -9997
21.78     -9895
21.8     -9809
21.82     -9983
21.84     -10360
21.86     -10630
21.88     -10900
21.9     -11330
21.92     -11850
21.94     -12270
21.96     -11930
21.98     -10470
22     -8406
22.02     -6491
22.04     -4910
22.06     -3406
22.08     -1715
22.1     50.37
22.12     1490
22.14     2367
22.16     2871
22.18     3372
22.2     4007
22.22     4572
22.24     4794
22.26     4714
22.28     4761
22.3     5395
22.32     6715
22.34     8407
22.36     9736
22.38     10440
22.4     10810
22.42     11250
22.44     11650
22.46     11760
22.48     10920
22.5     9450
22.52     7851
22.54     6358
22.56     4886
22.58     3281
22.6     1574
22.62     21.06
22.64     -1139
22.66     -1889
22.68     -2370
22.7     -2734
22.72     -3090
22.74     -3529
22.76     -4122
22.78     -4866
22.8     -5679
22.82     -6514
22.84     -7456
22.86     -8639
22.88     -9988
22.9     -10640
22.92     -11050
22.94     -11240
22.96     -11490
22.98     -11670
23     -10920
23.02     -9585
23.04     -7841
23.06     -6256
23.08     -4988
23.1     -3927
23.12     -2876
23.14     -1727
23.16     -574
23.18     376.3
23.2     1091
23.22     1829
23.24     2847
23.26     4028
23.28     4973
23.3     5482
23.32     5804
23.34     6363
23.36     7298
23.38     8276
23.4     8819
23.42     8781
23.44     8419
23.46     7944
23.48     7305
23.5     6358
23.52     5169
23.54     4036
23.56     3192
23.58     2511
23.6     1611
23.62     254.7
23.64     -1456
23.66     -3223
23.68     -4816
23.7     -6207
23.72     -7487
23.74     -8692
23.76     -9747
23.78     -10580
23.8     -11240
23.82     -11020
23.84     -11070
23.86     -11100
23.88     -11160
23.9     -10990
23.92     -10530
23.94     -10110
23.96     -9854
23.98     -9661
24     -9355
24.02     -8848
24.04     -8154
24.06     -7291
24.08     -6216
24.1     -4868
24.12     -3240
24.14     -1402
24.16     506.6
24.18     2339
24.2     4027
24.22     5585
24.24     7033
24.26     8336
24.28     9436
24.3     10120
24.32     10410
24.34     10520
24.36     10570
24.38     10530
24.4     10330
24.42     10010
24.44     9720
24.46     9667
24.48     9894
24.5     10190
24.52     10250
24.54     9895
24.56     9174
24.58     8233
24.6     7208
24.62     6130
24.64     4955
24.66     3692
24.68     2415
24.7     1181
24.72     -35.98
24.74     -1303
24.76     -2626
24.78     -3883
24.8     -4894
24.82     -5549
24.84     -5876
24.86     -6022
24.88     -6171
24.9     -6444
24.92     -6830
24.94     -7180
24.96     -7308
24.98     -7150
25     -6806
25.02     -6440
25.04     -6126
25.06     -5813
25.08     -5425
25.1     -4960
25.12     -4452
25.14     -3898
25.16     -3227
25.18     -2361
25.2     -1281
25.22     -66.7
25.24     1132
25.26     2195
25.28     3097
25.3     3903
25.32     4721
25.34     5585
25.36     6343
25.38     6762
25.4     6781
25.42     6555
25.44     6261
25.46     5954
25.48     5596
25.5     5212
25.52     4963
25.54     5015
25.56     5325
25.58     5602
25.6     5532
25.62     5070
25.64     4415
25.66     3755
25.68     3102
25.7     2347
25.72     1419
25.74     350.8
25.76     -773.5
25.78     -1874
25.8     -2873
25.82     -3656
25.84     -4082
25.86     -4053
25.88     -3604
25.9     -2936
25.92     -2328
25.94     -2002
25.96     -2021
25.98     -2262
26     -2479
26.02     -2475
26.04     -2254
26.06     -1977
26.08     -1778
26.1     -1649
26.12     -1494
26.14     -1225
26.16     -765.6
26.18     -72.58
26.2     863.6
26.22     2008
26.24     3232
26.26     4304
26.28     5001
26.3     5271
26.32     5264
26.34     5227
26.36     5312
26.38     5455
26.4     5471
26.42     5263
26.44     4909
26.46     4583
26.48     4402
26.5     4303
26.52     4146
26.54     3884
26.56     3557
26.58     3163
26.6     2647
26.62     1975
26.64     1178
26.66     329.4
26.68     -491.1
26.7     -1212
26.72     -1800
26.74     -2322
26.76     -2898
26.78     -3539
26.8     -4112
26.82     -4505
26.84     -4739
26.86     -4890
26.88     -4957
26.9     -4897
26.92     -4774
26.94     -4767
26.96     -4928
26.98     -4983
27     -4578
27.02     -3655
27.04     -2464
27.06     -1285
27.08     -220
27.1     770.1
27.12     1723
27.14     2621
27.16     3435
27.18     4165
27.2     4799
27.22     5303
27.24     5685
27.26     5981
27.28     6178
27.3     6255
27.32     6260
27.34     6301
27.36     6447
27.38     6618
27.4     6615
27.42     6254
27.44     5495
27.46     4467
27.48     3339
27.5     2184
27.52     961.5
27.54     -377.8
27.56     -1800
27.58     -3184
27.6     -4420
27.62     -5475
27.64     -6357
27.66     -6998
27.68     -7274
27.7     -7155
27.72     -6810
27.74     -6462
27.76     -6319
27.78     -6453
27.8     -6716
27.82     -6806
27.84     -6593
27.86     -6103
27.88     -5416
27.9     -4610
27.92     -3737
27.94     -2797
27.96     -1757
27.98     -581.8
28     741.3
28.02     2189
28.04     3719
28.06     5252
28.08     6633
28.1     7637
28.12     8093
28.14     8060
28.16     7844
28.18     7788
28.2     7978
28.22     8188
28.24     8145
28.26     7799
28.28     7315
28.3     6847
28.32     6385
28.34     5817
28.36     5083
28.38     4268
28.4     3512
28.42     2815
28.44     1990
28.46     838.3
28.48     -623.9
28.5     -2096
28.52     -3215
28.54     -3885
28.56     -4344
28.58     -4880
28.6     -5541
28.62     -6162
28.64     -6615
28.66     -6949
28.68     -7277
28.7     -7612
28.72     -7825
28.74     -7780
28.76     -7496
28.78     -7113
28.8     -6717
28.82     -6262
28.84     -5657
28.86     -4891
28.88     -4028
28.9     -3120
28.92     -2195
28.94     -1289
28.96     -445.1
28.98     335.3
29     1094
29.02     1850
29.04     2537
29.06     3076
29.08     3499
29.1     3929
29.12     4463
29.14     5116
29.16     5839
29.18     6576
29.2     7240
29.22     7675
29.24     7717
29.26     7335
29.28     6682
29.3     5975
29.32     5296
29.34     4534
29.36     3549
29.38     2328
29.4     1002
29.42     -222
29.44     -1178
29.46     -1812
29.48     -2196
29.5     -2464
29.52     -2755
29.54     -3170
29.56     -3781
29.58     -4604
29.6     -5580
29.62     -6623
29.64     -7662
29.66     -8650
29.68     -9579
29.7     -10430
29.72     -10960
29.74     -11190
29.76     -11290
29.78     -11000
29.8     -10290
29.82     -9195
29.84     -7928
29.86     -6679
29.88     -5615
29.9     -4824
29.92     -4290
29.94     -3923
29.96     -3605
29.98     -3235
30     -2751
30.02     -2122
30.04     -1336
30.06     -382.3
30.08     715.1
30.1     1881
30.12     3036
30.14     4132
30.16     5142
30.18     6034
30.2     6776
30.22     7320
30.24     7574
30.26     7472
30.28     7063
30.3     6509
30.32     5989
30.34     5598
30.36     5321
30.38     5063
30.4     4729
30.42     4270
30.44     3672
30.46     2907
30.48     1938
30.5     782.2
30.52     -454.6
30.54     -1637
30.56     -2700
30.58     -3719
30.6     -4837
30.62     -6107
30.64     -7399
30.66     -8503
30.68     -9273
30.7     -9690
30.72     -9867
30.74     -9977
30.76     -10080
30.78     -10200
30.8     -10350
30.82     -10530
30.84     -10630
30.86     -10550
30.88     -10250
30.9     -9688
30.92     -8849
30.94     -7802
30.96     -6676
30.98     -5528
31     -4266
31.02     -2765
31.04     -1044
31.06     671.1
31.08     2111
31.1     3195
31.12     4095
31.14     5050
31.16     6181
31.18     7466
31.2     8827
31.22     10190
31.24     10710
31.26     10800
31.28     10760
31.3     10860
31.32     10930
31.34     11080
31.36     11300
31.38     11640
31.4     11860
31.42     11320
31.44     10150
31.46     8617
31.48     7286
31.5     6358
31.52     5680
31.54     4964
31.56     4055
31.58     2968
31.6     1779
31.62     590.2
31.64     -454.2
31.66     -1206
31.68     -1575
31.7     -1607
31.72     -1587
31.74     -2004
31.76     -3171
31.78     -4868
31.8     -6461
31.82     -7378
31.84     -7496
31.86     -7126
31.88     -6673
31.9     -6302
31.92     -5920
31.94     -5363
31.96     -4556
31.98     -3530
32     -2355
32.02     -1115
32.04     46.68
32.06     913
32.08     1299
32.1     1193
32.12     814.9
32.14     537.2
32.16     705.6
32.18     1476
32.2     2738
32.22     4174
32.24     5456
32.26     6436
32.28     7170
32.3     7798
32.32     8368
32.34     8746
32.36     8710
32.38     8136
32.4     7060
32.42     5666
32.44     4187
32.46     2808
32.48     1663
32.5     895.2
32.52     639.2
32.54     874.4
32.56     1310
32.58     1564
32.6     1461
32.62     1104
32.64     655.8
32.66     155
32.68     -468.3
32.7     -1270
32.72     -2265
32.74     -3451
32.76     -4736
32.78     -5863
32.8     -6485
32.82     -6403
32.84     -5723
32.86     -4688
32.88     -3434
32.9     -2018
32.92     -581.3
32.94     672.8
32.96     1614
32.98     2252
33     2684
33.02     2960
33.04     3010
33.06     2759
33.08     2282
33.1     1803
33.12     1548
33.14     1615
33.16     1980
33.18     2544
33.2     3193
33.22     3817
33.24     4328
33.26     4673
33.28     4805
33.3     4626
33.32     4051
33.34     3117
33.36     2000
33.38     919.7
33.4     -29.2
33.42     -960.9
33.44     -2044
33.46     -3246
33.48     -4282
33.5     -4817
33.52     -4789
33.54     -4502
33.56     -4333
33.58     -4357
33.6     -4357
33.62     -4237
33.64     -4240
33.66     -4646
33.68     -5341
33.7     -5857
33.72     -5878
33.74     -5578
33.76     -5392
33.78     -5497
33.8     -5594
33.82     -5230
33.84     -4247
33.86     -2901
33.88     -1589
33.9     -518.2
33.92     333.4
33.94     1040
33.96     1589
33.98     1907
34     1973
34.02     1901
34.04     1850
34.06     1886
34.08     1944
34.1     1916
34.12     1805
34.14     1758
34.16     1931
34.18     2342
34.2     2864
34.22     3312
34.24     3521
34.26     3366
34.28     2769
34.3     1765
34.32     546.4
34.34     -632.4
34.36     -1597
34.38     -2294
34.4     -2746
34.42     -3025
34.44     -3237
34.46     -3481
34.48     -3785
34.5     -4062
34.52     -4172
34.54     -4069
34.56     -3880
34.58     -3816
34.6     -3995
34.62     -4363
34.64     -4750
34.66     -4981
34.68     -4943
34.7     -4559
34.72     -3788
34.74     -2678
34.76     -1416
34.78     -276.3
34.8     539.3
34.82     1051
34.84     1458
34.86     1938
34.88     2535
34.9     3186
34.92     3816
34.94     4408
34.96     5003
34.98     5671
35     6455
35.02     7312
35.04     8127
35.06     8796
35.08     9294
35.1     9654
35.12     9840
35.14     9696
35.16     9078
35.18     8036
35.2     6837
35.22     5797
35.24     5050
35.26     4480
35.28     3916
35.3     3324
35.32     2757
35.34     2211
35.36     1589
35.38     796.4
35.4     -164.9
35.42     -1237
35.44     -2419
35.46     -3759
35.48     -5281
35.5     -6926
35.52     -8567
35.54     -10010
35.56     -10450
35.58     -10580
35.6     -10560
35.62     -10210
35.64     -9393
35.66     -8374
35.68     -7511
35.7     -6902
35.72     -6310
35.74     -5554
35.76     -4608
35.78     -3610
35.8     -2721
35.82     -1985
35.84     -1316
35.86     -560.3
35.88     415.9
35.9     1616
35.92     2925
35.94     4249
35.96     5610
35.98     7059
36     8524
36.02     9757
36.04     10500
36.06     10600
36.08     10480
36.1     10270
36.12     10020
36.14     9545
36.16     8682
36.18     7460
36.2     6061
36.22     4663
36.24     3333
36.26     2077
36.28     945.7
36.3     -15.61
36.32     -871.7
36.34     -1841
36.36     -3173
36.38     -4922
36.4     -6882
36.42     -8743
36.44     -10290
36.46     -10340
36.48     -10530
36.5     -10560
36.52     -10930
36.54     -11290
36.56     -11690
36.58     -11990
36.6     -12240
36.62     -12480
36.64     -12600
36.66     -12440
36.68     -11610
36.7     -10440
36.72     -9241
36.74     -8079
36.76     -6855
36.78     -5457
36.8     -3905
36.82     -2359
36.84     -987.2
36.86     131.7
36.88     985.4
36.9     1595
36.92     2062
36.94     2572
36.96     3293
36.98     4295
37     5550
37.02     6960
37.04     8426
37.06     9223
37.08     9673
37.1     10050
37.12     10450
37.14     10750
37.16     10840
37.18     10020
37.2     8959
37.22     7873
37.24     7017
37.26     6241
37.28     5451
37.3     4754
37.32     4276
37.34     3934
37.36     3503
37.38     2823
37.4     1921
37.42     986.7
37.44     233.4
37.46     -278.5
37.48     -687.7
37.5     -1214
37.52     -1991
37.54     -2955
37.56     -3855
37.58     -4401
37.6     -4462
37.62     -4122
37.64     -3599
37.66     -3099
37.68     -2735
37.7     -2512
37.72     -2351
37.74     -2151
37.76     -1847
37.78     -1403
37.8     -794.1
37.82     -33.94
37.84     810.8
37.86     1637
37.88     2360
37.9     2982
37.92     3578
37.94     4222
37.96     4913
37.98     5532
38     5907
38.02     5981
38.04     5896
38.06     5830
38.08     5822
38.1     5779
38.12     5629
38.14     5411
38.16     5220
38.18     5086
38.2     4912
38.22     4538
38.24     3891
38.26     3086
38.28     2302
38.3     1562
38.32     693.7
38.34     -400
38.36     -1526
38.38     -2347
38.4     -2750
38.42     -3011
38.44     -3528
38.46     -4379
38.48     -5258
38.5     -5821
38.52     -6039
38.54     -6211
38.56     -6612
38.58     -7164
38.6     -7479
38.62     -7228
38.64     -6476
38.66     -5638
38.68     -5060
38.7     -4656
38.72     -4047
38.74     -3046
38.76     -1890
38.78     -950.5
38.8     -293.9
38.82     365.7
38.84     1251
38.86     2245
38.88     3082
38.9     3697
38.92     4299
38.94     5146
38.96     6285
38.98     7494
39     8483
39.02     9133
39.04     9509
39.06     9714
39.08     9793
39.1     9751
39.12     9564
39.14     9206
39.16     8685
39.18     8045
39.2     7329
39.22     6576
39.24     5819
39.26     5082
39.28     4404
39.3     3826
39.32     3302
39.34     2683
39.36     1843
39.38     790.2
39.4     -355.7
39.42     -1471
39.44     -2510
39.46     -3519
39.48     -4568
39.5     -5653
39.52     -6682
39.54     -7517
39.56     -8038
39.58     -8190
39.6     -8018
39.62     -7633
39.64     -7164
39.66     -6724
39.68     -6390
39.7     -6167
39.72     -5970
39.74     -5701
39.76     -5368
39.78     -5047
39.8     -4782
39.82     -4564
39.84     -4357
39.86     -4096
39.88     -3683
39.9     -3035
39.92     -2169
39.94     -1221
39.96     -359.3
39.98     328.9
40     880
40.02     1364
40.04     1794
40.06     2099
40.08     2197
40.1     2072
40.12     1766
40.14     1339
40.16     854.5
40.18     412.4
40.2     154.9
40.22     210.2
40.24     562
40.26     986.3
40.28     1200
40.3     1107
40.32     858.4
40.34     655.8
40.36     553.4
40.38     423.8
40.4     107.8
40.42     -404.3
40.44     -986.6
40.46     -1555
40.48     -2122
40.5     -2638
40.52     -2861
40.54     -2530
40.56     -1654
40.58     -595.9
40.6     200.4
40.62     565.5
40.64     657.2
40.66     694.2
40.68     710.3
40.7     585
40.72     255.5
40.74     -184.8
40.76     -615
40.78     -1045
40.8     -1574
40.82     -2186
40.84     -2632
40.86     -2597
40.88     -2012
40.9     -1157
40.92     -428
40.94     -40.07
40.96     35.48
40.98     -76.68
41     -311.5
41.02     -700
41.04     -1304
41.06     -2110
41.08     -3001
41.1     -3852
41.12     -4596
41.14     -5202
41.16     -5630
41.18     -5811
41.2     -5679
41.22     -5238
41.24     -4620
41.26     -4042
41.28     -3626
41.3     -3338
41.32     -3107
41.34     -2924
41.36     -2843
41.38     -2908
41.4     -3091
41.42     -3303
41.44     -3438
41.46     -3413
41.48     -3194
41.5     -2797
41.52     -2267
41.54     -1639
41.56     -939.5
41.58     -241
41.6     338.1
41.62     748.3
41.64     1078
41.66     1438
41.68     1800
41.7     1999
41.72     1896
41.74     1529
41.76     1099
41.78     808.3
41.8     706.4
41.82     710.3
41.84     734.8
41.86     776.1
41.88     866.1
41.9     1000
41.92     1120
41.94     1138
41.96     987.7
41.98     688.9
42     332.6
42.02     -21.73
42.04     -399.8
42.06     -847.7
42.08     -1336
42.1     -1739
42.12     -1929
42.14     -1889
42.16     -1704
42.18     -1449
42.2     -1140
42.22     -801
42.24     -531.2
42.26     -447.8
42.28     -552.9
42.3     -712.8
42.32     -798.7
42.34     -801.3
42.36     -779.7
42.38     -729.8
42.4     -550.3
42.42     -140.5
42.44     498.4
42.46     1254
42.48     1983
42.5     2611
42.52     3156
42.54     3634
42.56     3962
42.58     4013
42.6     3778
42.62     3431
42.64     3224
42.66     3304
42.68     3604
42.7     3914
42.72     4069
42.74     4119
42.76     4266
42.78     4625
42.8     5073
42.82     5324
42.84     5167
42.86     4644
42.88     3985
42.9     3350
42.92     2681
42.94     1854
42.96     923.2
42.98     137.8
43     -301.3
43.02     -473.5
43.04     -629.1
43.06     -860.9
43.08     -1030
43.1     -1005
43.12     -842.4
43.14     -723.7
43.16     -803.7
43.18     -1100
43.2     -1508
43.22     -1926
43.24     -2323
43.26     -2696
43.28     -2992
43.3     -3140
43.32     -3099
43.34     -2844
43.36     -2363
43.38     -1684
43.4     -876
43.42     -36.6
43.44     737.4
43.46     1392
43.48     1924
43.5     2362
43.52     2733
43.54     3053
43.56     3337
43.58     3601
43.6     3858
43.62     4110
43.64     4345
43.66     4529
43.68     4641
43.7     4731
43.72     4884
43.74     5108
43.76     5313
43.78     5395
43.8     5309
43.82     5084
43.84     4802
43.86     4528
43.88     4258
43.9     3919
43.92     3437
43.94     2809
43.96     2120
43.98     1468
44     886.5
44.02     337.5
44.04     -249.1
44.06     -898.3
44.08     -1540
44.1     -2071
44.12     -2439
44.14     -2665
44.16     -2824
44.18     -2982
44.2     -3153
44.22     -3328
44.24     -3529
44.26     -3796
44.28     -4131
44.3     -4449
44.32     -4596
44.34     -4476
44.36     -4137
44.38     -3705
44.4     -3241
44.42     -2704
44.44     -2061
44.46     -1379
44.48     -765.3
44.5     -209.6
44.52     418.1
44.54     1191
44.56     1986
44.58     2560
44.6     2775
44.62     2772
44.64     2884
44.66     3331
44.68     4020
44.7     4699
44.72     5256
44.74     5762
44.76     6251
44.78     6599
44.8     6665
44.82     6486
44.84     6245
44.86     6062
44.88     5887
44.9     5588
44.92     5095
44.94     4447
44.96     3771
44.98     3207
45     2831
45.02     2598
45.04     2356
45.06     1917
45.08     1174
45.1     188.8
45.12     -810.8
45.14     -1583
45.16     -2079
45.18     -2464
45.2     -2933
45.22     -3512
45.24     -4026
45.26     -4281
45.28     -4265
45.3     -4113
45.32     -3904
45.34     -3620
45.36     -3288
45.38     -3056
45.4     -3093
45.42     -3388
45.44     -3698
45.46     -3740
45.48     -3439
45.5     -2913
45.52     -2299
45.54     -1673
45.56     -1079
45.58     -508.2
45.6     109.3
45.62     835
45.64     1642
45.66     2422
45.68     3039
45.7     3380
45.72     3416
45.74     3204
45.76     2837
45.78     2404
45.8     2004
45.82     1718
45.84     1559
45.86     1460
45.88     1308
45.9     1019
45.92     593.3
45.94     89.66
45.96     -449.6
45.98     -1048
46     -1757
46.02     -2592
46.04     -3514
46.06     -4482
46.08     -5470
46.1     -6458
46.12     -7375
46.14     -8108
46.16     -8555
46.18     -8686
46.2     -8556
46.22     -8285
46.24     -8014
46.26     -7845
46.28     -7771
46.3     -7691
46.32     -7499
46.34     -7161
46.36     -6735
46.38     -6304
46.4     -5894
46.42     -5447
46.44     -4886
46.46     -4170
46.48     -3316
46.5     -2359
46.52     -1323
46.54     -235.8
46.56     835.5
46.58     1775
46.6     2479
46.62     2923
46.64     3182
46.66     3353
46.68     3470
46.7     3475
46.72     3300
46.74     2959
46.76     2547
46.78     2171
46.8     1867
46.82     1587
46.84     1247
46.86     816.9
46.88     340.4
46.9     -129.8
46.92     -611.8
46.94     -1187
46.96     -1916
46.98     -2768
47     -3647
47.02     -4478
47.04     -5243
47.06     -5941
47.08     -6540
47.1     -6978
47.12     -7211
47.14     -7262
47.16     -7226
47.18     -7196
47.2     -7173
47.22     -7069
47.24     -6808
47.26     -6416
47.28     -6000
47.3     -5631
47.32     -5268
47.34     -4793
47.36     -4127
47.38     -3301
47.4     -2420
47.42     -1559
47.44     -709.9
47.46     174.3
47.48     1074
47.5     1889
47.52     2538
47.54     3049
47.56     3523
47.58     4010
47.6     4443
47.62     4718
47.64     4812
47.66     4814
47.68     4839
47.7     4906
47.72     4939
47.74     4841
47.76     4573
47.78     4153
47.8     3616
47.82     3000
47.84     2340
47.86     1666
47.88     1003
47.9     374.5
47.92     -205.2
47.94     -753.2
47.96     -1314
47.98     -1920
48     -2547
48.02     -3110
48.04     -3528
48.06     -3785
48.08     -3925
48.1     -3990
48.12     -3984
48.14     -3871
48.16     -3615
48.18     -3214
48.2     -2712
48.22     -2174
48.24     -1636
48.26     -1091
48.28     -513.8
48.3     85.32
48.32     665.7
48.34     1200
48.36     1712
48.38     2278
48.4     2974
48.42     3818
48.44     4764
48.46     5748
48.48     6715
48.5     7612
48.52     8362
48.54     8875
48.56     9109
48.58     9103
48.6     8947
48.62     8707
48.64     8380
48.66     7928
48.68     7352
48.7     6724
48.72     6157
48.74     5748
48.76     5529
48.78     5447
48.8     5371
48.82     5143
48.84     4655
48.86     3900
48.88     2941
48.9     1847
48.92     653.7
48.94     -603.1
48.96     -1845
48.98     -2967
49     -3900
49.02     -4648
49.04     -5242
49.06     -5660
49.08     -5821
49.1     -5684
49.12     -5326
49.14     -4907
49.16     -4571
49.18     -4366
49.2     -4257
49.22     -4194
49.24     -4136
49.26     -4042
49.28     -3861
49.3     -3561
49.32     -3108
49.34     -2459
49.36     -1588
49.38     -516.8
49.4     699.4
49.42     2014
49.44     3392
49.46     4766
49.48     6016
49.5     7004
49.52     7657
49.54     8031
49.56     8255
49.58     8429
49.6     8566
49.62     8645
49.64     8689
49.66     8767
49.68     8925
49.7     9127
49.72     9274
49.74     9279
49.76     9120
49.78     8831
49.8     8441
49.82     7930
49.84     7237
49.86     6323
49.88     5216
49.9     4020
49.92     2866
49.94     1856
49.96     1025
49.98     345.2
50     -232.6
50.02     -739.1
50.04     -1182
50.06     -1567
50.08     -1909
50.1     -2235
50.12     -2551
50.14     -2828
50.16     -3026
50.18     -3144
50.2     -3216
50.22     -3269
50.24     -3274
50.26     -3150
50.28     -2819
50.3     -2271
50.32     -1575
50.34     -846.7
50.36     -178.8
50.38     399.8
50.4     923.4
50.42     1461
50.44     2075
50.46     2770
50.48     3478
50.5     4102
50.52     4577
50.54     4897
50.56     5101
50.58     5239
50.6     5359
50.62     5491
50.64     5636
50.66     5754
50.68     5764
50.7     5587
50.72     5194
50.74     4634
50.76     4007
50.78     3400
50.8     2836
50.82     2271
50.84     1641
50.86     881.8
50.88     -42.69
50.9     -1114
50.92     -2258
50.94     -3375
50.96     -4381
50.98     -5225
51     -5878
51.02     -6351
51.04     -6700
51.06     -6998
51.08     -7294
51.1     -7594
51.12     -7865
51.14     -8065
51.16     -8183
51.18     -8250
51.2     -8324
51.22     -8446
51.24     -8605
51.26     -8746
51.28     -8790
51.3     -8648
51.32     -8233
51.34     -7485
51.36     -6432
51.38     -5208
51.4     -3990
51.42     -2925
51.44     -2082
51.46     -1455
51.48     -999.7
51.5     -653
51.52     -358.2
51.54     -95.65
51.56     112.8
51.58     243.4
51.6     321.7
51.62     429.7
51.64     661
51.66     1064
51.68     1610
51.7     2208
51.72     2734
51.74     3081
51.76     3173
51.78     2975
51.8     2501
51.82     1824
51.84     1066
51.86     343.6
51.88     -295
51.9     -879.1
51.92     -1461
51.94     -2048
51.96     -2584
51.98     -3001
52     -3276
52.02     -3451
52.04     -3603
52.06     -3812
52.08     -4138
52.1     -4594
52.12     -5150
52.14     -5745
52.16     -6302
52.18     -6735
52.2     -6968
52.22     -6967
52.24     -6749
52.26     -6385
52.28     -5967
52.3     -5545
52.32     -5093
52.34     -4566
52.36     -3984
52.38     -3433
52.4     -2996
52.42     -2676
52.44     -2400
52.46     -2099
52.48     -1760
52.5     -1405
52.52     -1024
52.54     -551.3
52.56     66.42
52.58     790.7
52.6     1500
52.62     2077
52.64     2481
52.66     2743
52.68     2881
52.7     2864
52.72     2664
52.74     2313
52.76     1888
52.78     1462
52.8     1062
52.82     679.2
52.84     310.9
52.86     -17.53
52.88     -273.8
52.9     -462.3
52.92     -634.9
52.94     -860.2
52.96     -1182
52.98     -1603
53     -2093
53.02     -2609
53.04     -3125
53.06     -3617
53.08     -4064
53.1     -4435
53.12     -4692
53.14     -4799
53.16     -4739
53.18     -4532
53.2     -4226
53.22     -3874
53.24     -3508
53.26     -3142
53.28     -2794
53.3     -2481
53.32     -2202
53.34     -1927
53.36     -1595
53.38     -1158
53.4     -616.7
53.42     -22.96
53.44     553
53.46     1070
53.48     1551
53.5     2060
53.52     2638
53.54     3256
53.56     3835
53.58     4294
53.6     4600
53.62     4768
53.64     4821
53.66     4770
53.68     4617
53.7     4397
53.72     4173
53.74     3989
53.76     3813
53.78     3552
53.8     3144
53.82     2636
53.84     2165
53.86     1829
53.88     1606
53.9     1392
53.92     1106
53.94     746.3
53.96     356.1
53.98     -51.11
54     -498.3
54.02     -990.2
54.04     -1476
54.06     -1882
54.08     -2174
54.1     -2377
54.12     -2524
54.14     -2616
54.16     -2613
54.18     -2469
54.2     -2168
54.22     -1734
54.24     -1211
54.26     -652.1
54.28     -103.7
54.3     406.9
54.32     870.2
54.34     1283
54.36     1650
54.38     1996
54.4     2362
54.42     2784
54.44     3270
54.46     3796
54.48     4335
54.5     4865
54.52     5375
54.54     5843
54.56     6238
54.58     6533
54.6     6713
54.62     6761
54.64     6659
54.66     6410
54.68     6057
54.7     5668
54.72     5299
54.74     4965
54.76     4659
54.78     4362
54.8     4058
54.82     3734
54.84     3381
54.86     2986
54.88     2535
54.9     2016
54.92     1423
54.94     773
54.96     103.8
54.98     -539.4
55     -1116
55.02     -1595
55.04     -1944
55.06     -2137
55.08     -2169
55.1     -2067
55.12     -1879
55.14     -1642
55.16     -1369
55.18     -1056
55.2     -714.2
55.22     -369.7
55.24     -55.3
55.26     215.7
55.28     463.1
55.3     732.8
55.32     1072
55.34     1509
55.36     2047
55.38     2678
55.4     3382
55.42     4124
55.44     4847
55.46     5488
55.48     6009
55.5     6396
55.52     6645
55.54     6749
55.56     6702
55.58     6512
55.6     6215
55.62     5859
55.64     5491
55.66     5135
55.68     4794
55.7     4462
55.72     4121
55.74     3740
55.76     3278
55.78     2696
55.8     1985
55.82     1169
55.84     294.3
55.86     -599.3
55.88     -1492
55.9     -2374
55.92     -3219
55.94     -3988
55.96     -4646
55.98     -5171
56     -5556
56.02     -5807
56.04     -5943
56.06     -5991
56.08     -5983
56.1     -5941
56.12     -5863
56.14     -5737
56.16     -5555
56.18     -5318
56.2     -5012
56.22     -4608
56.24     -4088
56.26     -3483
56.28     -2851
56.3     -2224
56.32     -1580
56.34     -877.8
56.36     -113.3
56.38     659.3
56.4     1373
56.42     1996
56.44     2534
56.46     2996
56.48     3365
56.5     3617
56.52     3748
56.54     3785
56.56     3764
56.58     3703
56.6     3590
56.62     3399
56.64     3115
56.66     2752
56.68     2338
56.7     1893
56.72     1421
56.74     903.3
56.76     324.8
56.78     -317.1
56.8     -1003
56.82     -1697
56.84     -2376
56.86     -3038
56.88     -3688
56.9     -4313
56.92     -4873
56.94     -5327
56.96     -5660
56.98     -5899
57     -6076
57.02     -6198
57.04     -6242
57.06     -6201
57.08     -6092
57.1     -5939
57.12     -5742
57.14     -5475
57.16     -5117
57.18     -4677
57.2     -4188
57.22     -3664
57.24     -3088
57.26     -2436
57.28     -1704
57.3     -921.4
57.32     -125.6
57.34     657.8
57.36     1415
57.38     2130
57.4     2782
57.42     3358
57.44     3863
57.46     4301
57.48     4657
57.5     4914
57.52     5066
57.54     5123
57.56     5098
57.58     4999
57.6     4833
57.62     4631
57.64     4426
57.66     4215
57.68     3955
57.7     3595
57.72     3112
57.74     2519
57.76     1848
57.78     1120
57.8     337.9
57.82     -513
57.84     -1429
57.86     -2371
57.88     -3273
57.9     -4077
57.92     -4759
57.94     -5318
57.96     -5749
57.98     -6039
58     -6188
58.02     -6234
58.04     -6232
58.06     -6220
58.08     -6199
58.1     -6144
58.12     -6027
58.14     -5845
58.16     -5619
58.18     -5373
58.2     -5092
58.22     -4719
58.24     -4186
58.26     -3467
58.28     -2601
58.3     -1666
58.32     -724.8
58.34     193.3
58.36     1063
58.38     1845
58.4     2495
58.42     2998
58.44     3380
58.46     3687
58.48     3942
58.5     4123
58.52     4203
58.54     4193
58.56     4137
58.58     4092
58.6     4087
58.62     4113
58.64     4137
58.66     4116
58.68     4007
58.7     3772
58.72     3385
58.74     2845
58.76     2188
58.78     1468
58.8     733.2
58.82     4.172
58.84     -715.7
58.86     -1413
58.88     -2048
58.9     -2569
58.92     -2938
58.94     -3152
58.96     -3243
58.98     -3260
59     -3256
59.02     -3268
59.04     -3310
59.06     -3375
59.08     -3443
59.1     -3500
59.12     -3531
59.14     -3519
59.16     -3448
59.18     -3303
59.2     -3055
59.22     -2657
59.24     -2067
59.26     -1292
59.28     -401.1
59.3     499.4
59.32     1318
59.34     2011
59.36     2587
59.38     3080
59.4     3506
59.42     3870
59.44     4170
59.46     4416
59.48     4627
59.5     4817
59.52     4991
59.54     5155
59.56     5332
59.58     5558
59.6     5839
59.62     6120
59.64     6291
59.66     6258
59.68     5991
59.7     5538
59.72     4969
59.74     4319
59.76     3589
59.78     2802
59.8     2016
59.82     1291
59.84     637.6
59.86     35.07
59.88     -524.8
59.9     -1012
59.92     -1395
59.94     -1691
59.96     -1969
59.98     -2311
60     -2736
