TIME/STEP     RF_deform_z
0     0
0.02     0.000205787
0.04     0.000294135
0.06     -0.000498397
0.08     -0.00191144
0.1     -0.00296407
0.12     -0.00243616
0.14     -0.00103701
0.16     -0.00131122
0.18     -0.00323494
0.2     -0.00422548
0.22     -0.00308935
0.24     -0.002384
0.26     -0.00491387
0.28     -0.00909442
0.3     -0.01115
0.32     -0.0109873
0.34     -0.0116248
0.36     -0.0147222
0.38     -0.0182543
0.4     -0.0187945
0.42     -0.0170985
0.44     -0.0156636
0.46     -0.0152866
0.48     -0.0155255
0.5     -0.0146232
0.52     -0.0102927
0.54     -0.00281317
0.56     0.00291821
0.58     0.00251228
0.6     -0.000980419
0.62     -0.00202708
0.64     -0.00207375
0.66     -0.00498759
0.68     -0.0115588
0.7     -0.0202858
0.72     -0.0282841
0.74     -0.033045
0.76     -0.0336784
0.78     -0.0310917
0.8     -0.0264571
0.82     -0.0183101
0.84     -0.00288836
0.86     0.0211545
0.88     0.0499236
0.9     0.0769361
0.92     0.099435
0.94     0.116771
0.96     0.124234
0.98     0.115977
1     0.0903939
1.02     0.0524052
1.04     0.0101956
1.06     -0.0342006
1.08     -0.0823784
1.1     -0.129885
1.12     -0.168413
1.14     -0.192215
1.16     -0.202923
1.18     -0.207115
1.2     -0.207112
1.22     -0.198194
1.24     -0.174494
1.26     -0.137257
1.28     -0.0937526
1.3     -0.0484939
1.32     -0.000941245
1.34     0.0500508
1.36     0.0999581
1.38     0.139914
1.4     0.166827
1.42     0.185004
1.44     0.199389
1.46     0.209252
1.48     0.20846
1.5     0.194859
1.52     0.17295
1.54     0.145312
1.56     0.106558
1.58     0.0480252
1.6     -0.0315308
1.62     -0.12081
1.64     -0.203722
1.66     -0.272361
1.68     -0.325007
1.7     -0.359005
1.72     -0.374157
1.74     -0.370158
1.76     -0.343722
1.78     -0.29441
1.8     -0.229025
1.82     -0.15821
1.84     -0.0829799
1.86     0.00531515
1.88     0.104165
1.9     0.197479
1.92     0.274814
1.94     0.336563
1.96     0.383962
1.98     0.414984
2     0.426489
2.02     0.414491
2.04     0.378402
2.06     0.32353
2.08     0.252851
2.1     0.161676
2.12     0.0426926
2.14     -0.104236
2.16     -0.267081
2.18     -0.428965
2.2     -0.572474
2.22     -0.679093
2.24     -0.735301
2.26     -0.730305
2.28     -0.657241
2.3     -0.526259
2.32     -0.359909
2.34     -0.181727
2.36     -0.00906242
2.38     0.154334
2.4     0.310653
2.42     0.453128
2.44     0.569324
2.46     0.653704
2.48     0.702775
2.5     0.705138
2.52     0.646348
2.54     0.515639
2.56     0.312851
2.58     0.0590743
2.6     -0.212068
2.62     -0.467589
2.64     -0.67987
2.66     -0.831511
2.68     -0.911675
2.7     -0.914356
2.72     -0.847826
2.74     -0.739353
2.76     -0.61508
2.78     -0.481503
2.8     -0.325896
2.82     -0.131694
2.84     0.0971137
2.86     0.33792
2.88     0.572561
2.9     0.790609
2.92     0.971893
2.94     1.08217
2.96     1.08916
2.98     0.982874
3     0.775162
3.02     0.489589
3.04     0.158097
3.06     -0.19217
3.08     -0.538515
3.1     -0.851808
3.12     -1.10278
3.14     -1.27207
3.16     -1.34802
3.18     -1.3238
3.2     -1.20377
3.22     -1.00006
3.24     -0.725206
3.26     -0.39235
3.28     -0.0162966
3.3     0.376354
3.32     0.739089
3.34     1.02718
3.36     1.22084
3.38     1.31795
3.4     1.31234
3.42     1.1842
3.44     0.927906
3.46     0.579866
3.48     0.193936
3.5     -0.194085
3.52     -0.55292
3.54     -0.843054
3.56     -1.03434
3.58     -1.11555
3.6     -1.09567
3.62     -0.99954
3.64     -0.851661
3.66     -0.670519
3.68     -0.473866
3.7     -0.266566
3.72     -0.0480097
3.74     0.1604
3.76     0.326147
3.78     0.441764
3.8     0.524995
3.82     0.581281
3.84     0.59102
3.86     0.533216
3.88     0.404248
3.9     0.226957
3.92     0.0478813
3.94     -0.101184
3.96     -0.224927
3.98     -0.330164
4     -0.401149
4.02     -0.415419
4.04     -0.367153
4.06     -0.281306
4.08     -0.204114
4.1     -0.15451
4.12     -0.109627
4.14     -0.045172
4.16     0.0424758
4.18     0.131345
4.2     0.193065
4.22     0.220547
4.24     0.224224
4.26     0.205295
4.28     0.141187
4.3     0.0143
4.32     -0.158702
4.34     -0.343967
4.36     -0.518626
4.38     -0.670158
4.4     -0.778594
4.42     -0.806263
4.44     -0.727848
4.46     -0.55668
4.48     -0.334571
4.5     -0.107801
4.52     0.107506
4.54     0.311884
4.56     0.483032
4.58     0.583679
4.6     0.594588
4.62     0.536523
4.64     0.458493
4.66     0.393565
4.68     0.336038
4.7     0.258429
4.72     0.141545
4.74     -0.0038686
4.76     -0.147969
4.78     -0.268445
4.8     -0.363937
4.82     -0.443191
4.84     -0.493373
4.86     -0.476417
4.88     -0.391051
4.9     -0.29917
4.92     -0.25678
4.94     -0.268886
4.96     -0.303893
4.98     -0.328273
5     -0.327642
5.02     -0.278771
5.04     -0.138242
5.06     0.108554
5.08     0.418879
5.1     0.728688
5.12     0.989789
5.14     1.17012
5.16     1.24604
5.18     1.21027
5.2     1.07115
5.22     0.843184
5.24     0.547092
5.26     0.19911
5.28     -0.183766
5.3     -0.562024
5.32     -0.891394
5.34     -1.14972
5.36     -1.32865
5.38     -1.41441
5.4     -1.38337
5.42     -1.22419
5.44     -0.967183
5.46     -0.670658
5.48     -0.381146
5.5     -0.117798
5.52     0.118838
5.54     0.328796
5.56     0.502366
5.58     0.629893
5.6     0.716753
5.62     0.776554
5.64     0.810178
5.66     0.796052
5.68     0.715455
5.7     0.585043
5.72     0.439133
5.74     0.293049
5.76     0.12468
5.78     -0.0943323
5.8     -0.336196
5.82     -0.552985
5.84     -0.746773
5.86     -0.934352
5.88     -1.09773
5.9     -1.20003
5.92     -1.20737
5.94     -1.10052
5.96     -0.889704
5.98     -0.601921
6     -0.255462
6.02     0.132099
6.04     0.521707
6.06     0.864009
6.08     1.12505
6.1     1.28588
6.12     1.3198
6.14     1.20066
6.16     0.935663
6.18     0.567952
6.2     0.163543
6.22     -0.210658
6.24     -0.505441
6.26     -0.694703
6.28     -0.772181
6.3     -0.734633
6.32     -0.600761
6.34     -0.42931
6.36     -0.267454
6.38     -0.124132
6.4     0.00294139
6.42     0.125414
6.44     0.255231
6.46     0.379473
6.48     0.465708
6.5     0.487094
6.52     0.447002
6.54     0.367713
6.56     0.25406
6.58     0.0941837
6.6     -0.0946873
6.62     -0.247758
6.64     -0.304353
6.66     -0.250972
6.68     -0.115113
6.7     0.0409889
6.72     0.153171
6.74     0.201523
6.76     0.18653
6.78     0.103619
6.8     -0.0378319
6.82     -0.211334
6.84     -0.387332
6.86     -0.547553
6.88     -0.68504
6.9     -0.799218
6.92     -0.894907
6.94     -0.971737
6.96     -1.02449
6.98     -1.03917
7     -0.966137
7.02     -0.749977
7.04     -0.403789
7.06     0.00485502
7.08     0.42778
7.1     0.851951
7.12     1.2564
7.14     1.57964
7.16     1.74521
7.18     1.72603
7.2     1.5578
7.22     1.29378
7.24     0.968271
7.26     0.583062
7.28     0.127416
7.3     -0.386857
7.32     -0.913161
7.34     -1.39444
7.36     -1.80337
7.38     -2.14899
7.4     -2.42688
7.42     -2.57238
7.44     -2.50298
7.46     -2.20283
7.48     -1.72445
7.5     -1.12296
7.52     -0.426789
7.54     0.335411
7.56     1.10809
7.58     1.82269
7.6     2.42202
7.62     2.86903
7.64     3.14268
7.66     3.23436
7.68     3.14509
7.7     2.86828
7.72     2.38485
7.74     1.70527
7.76     0.891547
7.78     0.0114591
7.8     -0.885178
7.82     -1.73259
7.84     -2.43118
7.86     -2.89627
7.88     -3.11483
7.9     -3.12212
7.92     -2.93139
7.94     -2.53332
7.96     -1.96326
7.98     -1.31143
8     -0.654554
8.02     -0.0259032
8.04     0.549651
8.06     1.04235
8.08     1.4327
8.1     1.71803
8.12     1.90397
8.14     1.99155
8.16     1.98339
8.18     1.89484
8.2     1.7439
8.22     1.53563
8.24     1.27198
8.26     0.964739
8.28     0.628183
8.3     0.276621
8.32     -0.083298
8.34     -0.456567
8.36     -0.842465
8.38     -1.2467
8.4     -1.68733
8.42     -2.15321
8.44     -2.59707
8.46     -2.95835
8.48     -3.1667
8.5     -3.16427
8.52     -2.92689
8.54     -2.45217
8.56     -1.75658
8.58     -0.886683
8.6     0.0745376
8.62     1.04009
8.64     1.95097
8.66     2.76022
8.68     3.43141
8.7     3.94299
8.72     4.2915
8.74     4.49378
8.76     4.55817
8.78     4.46375
8.8     4.16524
8.82     3.60507
8.84     2.75165
8.86     1.63532
8.88     0.320799
8.9     -1.13854
8.92     -2.6988
8.94     -4.27016
8.96     -5.70272
8.98     -6.84623
9     -7.6063
9.02     -7.94584
9.04     -7.81144
9.06     -7.11918
9.08     -5.83872
9.1     -4.02181
9.12     -1.77261
9.14     0.77354
9.16     3.47164
9.18     6.16508
9.2     8.66672
9.22     10.7863
9.24     12.3548
9.26     13.2295
9.28     13.3044
9.3     12.5123
9.32     10.8682
9.34     8.49016
9.36     5.55342
9.38     2.23697
9.4     -1.30846
9.42     -4.93354
9.44     -8.42866
9.46     -11.5292
9.48     -13.9984
9.5     -15.6896
9.52     -16.5408
9.54     -16.5192
9.56     -15.6076
9.58     -13.835
9.6     -11.2792
9.62     -8.06084
9.64     -4.34744
9.66     -0.337434
9.68     3.77219
9.7     7.78488
9.72     11.4843
9.74     14.647
9.76     17.0642
9.78     18.5385
9.8     18.9104
9.82     18.1314
9.84     16.3111
9.86     13.6728
9.88     10.4206
9.9     6.64586
9.92     2.40486
9.94     -2.13821
9.96     -6.69493
9.98     -10.9582
10     -14.6887
10.02     -17.6862
10.04     -19.7047
10.06     -20.4653
10.08     -19.7888
10.1     -17.7002
10.12     -14.4185
10.14     -10.2714
10.16     -5.5965
10.18     -0.678617
10.2     4.25443
10.22     9.0005
10.24     13.38
10.26     17.2556
10.28     20.5015
10.3     22.9104
10.32     24.1616
10.34     23.9542
10.36     22.1765
10.38     18.9521
10.4     14.5774
10.42     9.43234
10.44     3.95754
10.46     -1.3802
10.48     -6.21251
10.5     -10.3495
10.52     -13.7491
10.54     -16.4366
10.56     -18.4285
10.58     -19.6857
10.6     -20.1002
10.62     -19.5254
10.64     -17.8482
10.66     -15.0501
10.68     -11.2427
10.7     -6.71888
10.72     -1.92252
10.74     2.6942
10.76     6.78958
10.78     10.1459
10.8     12.6378
10.82     14.227
10.84     14.9377
10.86     14.8343
10.88     13.9852
10.9     12.3966
10.92     10.0449
10.94     6.9932
10.96     3.42976
10.98     -0.383466
11     -4.16559
11.02     -7.6527
11.04     -10.5878
11.06     -12.7179
11.08     -13.8528
11.1     -13.9236
11.12     -12.9777
11.14     -11.1113
11.16     -8.42505
11.18     -5.02823
11.2     -1.05713
11.22     3.30389
11.24     7.82586
11.26     12.2362
11.28     16.1729
11.3     19.2298
11.32     21.1034
11.34     21.6285
11.36     20.7265
11.38     18.4157
11.4     14.859
11.42     10.3477
11.44     5.2335
11.46     -0.0913238
11.48     -5.18744
11.5     -9.64048
11.52     -13.1735
11.54     -15.6587
11.56     -17.0226
11.58     -17.2037
11.6     -16.2296
11.62     -14.2672
11.64     -11.5616
11.66     -8.32707
11.68     -4.71015
11.7     -0.828895
11.72     3.18563
11.74     7.16584
11.76     10.9257
11.78     14.2695
11.8     16.9477
11.82     18.6756
11.84     19.249
11.86     18.5997
11.88     16.7233
11.9     13.6253
11.92     9.38832
11.94     4.27125
11.96     -1.31816
11.98     -6.94813
12     -12.2142
12.02     -16.7051
12.04     -20.0478
12.06     -22.0364
12.08     -22.6586
12.1     -22.0432
12.12     -20.3725
12.14     -17.7455
12.16     -14.1655
12.18     -9.67167
12.2     -4.40363
12.22     1.41036
12.24     7.45577
12.26     13.3308
12.28     18.5371
12.3     22.4964
12.32     24.6537
12.34     24.637
12.36     22.3992
12.38     18.2727
12.4     12.8651
12.42     6.86357
12.44     0.846079
12.46     -4.83956
12.48     -10.0465
12.5     -14.7058
12.52     -18.7404
12.54     -22.0521
12.56     -24.5045
12.58     -25.8534
12.6     -25.7536
12.62     -23.898
12.64     -20.1873
12.66     -14.8384
12.68     -8.38102
12.7     -1.55842
12.72     4.83942
12.74     10.1921
12.76     14.1802
12.78     16.7211
12.8     17.8557
12.82     17.7223
12.84     16.5702
12.86     14.713
12.88     12.3865
12.9     9.60356
12.92     6.19015
12.94     2.02893
12.96     -2.74525
12.98     -7.77338
13     -12.6238
13.02     -16.8779
13.04     -20.1172
13.06     -21.9338
13.08     -22.0131
13.1     -20.2336
13.12     -16.692
13.14     -11.648
13.16     -5.49198
13.18     1.20907
13.2     7.72404
13.22     13.3325
13.24     17.5133
13.26     20.0426
13.28     20.9669
13.3     20.4959
13.32     18.9723
13.34     16.8532
13.36     14.5789
13.38     12.3738
13.4     10.1586
13.42     7.64733
13.44     4.54375
13.46     0.737267
13.48     -3.5994
13.5     -8.04991
13.52     -12.0981
13.54     -15.2403
13.56     -17.0376
13.58     -17.2045
13.6     -15.7527
13.62     -13.0846
13.64     -9.85003
13.66     -6.65534
13.68     -3.8546
13.7     -1.50698
13.72     0.49974
13.74     2.28387
13.76     3.89543
13.78     5.31136
13.8     6.4736
13.82     7.3236
13.84     7.73518
13.86     7.46764
13.88     6.30349
13.9     4.26949
13.92     1.67002
13.94     -1.14173
13.96     -3.97431
13.98     -6.73431
14     -9.25522
14.02     -11.2998
14.04     -12.6648
14.06     -13.2368
14.08     -12.9941
14.1     -11.9826
14.12     -10.3223
14.14     -8.26229
14.16     -6.14357
14.18     -4.25057
14.2     -2.69774
14.22     -1.44385
14.24     -0.410437
14.26     0.44133
14.28     1.1448
14.3     1.77135
14.32     2.36969
14.34     2.86033
14.36     3.03157
14.38     2.70428
14.4     1.93787
14.42     1.04059
14.44     0.364499
14.46     0.102859
14.48     0.241855
14.5     0.619658
14.52     1.0326
14.54     1.30553
14.56     1.29119
14.58     0.8793
14.6     0.0330827
14.62     -1.166
14.64     -2.49918
14.66     -3.70147
14.68     -4.61293
14.7     -5.23315
14.72     -5.662
14.74     -6.00495
14.76     -6.27562
14.78     -6.33024
14.8     -5.94532
14.82     -4.97613
14.84     -3.44887
14.86     -1.56145
14.88     0.389344
14.9     2.07546
14.92     3.17367
14.94     3.42956
14.96     2.76979
14.98     1.33623
15     -0.58862
15.02     -2.64242
15.04     -4.46595
15.06     -5.82049
15.08     -6.62185
15.1     -6.90505
15.12     -6.79556
15.14     -6.43162
15.16     -5.8514
15.18     -5.00074
15.2     -3.83121
15.22     -2.32981
15.24     -0.518213
15.26     1.50783
15.28     3.58523
15.3     5.53001
15.32     7.14541
15.34     8.23982
15.36     8.70438
15.38     8.56399
15.4     7.92992
15.42     6.96515
15.44     5.79189
15.46     4.31846
15.48     2.28702
15.5     -0.505818
15.52     -4.08387
15.54     -8.27925
15.56     -12.766
15.58     -17.13
15.6     -20.9318
15.62     -23.7379
15.64     -25.1712
15.66     -25.0015
15.68     -23.2502
15.7     -20.236
15.72     -16.4598
15.74     -12.3419
15.76     -8.01964
15.78     -3.37668
15.8     1.76134
15.82     7.44887
15.84     13.5599
15.86     19.8016
15.88     25.7431
15.9     30.8387
15.92     34.4986
15.94     36.2504
15.96     35.9129
15.98     33.6789
16     30.0159
16.02     25.4185
16.04     20.2316
16.06     14.6655
16.08     8.88822
16.1     3.07983
16.12     -2.60748
16.14     -8.10141
16.16     -13.3154
16.18     -17.9888
16.2     -21.6724
16.22     -23.9082
16.24     -24.4623
16.26     -23.4345
16.28     -21.1732
16.3     -18.0641
16.32     -14.3905
16.34     -10.3385
16.36     -6.07329
16.38     -1.76278
16.4     2.45888
16.42     6.52916
16.44     10.4564
16.46     14.207
16.48     17.5941
16.5     20.3078
16.52     22.0264
16.54     22.5394
16.56     21.8245
16.58     19.9873
16.6     17.1375
16.62     13.3649
16.64     8.818
16.66     3.78098
16.68     -1.37109
16.7     -6.30919
16.72     -10.7796
16.74     -14.5122
16.76     -17.193
16.78     -18.5369
16.8     -18.3976
16.82     -16.8179
16.84     -14.0101
16.86     -10.3048
16.88     -6.08975
16.9     -1.79212
16.92     2.16727
16.94     5.47317
16.96     7.97793
16.98     9.69739
17     10.7546
17.02     11.2641
17.04     11.2271
17.06     10.5984
17.08     9.40485
17.1     7.71626
17.12     5.54036
17.14     2.7975
17.16     -0.554871
17.18     -4.38456
17.2     -8.41167
17.22     -12.3387
17.24     -15.8799
17.26     -18.7242
17.28     -20.5519
17.3     -21.094
17.32     -20.2249
17.34     -17.9743
17.36     -14.4637
17.38     -9.93456
17.4     -4.78756
17.42     0.535737
17.44     5.69932
17.46     10.4996
17.48     14.8027
17.5     18.4526
17.52     21.2432
17.54     22.9665
17.56     23.4587
17.58     22.6239
17.6     20.4252
17.62     16.8753
17.64     12.1124
17.66     6.49976
17.68     0.626328
17.7     -4.79556
17.72     -9.13242
17.74     -12.055
17.76     -13.5684
17.78     -13.821
17.8     -12.9176
17.82     -10.896
17.84     -7.78145
17.86     -3.61982
17.88     1.49151
17.9     7.35815
17.92     13.6095
17.94     19.6549
17.96     24.7445
17.98     28.1276
18     29.2226
18.02     27.7472
18.04     23.8233
18.06     17.9626
18.08     10.9306
18.1     3.56704
18.12     -3.40092
18.14     -9.49833
18.16     -14.527
18.18     -18.4904
18.2     -21.5108
18.22     -23.7212
18.24     -25.1383
18.26     -25.6804
18.28     -25.3149
18.3     -24.1259
18.32     -22.2734
18.34     -19.9203
18.36     -17.1615
18.38     -14.0511
18.4     -10.7035
18.42     -7.25871
18.44     -3.78607
18.46     -0.317094
18.48     3.07229
18.5     6.25136
18.52     9.08529
18.54     11.4241
18.56     13.0751
18.58     13.8589
18.6     13.6719
18.62     12.5334
18.64     10.6163
18.66     8.20837
18.68     5.63568
18.7     3.17404
18.72     0.94615
18.74     -1.11465
18.76     -3.1591
18.78     -5.27157
18.8     -7.41659
18.82     -9.49325
18.84     -11.3752
18.86     -12.833
18.88     -13.4753
18.9     -12.8699
18.92     -10.7504
18.94     -7.15889
18.96     -2.46421
18.98     2.79401
19     8.1227
19.02     13.1523
19.04     17.5873
19.06     21.1575
19.08     23.6772
19.1     25.133
19.12     25.6337
19.14     25.2602
19.16     23.9823
19.18     21.7316
19.2     18.5131
19.22     14.4288
19.24     9.63756
19.26     4.33567
19.28     -1.21129
19.3     -6.65866
19.32     -11.637
19.34     -15.8619
19.36     -19.183
19.38     -21.5067
19.4     -22.7225
19.42     -22.6873
19.44     -21.2483
19.46     -18.3293
19.48     -14.0118
19.5     -8.52589
19.52     -2.19176
19.54     4.62032
19.56     11.4731
19.58     17.8482
19.6     23.2405
19.62     27.31
19.64     29.9051
19.66     30.9378
19.68     30.3545
19.7     28.2597
19.72     24.9556
19.74     20.7959
19.76     16.0106
19.78     10.7078
19.8     5.05236
19.82     -0.602253
19.84     -5.79469
19.86     -10.1265
19.88     -13.3395
19.9     -15.2662
19.92     -15.7921
19.94     -14.9444
19.96     -12.9589
19.98     -10.2164
20     -7.08635
20.02     -3.76752
20.04     -0.278834
20.06     3.38133
20.08     7.07131
20.1     10.5503
20.12     13.669
20.14     16.4105
20.16     18.7148
20.18     20.3514
20.2     21.0527
20.22     20.7268
20.24     19.4971
20.26     17.5691
20.28     15.0621
20.3     11.9449
20.32     8.10187
20.34     3.46115
20.36     -1.88149
20.38     -7.61264
20.4     -13.2231
20.42     -18.1012
20.44     -21.6898
20.46     -23.5655
20.48     -23.4583
20.5     -21.3186
20.52     -17.39
20.54     -12.1968
20.56     -6.37149
20.58     -0.40458
20.6     5.49643
20.62     11.3584
20.64     17.2731
20.66     23.2225
20.68     28.9835
20.7     34.1491
20.72     38.2352
20.74     40.8265
20.76     41.6726
20.78     40.7398
20.8     38.2427
20.82     34.5485
20.84     29.9584
20.86     24.5563
20.88     18.2622
20.9     11.0338
20.92     3.05605
20.94     -5.28884
20.96     -13.6154
20.98     -21.5937
21     -28.8695
21.02     -35.0429
21.04     -39.7972
21.06     -43.1023
21.08     -45.2361
21.1     -46.5326
21.12     -47.1222
21.14     -46.8598
21.16     -45.3987
21.18     -42.3329
21.2     -37.3546
21.22     -30.3627
21.24     -21.586
21.26     -11.6912
21.28     -1.7346
21.3     6.98127
21.32     13.1677
21.34     15.9602
21.36     15.2524
21.38     11.6874
21.4     6.27702
21.42     -0.0616581
21.44     -6.75453
21.46     -13.54
21.48     -20.331
21.5     -27.0818
21.52     -33.6888
21.54     -39.9235
21.56     -45.3428
21.58     -49.3229
21.6     -51.2518
21.62     -50.8159
21.64     -48.1852
21.66     -43.8736
21.68     -38.5433
21.7     -32.8883
21.72     -27.5252
21.74     -22.8764
21.76     -18.9829
21.78     -15.4575
21.8     -11.749
21.82     -7.5157
21.84     -2.76914
21.86     2.27174
21.88     7.35166
21.9     12.2274
21.92     16.6132
21.94     20.1498
21.96     22.5455
21.98     23.7612
22     24.0156
22.02     23.5936
22.04     22.6504
22.06     21.1478
22.08     18.8949
22.1     15.6252
22.12     11.104
22.14     5.26535
22.16     -1.69532
22.18     -9.29695
22.2     -16.8441
22.22     -23.5596
22.24     -28.7192
22.26     -31.8132
22.28     -32.6645
22.3     -31.4238
22.32     -28.4721
22.34     -24.2575
22.36     -19.1412
22.38     -13.3816
22.4     -7.21743
22.42     -0.914572
22.44     5.24353
22.46     10.9568
22.48     15.9129
22.5     19.7772
22.52     22.1932
22.54     22.9163
22.56     21.9465
22.58     19.5089
22.6     15.9137
22.62     11.3909
22.64     6.05874
22.66     0.0259144
22.68     -6.51112
22.7     -13.2569
22.72     -19.8667
22.74     -25.9639
22.76     -31.1284
22.78     -34.9297
22.8     -37.0262
22.82     -37.2621
22.84     -35.7047
22.86     -32.5976
22.88     -28.2609
22.9     -23.0065
22.92     -17.0716
22.94     -10.64
22.96     -3.98557
22.98     2.42629
23     8.00003
23.02     12.159
23.04     14.4673
23.06     14.7067
23.08     12.9197
23.1     9.38853
23.12     4.59248
23.14     -0.838513
23.16     -6.23964
23.18     -11.1091
23.2     -15.2307
23.22     -18.5943
23.24     -21.2865
23.26     -23.3946
23.28     -24.8646
23.3     -25.4795
23.32     -24.9698
23.34     -23.1739
23.36     -20.1439
23.38     -16.1342
23.4     -11.5559
23.42     -6.86431
23.44     -2.46606
23.46     1.2583
23.48     3.98603
23.5     5.54967
23.52     5.96392
23.54     5.35016
23.56     3.80076
23.58     1.32163
23.6     -2.09836
23.62     -6.37125
23.64     -11.2204
23.66     -16.1977
23.68     -20.7643
23.7     -24.3907
23.72     -26.7069
23.74     -27.5698
23.76     -26.9706
23.78     -24.9505
23.8     -21.6288
23.82     -17.2776
23.84     -12.3069
23.86     -7.11314
23.88     -1.94101
23.9     3.08368
23.92     7.79611
23.94     11.9198
23.96     15.1447
23.98     17.2482
24     18.1521
24.02     17.8811
24.04     16.5344
24.06     14.28
24.08     11.2668
24.1     7.53649
24.12     3.04358
24.14     -2.22335
24.16     -8.12959
24.18     -14.4167
24.2     -20.7356
24.22     -26.5784
24.24     -31.2449
24.26     -33.9731
24.28     -34.1878
24.3     -31.7194
24.32     -26.8279
24.34     -20.0367
24.36     -11.9394
24.38     -3.13384
24.4     5.77897
24.42     14.2722
24.44     22.0246
24.46     28.9063
24.48     34.7658
24.5     39.3252
24.52     42.3132
24.54     43.6709
24.56     43.6274
24.58     42.4945
24.6     40.3294
24.62     36.7978
24.64     31.4264
24.66     24.0531
24.68     15.07
24.7     5.27758
24.72     -4.46148
24.74     -13.4361
24.76     -21.0711
24.78     -26.9022
24.8     -30.6248
24.82     -32.1997
24.84     -31.9218
24.86     -30.2697
24.88     -27.6301
24.9     -24.0755
24.92     -19.3695
24.94     -13.2271
24.96     -5.63084
24.98     2.93409
25     11.5171
25.02     19.044
25.04     24.6204
25.06     27.6569
25.08     27.9374
25.1     25.6564
25.12     21.4417
25.14     16.2137
25.16     10.7994
25.18     5.64829
25.2     0.824097
25.22     -3.87927
25.24     -8.77144
25.26     -14.061
25.28     -19.635
25.3     -24.9182
25.32     -29.0065
25.34     -31.0634
25.36     -30.6784
25.38     -27.9572
25.4     -23.3863
25.42     -17.6451
25.44     -11.4536
25.46     -5.43069
25.48     0.0805761
25.5     5.09905
25.52     9.91113
25.54     14.8603
25.56     20.0848
25.58     25.3015
25.6     29.8279
25.62     32.9147
25.64     34.0953
25.66     33.2936
25.68     30.7154
25.7     26.6626
25.72     21.445
25.74     15.3937
25.76     8.84203
25.78     2.09786
25.8     -4.55205
25.82     -10.8484
25.84     -16.519
25.86     -21.1759
25.88     -24.2841
25.9     -25.2926
25.92     -23.8489
25.94     -19.9629
25.96     -14.0202
25.98     -6.66634
26     1.26745
26.02     8.83699
26.04     15.1351
26.06     19.4437
26.08     21.3402
26.1     20.7197
26.12     17.7671
26.14     12.919
26.16     6.78219
26.18     0.0184311
26.2     -6.82033
26.22     -13.4084
26.24     -19.5905
26.26     -25.2261
26.28     -30.0798
26.3     -33.8604
26.32     -36.2994
26.34     -37.1352
26.36     -36.0903
26.38     -32.9289
26.4     -27.5266
26.42     -19.9165
26.44     -10.377
26.46     0.475765
26.48     11.7186
26.5     22.2809
26.52     31.1501
26.54     37.6374
26.56     41.5748
26.58     43.2692
26.6     43.2808
26.62     42.1714
26.64     40.3799
26.66     38.147
26.68     35.4668
26.7     32.1763
26.72     28.0773
26.74     23.0434
26.76     17.0829
26.78     10.4127
26.8     3.57959
26.82     -2.54707
26.84     -7.05
26.86     -9.40806
26.88     -9.74902
26.9     -8.6421
26.92     -6.64713
26.94     -4.01626
26.96     -0.705805
26.98     3.34439
27     8.00618
27.02     13.0187
27.04     18.0721
27.06     22.8134
27.08     26.8425
27.1     29.7521
27.12     31.2077
27.14     31.1143
27.16     29.7887
27.18     27.8788
27.2     26.0584
27.22     24.701
27.24     23.6441
27.26     22.2194
27.28     19.6105
27.3     15.2526
27.32     9.06914
27.34     1.49445
27.36     -6.66779
27.38     -14.4387
27.4     -20.8486
27.42     -25.0762
27.44     -26.6073
27.46     -25.3941
27.48     -21.8369
27.5     -16.6145
27.52     -10.4634
27.54     -3.87662
27.56     3.05647
27.58     10.4381
27.6     18.1709
27.62     25.7647
27.64     32.4786
27.66     37.5938
27.68     40.5883
27.7     41.183
27.72     39.3781
27.74     35.5163
27.76     30.2377
27.78     24.3004
27.8     18.3692
27.82     12.8581
27.84     7.8713
27.86     3.25805
27.88     -1.23016
27.9     -5.76693
27.92     -10.29
27.94     -14.4438
27.96     -17.7306
27.98     -19.7541
28     -20.401
28.02     -19.8565
28.04     -18.4574
28.06     -16.4921
28.08     -14.1114
28.1     -11.4214
28.12     -8.5699
28.14     -5.68617
28.16     -2.78326
28.18     0.231817
28.2     3.39551
28.22     6.52702
28.24     9.23816
28.26     11.0976
28.28     11.8718
28.3     11.7125
28.32     11.1344
28.34     10.7544
28.36     10.9886
28.38     11.9564
28.4     13.6008
28.42     15.8368
28.44     18.5687
28.46     21.5772
28.48     24.415
28.5     26.5553
28.52     27.7613
28.54     28.2108
28.56     28.1981
28.58     27.8404
28.6     27.0827
28.62     25.8539
28.64     24.1885
28.66     22.1795
28.68     19.8486
28.7     17.1066
28.72     13.8473
28.74     10.0937
28.76     6.01681
28.78     1.82617
28.8     -2.31609
28.82     -6.27746
28.84     -9.85317
28.86     -12.7248
28.88     -14.6101
28.9     -15.4619
28.92     -15.4539
28.94     -14.8332
28.96     -13.8392
28.98     -12.5795
29     -10.949
29.02     -8.77644
29.04     -5.96349
29.06     -2.47902
29.08     1.64398
29.1     6.22433
29.12     10.8443
29.14     14.8829
29.16     17.6929
29.18     18.8384
29.2     18.2908
29.22     16.4309
29.24     13.7903
29.26     10.7732
29.28     7.58873
29.3     4.32077
29.32     0.992596
29.34     -2.39806
29.36     -5.84808
29.38     -9.28502
29.4     -12.4738
29.42     -14.9924
29.44     -16.3387
29.46     -16.1229
29.48     -14.2352
29.5     -10.8939
29.52     -6.59018
29.54     -1.9644
29.56     2.39803
29.58     6.15252
29.6     9.23254
29.62     11.7323
29.64     13.7298
29.66     15.2012
29.68     16.0536
29.7     16.1829
29.72     15.5019
29.74     13.9776
29.76     11.6929
29.78     8.89928
29.8     5.9949
29.82     3.39842
29.84     1.41269
29.86     0.136113
29.88     -0.545424
29.9     -0.882418
29.92     -1.12758
29.94     -1.37053
29.96     -1.43273
29.98     -0.94403
30     0.409367
30.02     2.69242
30.04     5.69162
30.06     9.00985
30.08     12.2108
30.1     14.8825
30.12     16.6319
30.14     17.1545
30.16     16.4203
30.18     14.7653
30.2     12.7172
30.22     10.7146
30.24     8.94042
30.26     7.35797
30.28     5.88148
30.3     4.5178
30.32     3.38
30.34     2.65203
30.36     2.5732
30.38     3.31789
30.4     4.81141
30.42     6.70959
30.44     8.54914
30.46     9.90182
30.48     10.4014
30.5     9.73447
30.52     7.77116
30.54     4.8663
30.56     1.92765
30.58     -0.043661
30.6     -0.445081
30.62     0.780703
30.64     3.28037
30.66     6.49839
30.68     9.82346
30.7     12.7066
30.72     14.7456
30.74     15.7537
30.76     15.7841
30.78     15.0663
30.8     13.8497
30.82     12.2495
30.84     10.2225
30.86     7.64918
30.88     4.47823
30.9     0.877461
30.92     -2.73056
30.94     -5.77171
30.96     -7.6573
30.98     -7.91664
31     -6.31998
31.02     -2.97404
31.04     1.59619
31.06     6.50028
31.08     10.7835
31.1     13.7236
31.12     14.9259
31.14     14.3334
31.16     12.2605
31.18     9.38767
31.2     6.56299
31.22     4.46935
31.24     3.39782
31.26     3.2746
31.28     3.86744
31.3     4.97564
31.32     6.41727
31.34     7.92391
31.36     9.27272
31.38     10.5262
31.4     12.0163
31.42     14.0744
31.44     16.7766
31.46     19.9077
31.48     23.1019
31.5     26.0036
31.52     28.317
31.54     29.7789
31.56     30.1809
31.58     29.4533
31.6     27.7066
31.62     25.1179
31.64     21.7308
31.66     17.3512
31.68     11.6681
31.7     4.53804
31.72     -3.81704
31.74     -12.8165
31.76     -21.6645
31.78     -29.4334
31.8     -35.043
31.82     -37.4487
31.84     -36.1138
31.86     -31.3763
31.88     -24.5667
31.9     -17.3629
31.92     -10.5803
31.94     -4.15905
31.96     1.96264
31.98     7.55777
32     12.2485
32.02     15.7495
32.04     18.099
32.06     19.5719
32.08     20.356
32.1     20.4365
32.12     19.7619
32.14     18.3826
32.16     16.5554
32.18     14.6095
32.2     12.5936
32.22     10.2688
32.24     7.31793
32.26     3.4866
32.28     -1.30714
32.3     -6.93641
32.32     -13.0368
32.34     -18.926
32.36     -23.8333
32.38     -27.2417
32.4     -28.8876
32.42     -28.6578
32.44     -26.4997
32.46     -22.3509
32.48     -16.2438
32.5     -8.53149
32.52     -0.0139509
32.54     8.19684
32.56     15.1904
32.58     20.5789
32.6     24.2832
32.62     26.3426
32.64     26.8626
32.66     25.9738
32.68     23.8162
32.7     20.562
32.72     16.4929
32.74     12.0372
32.76     7.53451
32.78     3.06536
32.8     -1.3977
32.82     -5.89433
32.84     -10.4005
32.86     -14.67
32.88     -18.2052
32.9     -20.4647
32.92     -21.125
32.94     -20.2002
32.96     -17.8675
32.98     -14.2311
33     -9.36064
33.02     -3.43529
33.04     3.14676
33.06     9.82749
33.08     16.1821
33.1     22.1572
33.12     28.0505
33.14     34.1876
33.16     40.3521
33.18     45.7273
33.2     49.466
33.22     51.1292
33.24     50.8656
33.26     49.2103
33.28     46.5514
33.3     42.7679
33.32     37.3704
33.34     30.1311
33.36     21.7325
33.38     13.6227
33.4     7.05121
33.42     2.31824
33.44     -1.08535
33.46     -3.82572
33.48     -6.18429
33.5     -7.86297
33.52     -8.23415
33.54     -6.81826
33.56     -3.68099
33.58     0.674308
33.6     5.77908
33.62     11.3257
33.64     17.0686
33.66     22.7349
33.68     27.8904
33.7     31.9322
33.72     34.2549
33.74     34.4562
33.76     32.6
33.78     29.2305
33.8     25.0093
33.82     20.3789
33.84     15.4205
33.86     10.0016
33.88     4.09956
33.9     -2.00115
33.92     -7.65759
33.94     -11.9914
33.96     -14.3358
33.98     -14.525
34     -12.719
34.02     -9.14864
34.04     -3.8732
34.06     3.23158
34.08     12.0873
34.1     22.0522
34.12     31.9411
34.14     40.4079
34.16     46.5511
34.18     50.2762
34.2     52.1394
34.22     52.8963
34.24     53.0005
34.26     52.3268
34.28     50.3557
34.3     46.7177
34.32     41.5932
34.34     35.6514
34.36     29.4831
34.38     23.1331
34.4     16.2015
34.42     8.24864
34.44     -0.687631
34.46     -9.90582
34.48     -18.3708
34.5     -25.244
34.52     -30.2731
34.54     -33.7378
34.56     -35.9008
34.58     -36.6341
34.6     -35.5437
34.62     -32.243
34.64     -26.8833
34.66     -20.5852
34.68     -15.0461
34.7     -11.574
34.72     -10.3423
34.74     -10.3916
34.76     -10.5319
34.78     -10.2028
34.8     -9.53516
34.82     -8.93272
34.84     -8.58321
34.86     -8.41118
34.88     -8.39528
34.9     -8.73094
34.92     -9.72713
34.94     -11.5407
34.96     -13.7561
34.98     -15.3675
35     -15.3602
35.02     -13.2902
35.04     -9.64724
35.06     -5.70391
35.08     -2.86227
35.1     -2.00429
35.12     -3.1495
35.14     -5.55442
35.16     -8.31667
35.18     -10.8184
35.2     -12.5712
35.22     -13.0375
35.24     -11.6848
35.26     -8.25132
35.28     -3.06698
35.3     2.85944
35.32     8.0797
35.34     11.3126
35.36     12.1883
35.38     11.4285
35.4     10.178
35.42     9.1077
35.44     8.09956
35.46     6.67981
35.48     4.58089
35.5     1.89393
35.52     -1.08516
35.54     -4.07418
35.56     -7.11272
35.58     -10.5297
35.6     -14.4565
35.62     -18.5588
35.64     -22.1816
35.66     -24.7231
35.68     -26.0238
35.7     -26.4866
35.72     -26.8211
35.74     -27.5836
35.76     -28.7011
35.78     -29.5328
35.8     -29.4542
35.82     -28.117
35.84     -25.3417
35.86     -21.0009
35.88     -15.0206
35.9     -7.55796
35.92     0.858859
35.94     9.43132
35.96     17.1813
35.98     23.1746
36     26.8884
36.02     28.3091
36.04     27.839
36.06     26.035
36.08     23.274
36.1     19.5999
36.12     14.8143
36.14     8.7729
36.16     1.84034
36.18     -5.07127
36.2     -11.1015
36.22     -15.9434
36.24     -19.8966
36.26     -23.4789
36.28     -26.9279
36.3     -30.0379
36.32     -32.3312
36.34     -33.3104
36.36     -32.7366
36.38     -30.7423
36.4     -27.626
36.42     -23.6297
36.44     -18.816
36.46     -13.1292
36.48     -6.69815
36.5     -0.0299048
36.52     6.11559
36.54     11.0616
36.56     14.6767
36.58     17.4156
36.6     19.761
36.62     21.7671
36.64     23.0668
36.66     23.2351
36.68     22.1455
36.7     20.0499
36.72     17.4127
36.74     14.6581
36.76     11.9057
36.78     9.00566
36.8     5.91508
36.82     2.90387
36.84     0.457702
36.86     -1.0342
36.88     -1.57628
36.9     -1.57955
36.92     -1.68852
36.94     -2.50323
36.96     -4.14836
36.98     -6.24607
37     -8.39043
37.02     -10.4092
37.04     -12.309
37.06     -14.0819
37.08     -15.4942
37.1     -16.0292
37.12     -15.0778
37.14     -12.3132
37.16     -8.03722
37.18     -3.05307
37.2     1.88099
37.22     6.40442
37.24     10.4773
37.26     14.0229
37.28     16.7011
37.3     18.0834
37.32     17.9966
37.34     16.6257
37.36     14.4662
37.38     12.1438
37.4     10.0564
37.42     8.21792
37.44     6.32785
37.46     3.97142
37.48     0.917886
37.5     -2.70563
37.52     -6.45288
37.54     -9.76391
37.56     -12.2882
37.58     -13.9627
37.6     -14.7466
37.62     -14.4585
37.64     -12.9103
37.66     -10.1454
37.68     -6.57283
37.7     -2.91529
37.72     -0.00375867
37.74     1.525
37.76     1.583
37.78     0.572844
37.8     -1.0721
37.82     -3.14484
37.84     -5.63522
37.86     -8.52518
37.88     -11.5959
37.9     -14.4553
37.92     -16.6633
37.94     -17.8263
37.96     -17.7874
37.98     -16.6948
38     -14.8101
38.02     -12.3338
38.04     -9.337
38.06     -5.79785
38.08     -1.7597
38.1     2.526
38.12     6.65676
38.14     10.3228
38.16     13.6356
38.18     17.0473
38.2     20.8246
38.22     24.7708
38.24     28.3173
38.26     30.8354
38.28     31.9827
38.3     31.7753
38.32     30.437
38.34     28.2347
38.36     25.1859
38.38     20.9956
38.4     15.4517
38.42     8.72382
38.44     1.37909
38.46     -5.86007
38.48     -12.5071
38.5     -18.4624
38.52     -23.8108
38.54     -28.5604
38.56     -32.4617
38.58     -35.1363
38.6     -36.3262
38.62     -35.8669
38.64     -33.7156
38.66     -30.0191
38.68     -25.0714
38.7     -19.2975
38.72     -13.1699
38.74     -6.97976
38.76     -0.85812
38.78     5.1042
38.8     10.9253
38.82     16.6642
38.84     22.2527
38.86     27.3556
38.88     31.4026
38.9     33.7992
38.92     34.1189
38.94     32.2303
38.96     28.4109
38.98     23.2474
39     17.3923
39.02     11.4867
39.04     6.08792
39.06     1.57216
39.08     -1.92201
39.1     -4.59354
39.12     -6.96651
39.14     -9.65486
39.16     -13.2384
39.18     -18.0574
39.2     -23.8659
39.22     -29.8889
39.24     -35.2055
39.26     -39.1092
39.28     -41.2982
39.3     -41.8225
39.32     -40.8118
39.34     -38.2562
39.36     -33.9043
39.38     -27.5041
39.4     -19.3537
39.42     -10.4177
39.44     -1.97781
39.46     4.85182
39.48     9.5495
39.5     12.3707
39.52     14.201
39.54     16.001
39.56     18.0544
39.58     19.7725
39.6     20.2667
39.62     19.0444
39.64     16.3794
39.66     13.0561
39.68     9.6877
39.7     6.31655
39.72     2.57852
39.74     -1.82823
39.76     -6.5863
39.78     -10.7523
39.8     -13.4546
39.82     -14.4519
39.84     -14.2373
39.86     -13.6415
39.88     -13.202
39.9     -12.881
39.92     -12.2402
39.94     -10.8483
39.96     -8.75975
39.98     -6.56661
40     -4.85314
40.02     -3.66949
40.04     -2.45226
40.06     -0.488922
40.08     2.48179
40.1     6.10447
40.12     9.72915
40.14     12.9214
40.16     15.8294
40.18     19.0066
40.2     22.8144
40.22     27.0082
40.24     30.8119
40.26     33.3903
40.28     34.3545
40.3     33.9239
40.32     32.6713
40.34     31.1099
40.36     29.2815
40.38     26.7774
40.4     23.3364
40.42     19.273
40.44     15.3401
40.46     12.2473
40.48     10.2025
40.5     8.79028
40.52     7.26398
40.54     5.04248
40.56     2.18927
40.58     -0.597639
40.6     -2.52425
40.62     -3.14641
40.64     -2.52543
40.66     -1.05495
40.68     0.92056
40.7     3.28327
40.72     6.03406
40.74     9.13087
40.76     12.2655
40.78     14.9012
40.8     16.7353
40.82     17.9517
40.84     19.0127
40.86     20.2295
40.88     21.4288
40.9     21.9264
40.92     20.805
40.94     17.3858
40.96     11.7157
40.98     4.61941
41     -2.76841
41.02     -9.4903
41.04     -14.9085
41.06     -18.5563
41.08     -20.1039
41.1     -19.5262
41.12     -17.1046
41.14     -13.2145
41.16     -8.34629
41.18     -3.13217
41.2     1.88417
41.22     6.38248
41.24     10.339
41.26     13.9875
41.28     17.6011
41.3     21.2388
41.32     24.5803
41.34     27.0291
41.36     28.0896
41.38     27.5821
41.4     25.5899
41.42     22.3895
41.44     18.2942
41.46     13.5728
41.48     8.54317
41.5     3.58166
41.52     -0.934118
41.54     -4.68894
41.56     -7.71657
41.58     -10.4839
41.6     -13.4718
41.62     -16.787
41.64     -20.0366
41.66     -22.508
41.68     -23.5852
41.7     -23.0651
41.72     -21.2003
41.74     -18.4998
41.76     -15.287
41.78     -11.5551
41.8     -7.33844
41.82     -2.92397
41.84     1.24056
41.86     4.76553
41.88     7.53823
41.9     9.72577
41.92     11.5603
41.94     13.0863
41.96     13.9145
41.98     13.3284
42     10.8014
42.02     6.39344
42.04     0.850479
42.06     -4.71385
42.08     -9.33558
42.1     -12.4697
42.12     -13.9816
42.14     -13.968
42.16     -12.4407
42.18     -9.32899
42.2     -4.87405
42.22     0.270113
42.24     5.31084
42.26     9.66017
42.28     13.1727
42.3     16.0966
42.32     18.7517
42.34     21.2054
42.36     23.0331
42.38     23.4855
42.4     22.0456
42.42     18.7385
42.44     14.0829
42.46     8.76802
42.48     3.3305
42.5     -1.9057
42.52     -6.74657
42.54     -11.0036
42.56     -14.2897
42.58     -16.122
42.6     -16.3027
42.62     -15.0051
42.64     -12.6395
42.66     -9.63277
42.68     -6.21656
42.7     -2.41252
42.72     1.80233
42.74     6.29593
42.76     10.557
42.78     13.8059
42.8     15.4816
42.82     15.5443
42.84     14.5043
42.86     13.1053
42.88     11.8392
42.9     10.8061
42.92     9.91717
42.94     9.07124
42.96     8.31022
42.98     7.7547
43     7.3215
43.02     6.75617
43.04     5.8305
43.06     4.40249
43.08     2.44283
43.1     0.0974767
43.12     -2.29275
43.14     -4.31647
43.16     -5.84977
43.18     -7.23308
43.2     -8.93171
43.22     -11.0391
43.24     -13.0595
43.26     -14.1953
43.28     -13.8722
43.3     -12.0189
43.32     -8.9601
43.34     -5.12462
43.36     -0.68549
43.38     4.42434
43.4     10.0226
43.42     15.4638
43.44     19.9035
43.46     22.7458
43.48     23.9333
43.5     23.8306
43.52     22.9101
43.54     21.5167
43.56     19.6294
43.58     16.9089
43.6     13.0852
43.62     8.1417
43.64     2.28449
43.66     -4.1166
43.68     -10.5659
43.7     -16.5358
43.72     -21.6131
43.74     -25.5033
43.76     -27.8154
43.78     -28.1272
43.8     -26.3753
43.82     -22.9914
43.84     -18.8017
43.86     -14.6762
43.88     -11.1008
43.9     -8.07296
43.92     -5.26745
43.94     -2.32575
43.96     0.750412
43.98     3.60201
44     5.9449
44.02     7.75494
44.04     9.20624
44.06     10.4607
44.08     11.4693
44.1     12.045
44.12     12.0252
44.14     11.3449
44.16     10.1605
44.18     8.83067
44.2     7.60037
44.22     6.36272
44.24     4.73134
44.26     2.36738
44.28     -0.669319
44.3     -3.83253
44.32     -6.33577
44.34     -7.56813
44.36     -7.52502
44.38     -6.78742
44.4     -6.03417
44.42     -5.69059
44.44     -5.84568
44.46     -6.39787
44.48     -7.26322
44.5     -8.37046
44.52     -9.53609
44.54     -10.4327
44.56     -10.5362
44.58     -9.30262
44.6     -6.6127
44.62     -2.89802
44.64     1.07278
44.66     4.54507
44.68     7.11643
44.7     8.85548
44.72     10.1637
44.74     11.4501
44.76     12.678
44.78     13.322
44.8     12.8416
44.82     10.9775
44.84     7.77181
44.86     3.45045
44.88     -1.74131
44.9     -7.55268
44.92     -13.6496
44.94     -19.5824
44.96     -24.6938
44.98     -28.2827
45     -30.0612
45.02     -30.3197
45.04     -29.7551
45.06     -29.0492
45.08     -28.4213
45.1     -27.5454
45.12     -25.8284
45.14     -22.7923
45.16     -18.444
45.18     -13.2613
45.2     -7.82402
45.22     -2.61689
45.24     2.05606
45.26     6.04176
45.28     9.18009
45.3     11.2743
45.32     12.2356
45.34     12.2633
45.36     11.9426
45.38     11.9518
45.4     12.5303
45.42     13.2876
45.44     13.4148
45.46     12.1393
45.48     9.12531
45.5     4.56924
45.52     -0.922803
45.54     -6.57315
45.56     -11.8364
45.58     -16.5207
45.6     -20.4889
45.62     -23.5319
45.64     -25.5019
45.66     -26.4409
45.68     -26.5514
45.7     -26.0349
45.72     -24.9417
45.74     -23.1318
45.76     -20.2169
45.78     -15.7078
45.8     -9.4365
45.82     -1.75947
45.84     6.49423
45.86     14.2811
45.88     20.7495
45.9     25.4981
45.92     28.6234
45.94     30.6047
45.96     31.8422
45.98     32.3247
46     31.8077
46.02     30.106
46.04     27.3136
46.06     23.7394
46.08     19.6217
46.1     14.9567
46.12     9.52991
46.14     3.12011
46.16     -4.10851
46.18     -11.5299
46.2     -18.4356
46.22     -24.297
46.24     -28.8709
46.26     -32.2404
46.28     -34.7341
46.3     -36.6708
46.32     -38.0375
46.34     -38.3838
46.36     -37.1502
46.38     -34.079
46.4     -29.3177
46.42     -23.2534
46.44     -16.195
46.46     -8.19463
46.48     0.789714
46.5     10.5268
46.52     20.2639
46.54     28.8271
46.56     35.2133
46.58     39.1072
46.6     40.7824
46.62     40.7443
46.64     39.3051
46.66     36.3394
46.68     31.5128
46.7     24.8569
46.72     17.2612
46.74     10.2297
46.76     4.86812
46.78     1.19554
46.8     -1.56871
46.82     -4.29615
46.84     -7.35051
46.86     -10.4291
46.88     -12.8833
46.9     -14.1726
46.92     -14.213
46.94     -13.4721
46.96     -12.516
46.98     -11.5241
47     -10.2758
47.02     -8.42618
47.04     -5.99614
47.06     -3.56423
47.08     -1.87105
47.1     -1.23633
47.12     -1.24634
47.14     -0.970031
47.16     0.308134
47.18     2.57351
47.2     5.2223
47.22     7.47756
47.24     8.88211
47.26     9.50619
47.28     9.6908
47.3     9.66366
47.32     9.3297
47.34     8.35242
47.36     6.62807
47.38     4.587
47.4     2.90455
47.42     2.05117
47.44     1.95252
47.46     2.0766
47.48     1.94482
47.5     1.57712
47.52     1.52582
47.54     2.44949
47.56     4.44508
47.58     6.91429
47.6     9.13127
47.62     10.7465
47.64     11.9175
47.66     13.029
47.68     14.2766
47.7     15.5244
47.72     16.4373
47.74     16.7325
47.76     16.4498
47.78     15.9109
47.8     15.3383
47.82     14.5793
47.84     13.1632
47.86     10.6363
47.88     6.90912
47.9     2.36382
47.92     -2.29903
47.94     -6.35312
47.96     -9.45506
47.98     -11.7291
48     -13.3562
48.02     -14.2606
48.04     -14.1081
48.06     -12.5397
48.08     -9.47027
48.1     -5.18488
48.12     -0.18979
48.14     5.03596
48.16     10.3227
48.18     15.7244
48.2     21.0473
48.22     25.6889
48.24     28.8845
48.26     30.0804
48.28     29.1921
48.3     26.5637
48.32     22.7427
48.34     18.3033
48.36     13.6107
48.38     8.73976
48.4     3.73622
48.42     -1.2194
48.44     -5.83049
48.46     -9.79458
48.48     -12.9561
48.5     -15.3604
48.52     -17.1816
48.54     -18.5507
48.56     -19.2443
48.58     -18.7043
48.6     -16.5473
48.62     -12.8787
48.64     -8.18928
48.66     -3.04373
48.68     2.1757
48.7     7.27007
48.72     12.0881
48.74     16.4199
48.76     19.8361
48.78     21.8017
48.8     22.113
48.82     21.0642
48.84     19.3057
48.86     17.5314
48.88     16.1716
48.9     15.322
48.92     14.8424
48.94     14.4757
48.96     14.0607
48.98     13.5779
49     12.9141
49.02     11.7874
49.04     9.87717
49.06     7.03444
49.08     3.44961
49.1     -0.390801
49.12     -3.90039
49.14     -6.60087
49.16     -8.33253
49.18     -9.25895
49.2     -9.59624
49.22     -9.36683
49.24     -8.36448
49.26     -6.32845
49.28     -3.16277
49.3     0.953804
49.32     5.57966
49.34     10.1391
49.36     14.2806
49.38     18.0024
49.4     21.3092
49.42     23.9776
49.44     25.6316
49.46     26.0208
49.48     25.272
49.5     23.8698
49.52     22.4087
49.54     21.291
49.56     20.4183
49.58     19.2778
49.6     17.4735
49.62     15.0218
49.64     12.2727
49.66     9.67312
49.68     7.55089
49.7     6.06931
49.72     5.28583
49.74     5.20679
49.76     5.92709
49.78     7.5543
49.8     9.87319
49.82     12.2983
49.84     14.0848
49.86     14.5976
49.88     13.5504
49.9     11.07
49.92     7.5922
49.94     3.66389
49.96     -0.395534
49.98     -4.56417
50     -8.7479
50.02     -12.5649
50.04     -15.4414
50.06     -16.8732
50.08     -16.6682
50.1     -14.952
50.12     -12.0002
50.14     -8.07977
50.16     -3.26201
50.18     2.49476
50.2     8.95523
50.22     15.5062
50.24     21.3741
50.26     25.9216
50.28     28.8636
50.3     30.2718
50.32     30.4401
50.34     29.736
50.36     28.3326
50.38     26.16
50.4     23.2243
50.42     19.7282
50.44     15.9541
50.46     12.1178
50.48     8.27462
50.5     4.33431
50.52     0.130941
50.54     -4.46805
50.56     -9.31705
50.58     -14.0082
50.6     -18.2061
50.62     -21.7884
50.64     -24.8088
50.66     -27.3115
50.68     -29.1536
50.7     -30.0436
50.72     -29.5993
50.74     -27.4014
50.76     -23.2308
50.78     -17.2519
50.8     -9.95094
50.82     -1.99238
50.84     5.92312
50.86     13.1517
50.88     19.144
50.9     23.4738
50.92     25.8493
50.94     26.1424
50.96     24.6215
50.98     21.9734
51     18.8594
51.02     15.5736
51.04     12.0156
51.06     7.92389
51.08     3.20867
51.1     -1.9063
51.12     -6.9717
51.14     -11.5144
51.16     -15.3072
51.18     -18.3706
51.2     -20.6807
51.22     -22.0273
51.24     -22.0881
51.26     -20.6312
51.28     -17.7263
51.3     -13.8006
51.32     -9.51406
51.34     -5.52247
51.36     -2.12641
51.38     0.763967
51.4     3.23999
51.42     5.18134
51.44     6.31939
51.46     6.44808
51.48     5.64296
51.5     4.26573
51.52     2.78841
51.54     1.58234
51.56     0.644722
51.58     -0.367212
51.6     -1.71832
51.62     -3.37799
51.64     -5.08904
51.66     -6.58537
51.68     -7.79821
51.7     -8.84657
51.72     -9.87031
51.74     -10.8758
51.76     -11.5432
51.78     -11.3103
51.8     -9.82879
51.82     -7.21649
51.84     -3.98209
51.86     -0.731824
51.88     2.14164
51.9     4.51822
51.92     6.42254
51.94     7.88257
51.96     8.73819
51.98     8.70841
52     7.74571
52.02     6.11963
52.04     4.23233
52.06     2.38444
52.08     0.607923
52.1     -1.30327
52.12     -3.61178
52.14     -6.44431
52.16     -9.55441
52.18     -12.3887
52.2     -14.4929
52.22     -15.7232
52.24     -16.251
52.26     -16.3628
52.28     -16.1719
52.3     -15.5648
52.32     -14.347
52.34     -12.4032
52.36     -9.85752
52.38     -7.04593
52.4     -4.25759
52.42     -1.56615
52.44     1.11175
52.46     3.8075
52.48     6.32864
52.5     8.26607
52.52     9.14768
52.54     8.63468
52.56     6.81886
52.58     4.2282
52.6     1.38941
52.62     -1.46763
52.64     -4.41103
52.66     -7.60416
52.68     -11.0281
52.7     -14.3792
52.72     -17.1926
52.74     -19.0613
52.76     -19.8751
52.78     -19.8093
52.8     -19.008
52.82     -17.3558
52.84     -14.5632
52.86     -10.4839
52.88     -5.36741
52.9     0.172683
52.92     5.40908
52.94     9.76659
52.96     13.0962
52.98     15.6312
53     17.5756
53.02     18.8918
53.04     19.3648
53.06     18.7923
53.08     17.1625
53.1     14.669
53.12     11.6012
53.14     8.22566
53.16     4.59024
53.18     0.563062
53.2     -3.80512
53.22     -8.15241
53.24     -11.961
53.26     -14.8172
53.28     -16.6332
53.3     -17.6514
53.32     -18.2804
53.34     -18.8805
53.36     -19.4592
53.38     -19.6573
53.4     -19.1373
53.42     -17.7969
53.44     -15.7253
53.46     -13.0622
53.48     -9.86508
53.5     -6.10897
53.52     -1.78762
53.54     2.97209
53.56     7.71256
53.58     11.721
53.6     14.4467
53.62     15.7177
53.64     15.7302
53.66     14.8442
53.68     13.2892
53.7     11.0386
53.72     7.8849
53.74     3.64636
53.76     -1.49606
53.78     -6.98374
53.8     -12.2763
53.82     -17.0894
53.84     -21.415
53.86     -25.3257
53.88     -28.6958
53.9     -31.1723
53.92     -32.3647
53.94     -32.0462
53.96     -30.3444
53.98     -27.6671
54     -24.3564
54.02     -20.5141
54.04     -16.0635
54.06     -10.9456
54.08     -5.29786
54.1     0.526692
54.12     6.05053
54.14     10.8092
54.16     14.6197
54.18     17.6157
54.2     19.9092
54.22     21.4065
54.24     21.8725
54.26     21.1243
54.28     19.2263
54.3     16.5013
54.32     13.3814
54.34     10.2235
54.36     7.05196
54.38     3.58761
54.4     -0.329975
54.42     -4.5217
54.44     -8.55956
54.46     -12.0025
54.48     -14.6279
54.5     -16.4782
54.52     -17.7391
54.54     -18.5623
54.56     -18.8248
54.58     -18.1837
54.6     -16.4826
54.62     -13.9103
54.64     -10.8482
54.66     -7.6296
54.68     -4.37929
54.7     -1.05564
54.72     2.41476
54.74     6.02144
54.76     9.45951
54.78     12.1629
54.8     13.6792
54.82     13.8802
54.84     12.9818
54.86     11.3726
54.88     9.33371
54.9     6.92872
54.92     4.0899
54.94     0.783902
54.96     -2.73603
54.98     -5.97284
55     -8.56594
55.02     -10.4666
55.04     -11.9002
55.06     -13.1492
55.08     -14.2659
55.1     -14.9894
55.12     -14.8896
55.14     -13.6381
55.16     -11.3113
55.18     -8.38901
55.2     -5.38375
55.22     -2.51835
55.24     0.305424
55.26     3.27106
55.28     6.38077
55.3     9.38831
55.32     11.9386
55.34     13.7743
55.36     14.9993
55.38     16.0227
55.4     17.1096
55.42     18.1569
55.44     18.8091
55.46     18.74
55.48     17.9153
55.5     16.6239
55.52     15.3032
55.54     14.3069
55.56     13.6121
55.58     12.8428
55.6     11.6947
55.62     10.1622
55.64     8.4655
55.66     6.83595
55.68     5.3115
55.7     3.73671
55.72     1.91804
55.74     -0.208062
55.76     -2.36398
55.78     -4.0252
55.8     -4.87883
55.82     -5.02626
55.84     -4.84276
55.86     -4.69197
55.88     -4.68466
55.9     -4.66988
55.92     -4.38554
55.94     -3.61959
55.96     -2.44555
55.98     -1.20357
56     -0.128332
56.02     0.810426
56.04     1.79558
56.06     2.95854
56.08     4.21134
56.1     5.27089
56.12     5.81955
56.14     5.675
56.16     4.97192
56.18     4.12517
56.2     3.51318
56.22     3.23074
56.24     3.09468
56.26     2.86223
56.28     2.45754
56.3     2.02367
56.32     1.81105
56.34     2.00334
56.36     2.45898
56.38     2.74833
56.4     2.56779
56.42     1.94356
56.44     1.13662
56.46     0.411493
56.48     -0.176932
56.5     -0.802526
56.52     -1.73724
56.54     -3.18531
56.56     -5.02906
56.58     -6.8454
56.6     -8.30475
56.62     -9.37832
56.64     -10.2595
56.66     -11.1484
56.68     -12.0389
56.7     -12.7025
56.72     -12.8385
56.74     -12.257
56.76     -11.0666
56.78     -9.62392
56.8     -8.23281
56.82     -6.93767
56.84     -5.54301
56.86     -3.81801
56.88     -1.71714
56.9     0.559397
56.92     2.66589
56.94     4.27723
56.96     5.36909
56.98     6.23082
57     7.0729
57.02     7.79732
57.04     8.06517
57.06     7.53458
57.08     6.11037
57.1     4.00055
57.12     1.59079
57.14     -0.747303
57.16     -2.94359
57.18     -5.23189
57.2     -7.74594
57.22     -10.3025
57.24     -12.4929
57.26     -13.9235
57.28     -14.4402
57.3     -14.1553
57.32     -13.3105
57.34     -12.098
57.36     -10.4127
57.38     -7.89217
57.4     -4.34493
57.42     0.0257975
57.44     4.71669
57.46     9.1873
57.48     13.1275
57.5     16.5145
57.52     19.482
57.54     22.1409
57.56     24.3233
57.58     25.6154
57.6     25.7314
57.62     24.6741
57.64     22.6704
57.66     19.9719
57.68     16.6479
57.7     12.5796
57.72     7.60607
57.74     1.7138
57.76     -4.69784
57.78     -10.8674
57.8     -16.1041
57.82     -20.0423
57.84     -22.6792
57.86     -24.2068
57.88     -24.7418
57.9     -24.2296
57.92     -22.5281
57.94     -19.5838
57.96     -15.6537
57.98     -11.2733
58     -6.91826
58.02     -2.74857
58.04     1.35436
58.06     5.51269
58.08     9.59071
58.1     13.1585
58.12     15.6648
58.14     16.6916
58.16     16.2821
58.18     14.933
58.2     13.1419
58.22     11.1226
58.24     8.81592
58.26     6.07753
58.28     2.91916
58.3     -0.425438
58.32     -3.61302
58.34     -6.3553
58.36     -8.61073
58.38     -10.5497
58.4     -12.2453
58.42     -13.4776
58.44     -13.8311
58.46     -12.9874
58.48     -10.9787
58.5     -8.22534
58.52     -5.35813
58.54     -2.93517
58.56     -1.07443
58.58     0.569999
58.6     2.37093
58.62     4.42368
58.64     6.53263
58.66     8.39815
58.68     9.842
58.7     10.8515
58.72     11.4781
58.74     11.7235
58.76     11.351
58.78     9.95531
58.8     7.38887
58.82     3.95105
58.84     0.238356
58.86     -3.16791
58.88     -5.99546
58.9     -8.32832
58.92     -10.432
58.94     -12.5249
58.96     -14.4864
58.98     -15.8557
59     -16.2166
59.02     -15.4121
59.04     -13.5232
59.06     -10.7484
59.08     -7.25791
59.1     -3.15837
59.12     1.44516
59.14     6.35138
59.16     11.06
59.18     14.8515
59.2     17.2266
59.22     18.135
59.24     17.9307
59.26     17.0913
59.28     15.8645
59.3     14.1665
59.32     11.7264
59.34     8.32598
59.36     4.1206
59.38     -0.363573
59.4     -4.62436
59.42     -8.40381
59.44     -11.6895
59.46     -14.5373
59.48     -16.8431
59.5     -18.3257
59.52     -18.6862
59.54     -17.8153
59.56     -15.9912
59.58     -13.7965
59.6     -11.7221
59.62     -9.86578
59.64     -7.94163
59.66     -5.55745
59.68     -2.54538
59.7     0.894873
59.72     4.30167
59.74     7.19922
59.76     9.45228
59.78     11.2805
59.8     12.8339
59.82     13.9709
59.84     14.372
59.86     13.8098
59.88     12.3691
59.9     10.4162
59.92     8.39655
59.94     6.63165
59.96     5.0705
59.98     3.32842
60     1.11311
