TIME/STEP     RF_deform_x
0     0
0.02     5.87481e-05
0.04     0.000293446
0.06     0.000497648
0.08     -0.000884272
0.1     -0.00486769
0.12     -0.00987582
0.14     -0.014631
0.16     -0.0200007
0.18     -0.027469
0.2     -0.0372346
0.22     -0.0479767
0.24     -0.0590743
0.26     -0.0712667
0.28     -0.0837396
0.3     -0.0952804
0.32     -0.105646
0.34     -0.113191
0.36     -0.116292
0.38     -0.116935
0.4     -0.119925
0.42     -0.124791
0.44     -0.124787
0.46     -0.118276
0.48     -0.110067
0.5     -0.102368
0.52     -0.0928023
0.54     -0.0793097
0.56     -0.0645178
0.58     -0.0515176
0.6     -0.0404878
0.62     -0.0312535
0.64     -0.0242982
0.66     -0.02175
0.68     -0.0248379
0.7     -0.0318258
0.72     -0.0392502
0.74     -0.0448781
0.76     -0.0502261
0.78     -0.0549858
0.8     -0.0530421
0.82     -0.0389919
0.84     -0.0127758
0.86     0.0238099
0.88     0.0682101
0.9     0.116108
0.92     0.165978
0.94     0.216142
0.96     0.260495
0.98     0.293911
1     0.313079
1.02     0.316713
1.04     0.30532
1.06     0.274903
1.08     0.220852
1.1     0.147802
1.12     0.0634407
1.14     -0.0273829
1.16     -0.118514
1.18     -0.205942
1.2     -0.292862
1.22     -0.384036
1.24     -0.477826
1.26     -0.563039
1.28     -0.627429
1.3     -0.674843
1.32     -0.715243
1.34     -0.744679
1.36     -0.757096
1.38     -0.753866
1.4     -0.733676
1.42     -0.69098
1.44     -0.618943
1.46     -0.516989
1.48     -0.394115
1.5     -0.25882
1.52     -0.118222
1.54     0.0207169
1.56     0.153724
1.58     0.277222
1.6     0.387547
1.62     0.479417
1.64     0.540968
1.66     0.562859
1.68     0.552351
1.7     0.522335
1.72     0.473408
1.74     0.401233
1.76     0.313297
1.78     0.221806
1.8     0.130555
1.82     0.0404076
1.84     -0.0448601
1.86     -0.117249
1.88     -0.171067
1.9     -0.209383
1.92     -0.230863
1.94     -0.230056
1.96     -0.212411
1.98     -0.188046
2     -0.161152
2.02     -0.13212
2.04     -0.101554
2.06     -0.0755658
2.08     -0.0638651
2.1     -0.0657629
2.12     -0.0724765
2.14     -0.0831405
2.16     -0.106168
2.18     -0.148527
2.2     -0.198753
2.22     -0.241179
2.24     -0.283539
2.26     -0.330376
2.28     -0.367789
2.3     -0.386072
2.32     -0.384142
2.34     -0.366519
2.36     -0.334215
2.38     -0.277228
2.4     -0.197415
2.42     -0.118026
2.44     -0.0576355
2.46     -0.0212035
2.48     -0.00733399
2.5     -0.00918453
2.52     -0.0231325
2.54     -0.0583773
2.56     -0.12661
2.58     -0.227987
2.6     -0.352456
2.62     -0.48823
2.64     -0.627313
2.66     -0.755008
2.68     -0.850336
2.7     -0.905675
2.72     -0.921884
2.74     -0.907261
2.76     -0.879737
2.78     -0.841528
2.8     -0.774706
2.82     -0.65996
2.84     -0.494087
2.86     -0.29841
2.88     -0.105423
2.9     0.0568457
2.92     0.17921
2.94     0.27341
2.96     0.348727
2.98     0.39615
3     0.401562
3.02     0.366861
3.04     0.298051
3.06     0.180928
3.08     0.00313866
3.1     -0.205927
3.12     -0.398673
3.14     -0.559082
3.16     -0.693916
3.18     -0.800482
3.2     -0.857595
3.22     -0.840274
3.24     -0.754578
3.26     -0.624749
3.28     -0.451388
3.3     -0.246447
3.32     -0.0523961
3.34     0.100595
3.36     0.198375
3.38     0.239014
3.4     0.233285
3.42     0.171694
3.44     0.0299514
3.46     -0.186761
3.48     -0.444625
3.5     -0.704394
3.52     -0.927802
3.54     -1.08262
3.56     -1.1545
3.58     -1.15663
3.6     -1.1013
3.62     -0.971959
3.64     -0.760902
3.66     -0.499793
3.68     -0.2273
3.7     0.0282655
3.72     0.231809
3.74     0.348539
3.76     0.352838
3.78     0.247242
3.8     0.0907779
3.82     -0.0678651
3.84     -0.251159
3.86     -0.480953
3.88     -0.739596
3.9     -0.996636
3.92     -1.20416
3.94     -1.3178
3.96     -1.3247
3.98     -1.23001
4     -1.06875
4.02     -0.907147
4.04     -0.77795
4.06     -0.656827
4.08     -0.508426
4.1     -0.315779
4.12     -0.0952391
4.14     0.10679
4.16     0.250098
4.18     0.314283
4.2     0.305991
4.22     0.26566
4.24     0.242528
4.26     0.252487
4.28     0.252641
4.3     0.185295
4.32     0.0317012
4.34     -0.189813
4.36     -0.447282
4.38     -0.719119
4.4     -0.98397
4.42     -1.2021
4.44     -1.35536
4.46     -1.4875
4.48     -1.65649
4.5     -1.85006
4.52     -1.98592
4.54     -2.00445
4.56     -1.92249
4.58     -1.7855
4.6     -1.62038
4.62     -1.4491
4.64     -1.31372
4.66     -1.24529
4.68     -1.20703
4.7     -1.12351
4.72     -0.966727
4.74     -0.773449
4.76     -0.582577
4.78     -0.400882
4.8     -0.22614
4.82     -0.0463499
4.84     0.160438
4.86     0.399429
4.88     0.646024
4.9     0.85218
4.92     0.991288
4.94     1.07894
4.96     1.13154
4.98     1.15852
5     1.18226
5.02     1.21615
5.04     1.24811
5.06     1.25656
5.08     1.24569
5.1     1.28676
5.12     1.45198
5.14     1.70358
5.16     1.93947
5.18     2.10586
5.2     2.20164
5.22     2.22317
5.24     2.14978
5.26     1.9649
5.28     1.70243
5.3     1.42893
5.32     1.14573
5.34     0.799491
5.36     0.365089
5.38     -0.126452
5.4     -0.599705
5.42     -0.971563
5.44     -1.18272
5.46     -1.22549
5.48     -1.1526
5.5     -1.05232
5.52     -1.00227
5.54     -1.0155
5.56     -1.04749
5.58     -1.06658
5.6     -1.09147
5.62     -1.14835
5.64     -1.24201
5.66     -1.38335
5.68     -1.5687
5.7     -1.74752
5.72     -1.86385
5.74     -1.90359
5.76     -1.87864
5.78     -1.78131
5.8     -1.58764
5.82     -1.30197
5.84     -0.965006
5.86     -0.623616
5.88     -0.314842
5.9     -0.0526883
5.92     0.182635
5.94     0.412404
5.96     0.62436
5.98     0.810912
6     1.00527
6.02     1.21605
6.04     1.39343
6.06     1.496
6.08     1.51966
6.1     1.48716
6.12     1.45137
6.14     1.45033
6.16     1.45172
6.18     1.38681
6.2     1.21196
6.22     0.930626
6.24     0.589844
6.26     0.243093
6.28     -0.0716383
6.3     -0.307255
6.32     -0.417975
6.34     -0.403907
6.36     -0.298553
6.38     -0.128574
6.4     0.0938454
6.42     0.36759
6.44     0.680205
6.46     0.982093
6.48     1.23098
6.5     1.43198
6.52     1.57807
6.54     1.6169
6.56     1.51576
6.58     1.3096
6.6     1.07138
6.62     0.84964
6.64     0.656932
6.66     0.523811
6.68     0.49199
6.7     0.540498
6.72     0.610385
6.74     0.67464
6.76     0.727012
6.78     0.763497
6.8     0.785783
6.82     0.780679
6.84     0.692215
6.86     0.448617
6.88     0.0234707
6.9     -0.541112
6.92     -1.14053
6.94     -1.66888
6.96     -2.0982
6.98     -2.45235
7     -2.73473
7.02     -2.92023
7.04     -2.98294
7.06     -2.9093
7.08     -2.69741
7.1     -2.35818
7.12     -1.93544
7.14     -1.50787
7.16     -1.13574
7.18     -0.828198
7.2     -0.578755
7.22     -0.391241
7.24     -0.257655
7.26     -0.166433
7.28     -0.142387
7.3     -0.221293
7.32     -0.378736
7.34     -0.532283
7.36     -0.625905
7.38     -0.676144
7.4     -0.722663
7.42     -0.763359
7.44     -0.771973
7.46     -0.751923
7.48     -0.714276
7.5     -0.61823
7.52     -0.398487
7.54     -0.0531451
7.56     0.349928
7.58     0.763768
7.6     1.20356
7.62     1.68041
7.64     2.1475
7.66     2.53964
7.68     2.85064
7.7     3.1208
7.72     3.33683
7.74     3.41704
7.76     3.31036
7.78     3.04509
7.8     2.68333
7.82     2.29448
7.84     1.96321
7.86     1.73987
7.88     1.58937
7.9     1.45496
7.92     1.34459
7.94     1.30796
7.96     1.35427
7.98     1.43786
8     1.50124
8.02     1.48598
8.04     1.32932
8.06     0.986522
8.08     0.459501
8.1     -0.198287
8.12     -0.917241
8.14     -1.66008
8.16     -2.40878
8.18     -3.1118
8.2     -3.69927
8.22     -4.10937
8.24     -4.28773
8.26     -4.20917
8.28     -3.89412
8.3     -3.42403
8.32     -2.92415
8.34     -2.47788
8.36     -2.0812
8.38     -1.72081
8.4     -1.44238
8.42     -1.30433
8.44     -1.33696
8.46     -1.55761
8.48     -1.96403
8.5     -2.49144
8.52     -3.00599
8.54     -3.38176
8.56     -3.57366
8.58     -3.60735
8.6     -3.53035
8.62     -3.37667
8.64     -3.15516
8.66     -2.86491
8.68     -2.51854
8.7     -2.12409
8.72     -1.68165
8.74     -1.22835
8.76     -0.821608
8.78     -0.477903
8.8     -0.162552
8.82     0.173559
8.84     0.562365
8.86     1.01869
8.88     1.54507
8.9     2.12989
8.92     2.75906
8.94     3.41058
8.96     4.01854
8.98     4.4721
9     4.68173
9.02     4.66657
9.04     4.54527
9.06     4.40265
9.08     4.21781
9.1     3.9487
9.12     3.62058
9.14     3.30742
9.16     3.06498
9.18     2.91587
9.2     2.90647
9.22     3.12061
9.24     3.59749
9.26     4.25846
9.28     4.93507
9.3     5.50066
9.32     5.95252
9.34     6.33298
9.36     6.61634
9.38     6.70454
9.4     6.53624
9.42     6.18738
9.44     5.8041
9.46     5.43111
9.48     4.97239
9.5     4.32311
9.52     3.51139
9.54     2.68606
9.56     1.95336
9.58     1.28612
9.6     0.617738
9.62     -0.0590682
9.64     -0.761253
9.66     -1.61013
9.68     -2.718
9.7     -4.00098
9.72     -5.18586
9.74     -6.03093
9.76     -6.54056
9.78     -6.88334
9.8     -7.12759
9.82     -7.15282
9.84     -6.79831
9.86     -6.0632
9.88     -5.10538
9.9     -4.0426
9.92     -2.8624
9.94     -1.55522
9.96     -0.252452
9.98     0.831437
10     1.56443
10.02     1.95748
10.04     2.08914
10.06     2.02535
10.08     1.81667
10.1     1.51337
10.12     1.16887
10.14     0.847493
10.16     0.596711
10.18     0.44666
10.2     0.453884
10.22     0.653875
10.24     0.984219
10.26     1.33961
10.28     1.65932
10.3     1.93612
10.32     2.22194
10.34     2.5902
10.36     3.04282
10.38     3.49513
10.4     3.82119
10.42     3.93757
10.44     3.89641
10.46     3.85733
10.48     3.99137
10.5     4.42793
10.52     5.17766
10.54     6.07365
10.56     6.87157
10.58     7.37353
10.6     7.49904
10.62     7.34517
10.64     7.08905
10.66     6.81592
10.68     6.49116
10.7     6.00529
10.72     5.24371
10.74     4.19719
10.76     2.98235
10.78     1.76949
10.8     0.738108
10.82     -0.0212108
10.84     -0.613567
10.86     -1.25693
10.88     -2.12352
10.9     -3.24027
10.92     -4.48208
10.94     -5.68429
10.96     -6.75478
10.98     -7.69119
11     -8.49883
11.02     -9.13103
11.04     -9.54604
11.06     -9.70712
11.08     -9.52083
11.1     -8.89281
11.12     -7.81127
11.14     -6.36127
11.16     -4.73418
11.18     -3.17207
11.2     -1.82337
11.22     -0.711156
11.24     0.175723
11.26     0.814723
11.28     1.11583
11.3     0.982492
11.32     0.42507
11.34     -0.396193
11.36     -1.19569
11.38     -1.66226
11.4     -1.57635
11.42     -0.85763
11.44     0.431438
11.46     2.08522
11.48     3.83482
11.5     5.46958
11.52     6.83379
11.54     7.77901
11.56     8.16003
11.58     7.8418
11.6     6.73187
11.62     4.83033
11.64     2.23174
11.66     -0.888588
11.68     -4.22755
11.7     -7.38162
11.72     -9.96926
11.74     -11.6918
11.76     -12.3627
11.78     -11.928
11.8     -10.458
11.82     -8.12075
11.84     -5.10285
11.86     -1.60867
11.88     2.03827
11.9     5.42732
11.92     8.24259
11.94     10.3577
11.96     11.7562
11.98     12.4238
12     12.3324
12.02     11.4993
12.04     10.0517
12.06     8.23726
12.08     6.37375
12.1     4.76453
12.12     3.5756
12.14     2.78765
12.16     2.32592
12.18     2.12327
12.2     2.10431
12.22     2.25241
12.24     2.5678
12.26     2.95621
12.28     3.22939
12.3     3.16154
12.32     2.62574
12.34     1.71252
12.36     0.611265
12.38     -0.594389
12.4     -1.94924
12.42     -3.53503
12.44     -5.40519
12.46     -7.54005
12.48     -9.82565
12.5     -12.0456
12.52     -13.9152
12.54     -15.2208
12.56     -15.9041
12.58     -15.9942
12.6     -15.5654
12.62     -14.7383
12.64     -13.5953
12.66     -12.0769
12.68     -10.0583
12.7     -7.55186
12.72     -4.80943
12.74     -2.24264
12.76     -0.220218
12.78     1.08813
12.8     1.72814
12.82     1.85278
12.84     1.60476
12.86     1.09506
12.88     0.38003
12.9     -0.577221
12.92     -1.84336
12.94     -3.37224
12.96     -4.95673
12.98     -6.31609
13     -7.18327
13.02     -7.4065
13.04     -7.09248
13.06     -6.5862
13.08     -6.20056
13.1     -5.96149
13.12     -5.64729
13.14     -5.02958
13.16     -4.02633
13.18     -2.69906
13.2     -1.20628
13.22     0.282632
13.24     1.66986
13.26     2.90294
13.28     3.94284
13.3     4.81764
13.32     5.5775
13.34     6.15234
13.36     6.38636
13.38     6.14407
13.4     5.37136
13.42     4.19923
13.44     2.91518
13.46     1.79836
13.48     1.02069
13.5     0.581679
13.52     0.33287
13.54     0.161647
13.56     0.0727514
13.58     0.0949744
13.6     0.219872
13.62     0.41122
13.64     0.657121
13.66     0.962212
13.68     1.21315
13.7     1.17549
13.72     0.722076
13.74     0.000934185
13.76     -0.681162
13.78     -1.12259
13.8     -1.29184
13.82     -1.16526
13.84     -0.658725
13.86     0.251814
13.88     1.43779
13.9     2.67125
13.92     3.78266
13.94     4.7761
13.96     5.76866
13.98     6.82314
14     7.81685
14.02     8.45763
14.04     8.50948
14.06     8.01581
14.08     7.23993
14.1     6.43701
14.12     5.71941
14.14     5.06996
14.16     4.41174
14.18     3.66517
14.2     2.74363
14.22     1.53776
14.24     -0.0129744
14.26     -1.89478
14.28     -4.10559
14.3     -6.71216
14.32     -9.81189
14.34     -13.4093
14.36     -17.3349
14.38     -21.2855
14.4     -24.9464
14.42     -28.1463
14.44     -30.8502
14.46     -32.9837
14.48     -34.3326
14.5     -34.641
14.52     -33.8179
14.54     -32.0011
14.56     -29.4275
14.58     -26.3319
14.6     -22.9461
14.62     -19.4803
14.64     -16.0312
14.66     -12.548
14.68     -8.93766
14.7     -5.18997
14.72     -1.40329
14.74     2.32664
14.76     6.02495
14.78     9.79076
14.8     13.6422
14.82     17.439
14.84     20.9807
14.86     24.1745
14.88     27.0515
14.9     29.6209
14.92     31.7667
14.94     33.2515
14.96     33.817
14.98     33.3732
15     32.1229
15.02     30.451
15.04     28.6523
15.06     26.7779
15.08     24.7364
15.1     22.4665
15.12     19.9382
15.14     17.0866
15.16     13.864
15.18     10.3135
15.2     6.50068
15.22     2.36808
15.24     -2.23722
15.26     -7.40891
15.28     -13.1182
15.3     -19.2412
15.32     -25.6337
15.34     -32.1231
15.36     -38.3489
15.38     -43.7354
15.4     -47.7833
15.42     -50.374
15.44     -51.7439
15.46     -52.1965
15.48     -51.833
15.5     -50.5198
15.52     -48.111
15.54     -44.689
15.56     -40.5826
15.58     -36.2472
15.6     -32.1107
15.62     -28.4165
15.64     -25.1834
15.66     -22.2675
15.68     -19.4037
15.7     -16.264
15.72     -12.6212
15.74     -8.48567
15.76     -4.05514
15.78     0.500963
15.8     5.21597
15.82     10.2404
15.84     15.6291
15.86     21.258
15.88     26.8724
15.9     32.2048
15.92     37.0567
15.94     41.2332
15.96     44.5
15.98     46.716
16     47.9442
16.02     48.3856
16.04     48.2278
16.06     47.5396
16.08     46.294
16.1     44.486
16.12     42.1819
16.14     39.4317
16.16     36.2262
16.18     32.5759
16.2     28.5344
16.22     24.1136
16.24     19.2511
16.26     13.9258
16.28     8.24238
16.3     2.36212
16.32     -3.55526
16.34     -9.34334
16.36     -14.8433
16.38     -19.9318
16.4     -24.5315
16.42     -28.5769
16.44     -31.985
16.46     -34.714
16.48     -36.8094
16.5     -38.3292
16.52     -39.2365
16.54     -39.4182
16.56     -38.7952
16.58     -37.355
16.6     -35.082
16.62     -31.9265
16.64     -27.8775
16.66     -23.0099
16.68     -17.4375
16.7     -11.2497
16.72     -4.52568
16.74     2.5255
16.76     9.4972
16.78     15.982
16.8     21.7936
16.82     26.9006
16.84     31.208
16.86     34.4987
16.88     36.5908
16.9     37.5189
16.92     37.524
16.94     36.8509
16.96     35.6292
16.98     33.9439
17     31.8941
17.02     29.5641
17.04     26.9518
17.06     23.9705
17.08     20.586
17.1     16.8765
17.12     12.9098
17.14     8.63878
17.16     3.95793
17.18     -1.16784
17.2     -6.62263
17.22     -12.1905
17.24     -17.6935
17.26     -22.9966
17.28     -27.9156
17.3     -32.2176
17.32     -35.7175
17.34     -38.3544
17.36     -40.164
17.38     -41.2081
17.4     -41.4599
17.42     -40.7179
17.44     -38.7225
17.46     -35.3724
17.48     -30.82
17.5     -25.3517
17.52     -19.169
17.54     -12.3278
17.56     -4.87382
17.58     3.01192
17.6     11.0223
17.62     18.8385
17.64     26.1604
17.66     32.6851
17.68     38.1087
17.7     42.165
17.72     44.724
17.74     45.8065
17.76     45.5226
17.78     44.0763
17.8     41.7692
17.82     38.9571
17.84     35.9936
17.86     33.1494
17.88     30.5715
17.9     28.3607
17.92     26.6459
17.94     25.5217
17.96     24.9496
17.98     24.7449
18     24.671
18.02     24.5386
18.04     24.1652
18.06     23.3143
18.08     21.7656
18.1     19.4401
18.12     16.4722
18.14     13.1175
18.16     9.56182
18.18     5.90915
18.2     2.29076
18.22     -1.20209
18.24     -4.65443
18.26     -8.23211
18.28     -11.9572
18.3     -15.6462
18.32     -19.0282
18.34     -21.9162
18.36     -24.3121
18.38     -26.357
18.4     -28.2006
18.42     -29.8856
18.44     -31.2589
18.46     -31.9917
18.48     -31.7612
18.5     -30.4642
18.52     -28.2489
18.54     -25.3262
18.56     -21.7858
18.58     -17.6426
18.6     -12.9866
18.62     -8.01716
18.64     -3.00381
18.66     1.81785
18.68     6.32691
18.7     10.4445
18.72     14.0797
18.74     17.1479
18.76     19.5566
18.78     21.2489
18.8     22.293
18.82     22.8641
18.84     23.1553
18.86     23.309
18.88     23.3745
18.9     23.329
18.92     23.1659
18.94     22.9483
18.96     22.7947
18.98     22.8239
19     23.0701
19.02     23.4621
19.04     23.9171
19.06     24.4473
19.08     25.1249
19.1     25.9581
19.12     26.8647
19.14     27.7473
19.16     28.5666
19.18     29.3122
19.2     29.8882
19.22     30.1272
19.24     29.9255
19.26     29.2409
19.28     27.9707
19.3     25.9792
19.32     23.2686
19.34     19.9934
19.36     16.3251
19.38     12.3892
19.4     8.29154
19.42     4.15169
19.44     0.0788725
19.46     -3.87043
19.48     -7.68131
19.5     -11.3144
19.52     -14.6404
19.54     -17.5038
19.56     -19.8483
19.58     -21.7666
19.6     -23.4567
19.62     -25.0651
19.64     -26.5911
19.66     -27.9544
19.68     -29.0959
19.7     -30.0052
19.72     -30.6703
19.74     -31.0682
19.76     -31.219
19.78     -31.2183
19.8     -31.1954
19.82     -31.1517
19.84     -30.8714
19.86     -30.0865
19.88     -28.6998
19.9     -26.8167
19.92     -24.5891
19.94     -22.0801
19.96     -19.2506
19.98     -16.0318
20     -12.3743
20.02     -8.24079
20.04     -3.70091
20.06     0.976854
20.08     5.46237
20.1     9.62364
20.12     13.5949
20.14     17.5904
20.16     21.707
20.18     25.8745
20.2     29.9572
20.22     33.8547
20.24     37.5122
20.26     40.9168
20.28     44.1049
20.3     47.1432
20.32     50.0138
20.34     52.528
20.36     54.4321
20.38     55.5557
20.4     55.8318
20.42     55.2269
20.44     53.6857
20.46     51.144
20.48     47.5973
20.5     43.1406
20.52     37.874
20.54     31.7983
20.56     24.8965
20.58     17.2759
20.6     9.1638
20.62     0.764229
20.64     -7.81863
20.66     -16.5391
20.68     -25.3603
20.7     -34.1735
20.72     -42.7448
20.74     -50.7362
20.76     -57.782
20.78     -63.6443
20.8     -68.305
20.82     -71.8612
20.84     -74.3436
20.86     -75.6835
20.88     -75.8038
20.9     -74.6458
20.92     -72.1303
20.94     -68.1612
20.96     -62.7029
20.98     -55.829
21     -47.6554
21.02     -38.249
21.04     -27.6266
21.06     -15.7835
21.08     -2.69304
21.1     11.644
21.12     27.0678
21.14     43.1307
21.16     59.154
21.18     74.4563
21.2     88.5153
21.22     100.954
21.24     111.435
21.26     119.623
21.28     125.246
21.3     128.15
21.32     128.254
21.34     125.487
21.36     119.866
21.38     111.594
21.4     101.144
21.42     89.2835
21.44     76.8159
21.46     64.1965
21.48     51.4222
21.5     38.2504
21.52     24.535
21.54     10.3652
21.56     -4.1076
21.58     -18.8212
21.6     -33.7449
21.62     -48.7953
21.64     -63.8475
21.66     -78.8357
21.68     -93.7916
21.7     -108.625
21.72     -122.856
21.74     -135.718
21.76     -146.557
21.78     -155.078
21.8     -161.298
21.82     -165.364
21.84     -167.456
21.86     -167.788
21.88     -166.598
21.9     -164.079
21.92     -160.294
21.94     -155.13
21.96     -148.371
21.98     -139.899
22     -129.78
22.02     -118.144
22.04     -105.005
22.06     -90.1771
22.08     -73.355
22.1     -54.3729
22.12     -33.4344
22.14     -11.0762
22.16     12.0294
22.18     35.1636
22.2     57.5556
22.22     78.383
22.24     96.8134
22.26     112.143
22.28     123.967
22.3     132.223
22.32     137.111
22.34     139.013
22.36     138.44
22.38     135.925
22.4     131.925
22.42     126.882
22.44     121.252
22.46     115.398
22.48     109.512
22.5     103.579
22.52     97.379
22.54     90.5432
22.56     82.6501
22.58     73.3181
22.6     62.2148
22.62     49.091
22.64     33.823
22.66     16.4766
22.68     -2.5497
22.7     -22.5438
22.72     -42.7308
22.74     -62.5056
22.76     -81.4438
22.78     -99.1
22.8     -114.868
22.82     -128.125
22.84     -138.574
22.86     -146.421
22.88     -152.105
22.9     -155.954
22.92     -158.105
22.94     -158.58
22.96     -157.368
22.98     -154.473
23     -149.889
23.02     -143.509
23.04     -135.146
23.06     -124.685
23.08     -112.143
23.1     -97.624
23.12     -81.1984
23.14     -62.8557
23.16     -42.6908
23.18     -21.151
23.2     1.05422
23.22     23.2776
23.24     45.0295
23.26     65.7642
23.28     84.7588
23.3     101.322
23.32     115.035
23.34     125.765
23.36     133.497
23.38     138.141
23.4     139.53
23.42     137.653
23.44     132.752
23.46     125.115
23.48     114.909
23.5     102.275
23.52     87.5214
23.54     71.1485
23.56     53.6657
23.58     35.3507
23.6     16.2335
23.62     -3.64708
23.64     -24.0618
23.66     -44.6314
23.68     -64.9534
23.7     -84.7175
23.72     -103.729
23.74     -121.836
23.76     -138.828
23.78     -154.42
23.8     -168.329
23.82     -180.271
23.84     -189.891
23.86     -196.783
23.88     -200.621
23.9     -201.264
23.92     -198.785
23.94     -193.385
23.96     -185.264
23.98     -174.592
24     -161.632
24.02     -146.803
24.04     -130.598
24.06     -113.451
24.08     -95.6546
24.1     -77.3903
24.12     -58.7848
24.14     -39.9102
24.16     -20.8237
24.18     -1.59863
24.2     17.7103
24.22     37.0754
24.24     56.436
24.26     75.6276
24.28     94.3779
24.3     112.347
24.32     129.151
24.34     144.355
24.36     157.452
24.38     167.882
24.4     175.18
24.42     179.093
24.44     179.58
24.46     176.777
24.48     170.964
24.5     162.502
24.52     151.743
24.54     138.997
24.56     124.577
24.58     108.882
24.6     92.4275
24.62     75.7389
24.64     59.1857
24.66     42.9478
24.68     27.0625
24.7     11.4974
24.72     -3.75688
24.74     -18.6352
24.76     -33.0047
24.78     -46.6966
24.8     -59.5479
24.82     -71.4143
24.84     -82.1362
24.86     -91.5232
24.88     -99.4043
24.9     -105.683
24.92     -110.304
24.94     -113.155
24.96     -114.018
24.98     -112.688
25     -109.141
25.02     -103.581
25.04     -96.3562
25.06     -87.7907
25.08     -78.1263
25.1     -67.5608
25.12     -56.2857
25.14     -44.5217
25.16     -32.5197
25.18     -20.5073
25.2     -8.60892
25.22     3.1776
25.24     14.8967
25.26     26.5554
25.28     38.089
25.3     49.3889
25.32     60.4105
25.34     71.1653
25.36     81.5229
25.38     91.1042
25.4     99.4419
25.42     106.156
25.44     110.959
25.46     113.62
25.48     113.961
25.5     111.908
25.52     107.572
25.54     101.235
25.56     93.2325
25.58     83.829
25.6     73.2383
25.62     61.7906
25.64     49.97
25.66     38.2587
25.68     27.0093
25.7     16.4084
25.72     6.50138
25.74     -2.77678
25.76     -11.5784
25.78     -20.0585
25.8     -28.266
25.82     -36.0899
25.84     -43.2812
25.86     -49.5332
25.88     -54.5697
25.9     -58.2038
25.92     -60.336
25.94     -60.921
25.96     -59.9428
25.98     -57.3708
26     -53.1237
26.02     -47.1523
26.04     -39.6224
26.06     -30.9811
26.08     -21.8152
26.1     -12.6466
26.12     -3.83982
26.14     4.41358
26.16     12.0931
26.18     19.2645
26.2     25.9954
26.22     32.3595
26.24     38.4371
26.26     44.2807
26.28     49.9194
26.3     55.4078
26.32     60.8357
26.34     66.2856
26.36     71.7399
26.38     76.9563
26.4     81.481
26.42     84.8363
26.44     86.6989
26.46     86.9797
26.48     85.7673
26.5     83.1298
26.52     79.0213
26.54     73.3807
26.56     66.1993
26.58     57.5234
26.6     47.5111
26.62     36.4682
26.64     24.7598
26.66     12.6861
26.68     0.448958
26.7     -11.7542
26.72     -23.6495
26.74     -34.9681
26.76     -45.5419
26.78     -55.2245
26.8     -63.8116
26.82     -71.1031
26.84     -76.9677
26.86     -81.2914
26.88     -83.8875
26.9     -84.5742
26.92     -83.3863
26.94     -80.6528
26.96     -76.7387
26.98     -71.6549
27     -65.0862
27.02     -56.7927
27.04     -46.8246
27.06     -35.4335
27.08     -22.9101
27.1     -9.47871
27.12     4.72966
27.14     19.6486
27.16     35.1843
27.18     51.0779
27.2     66.7954
27.22     81.6104
27.24     94.8972
27.26     106.287
27.28     115.554
27.3     122.491
27.32     126.883
27.34     128.551
27.36     127.406
27.38     123.465
27.4     116.823
27.42     107.621
27.44     96.0324
27.46     82.3016
27.48     66.7457
27.5     49.7012
27.52     31.477
27.54     12.3407
27.56     -7.46156
27.58     -27.6515
27.6     -47.8849
27.62     -67.751
27.64     -86.7473
27.66     -104.223
27.68     -119.411
27.7     -131.602
27.72     -140.322
27.74     -145.375
27.76     -146.777
27.78     -144.624
27.8     -138.985
27.82     -129.94
27.84     -117.713
27.86     -102.726
27.88     -85.5599
27.9     -66.9187
27.92     -47.5462
27.94     -28.0607
27.96     -8.87348
27.98     9.77958
28     27.733
28.02     44.8035
28.04     60.8134
28.06     75.6405
28.08     89.1986
28.1     101.341
28.12     111.816
28.14     120.381
28.16     126.948
28.18     131.601
28.2     134.392
28.22     135.161
28.24     133.602
28.26     129.511
28.28     122.942
28.3     114.176
28.32     103.582
28.34     91.5054
28.36     78.2018
28.38     63.8942
28.4     48.868
28.42     33.4423
28.44     17.8847
28.46     2.37172
28.48     -12.9626
28.5     -27.8968
28.52     -42.0813
28.54     -55.1933
28.56     -67.1012
28.58     -77.8211
28.6     -87.3469
28.62     -95.5746
28.64     -102.372
28.66     -107.651
28.68     -111.353
28.7     -113.446
28.72     -113.921
28.74     -112.808
28.76     -110.206
28.78     -106.226
28.8     -100.892
28.82     -94.1372
28.84     -85.9306
28.86     -76.3855
28.88     -65.7053
28.9     -54.0557
28.92     -41.5472
28.94     -28.3154
28.96     -14.5645
28.98     -0.526276
29     13.5844
29.02     27.531
29.04     40.9723
29.06     53.4856
29.08     64.7179
29.1     74.4669
29.12     82.6506
29.14     89.2829
29.16     94.4624
29.18     98.3445
29.2     101.055
29.22     102.564
29.24     102.7
29.26     101.31
29.28     98.4008
29.3     94.1088
29.32     88.5066
29.34     81.4331
29.36     72.5665
29.38     61.618
29.4     48.5044
29.42     33.4569
29.44     16.9924
29.46     -0.253814
29.48     -17.7273
29.5     -35.0335
29.52     -51.8649
29.54     -67.8777
29.56     -82.637
29.58     -95.6589
29.6     -106.528
29.62     -115.074
29.64     -121.444
29.66     -126.003
29.68     -129.198
29.7     -131.405
29.72     -132.809
29.74     -133.461
29.76     -133.39
29.78     -132.584
29.8     -130.923
29.82     -128.174
29.84     -124.018
29.86     -118.143
29.88     -110.393
29.9     -100.805
29.92     -89.5407
29.94     -76.8071
29.96     -62.8279
29.98     -47.8631
30     -32.2599
30.02     -16.4594
30.04     -0.925624
30.06     13.969
30.08     27.9916
30.1     41.0054
30.12     52.9349
30.14     63.7364
30.16     73.3615
30.18     81.773
30.2     89.001
30.22     95.1195
30.24     100.122
30.26     103.864
30.28     106.137
30.3     106.761
30.32     105.636
30.34     102.746
30.36     98.1057
30.38     91.7052
30.4     83.5099
30.42     73.5349
30.44     61.9063
30.46     48.8465
30.48     34.6144
30.5     19.4746
30.52     3.6929
30.54     -12.4735
30.56     -28.7925
30.58     -45.1066
30.6     -61.3509
30.62     -77.4587
30.64     -93.2482
30.66     -108.404
30.68     -122.523
30.7     -135.167
30.72     -145.974
30.74     -154.753
30.76     -161.46
30.78     -166.122
30.8     -168.737
30.82     -169.2
30.84     -167.347
30.86     -163.12
30.88     -156.635
30.9     -148.068
30.92     -137.54
30.94     -125.165
30.96     -111.106
30.98     -95.5098
31     -78.4203
31.02     -59.8257
31.04     -39.8056
31.06     -18.6706
31.08     3.04856
31.1     24.7959
31.12     46.1821
31.14     67.0006
31.16     87.1256
31.18     106.418
31.2     124.679
31.22     141.616
31.24     156.767
31.26     169.552
31.28     179.561
31.3     186.731
31.32     191.258
31.34     193.421
31.36     193.377
31.38     191.063
31.4     186.286
31.42     178.952
31.44     169.188
31.46     157.322
31.48     143.81
31.5     129.096
31.52     113.421
31.54     96.8214
31.56     79.3225
31.58     61.0849
31.6     42.4436
31.62     23.9448
31.64     6.30294
31.66     -9.78228
31.68     -23.7819
31.7     -35.3772
31.72     -44.5468
31.74     -51.6604
31.76     -57.2583
31.78     -61.6335
31.8     -64.6854
31.82     -66.1482
31.84     -65.9358
31.86     -64.3409
31.88     -61.929
31.9     -59.1947
31.92     -56.2715
31.94     -52.8659
31.96     -48.4074
31.98     -42.3341
32     -34.3508
32.02     -24.527
32.04     -13.2169
32.06     -0.87597
32.08     12.1102
32.1     25.465
32.12     38.9294
32.14     52.1769
32.16     64.8261
32.18     76.539
32.2     87.0894
32.22     96.3301
32.24     104.175
32.26     110.635
32.28     115.863
32.3     120.151
32.32     123.805
32.34     126.931
32.36     129.306
32.38     130.447
32.4     129.768
32.42     126.793
32.44     121.301
32.46     113.272
32.48     102.785
32.5     90.0235
32.52     75.3328
32.54     59.2206
32.56     42.2404
32.58     24.9935
32.6     8.24269
32.62     -7.12193
32.64     -20.3037
32.66     -30.7939
32.68     -38.3853
32.7     -43.1059
32.72     -45.2431
32.74     -45.3699
32.76     -44.1745
32.78     -42.1718
32.8     -39.556
32.82     -36.3483
32.84     -32.6599
32.86     -28.666
32.88     -24.3605
32.9     -19.4942
32.92     -13.7167
32.94     -6.68075
32.96     1.89868
32.98     12.1357
33     23.8982
33.02     36.7766
33.04     50.1006
33.06     63.0953
33.08     75.071
33.1     85.4907
33.12     93.9226
33.14     99.998
33.16     103.458
33.18     104.209
33.2     102.333
33.22     98.0903
33.24     91.9012
33.26     84.3298
33.28     75.9748
33.3     67.2761
33.32     58.4503
33.34     49.5981
33.36     40.8363
33.38     32.3448
33.4     24.2476
33.42     16.3967
33.44     8.36062
33.46     -0.29096
33.48     -9.6568
33.5     -19.3864
33.52     -28.9066
33.54     -37.8075
33.56     -45.9545
33.58     -53.2272
33.6     -59.2921
33.62     -63.7581
33.64     -66.4676
33.66     -67.4987
33.68     -66.9254
33.7     -64.7102
33.72     -60.9041
33.74     -55.8614
33.76     -50.1522
33.78     -44.233
33.8     -38.1965
33.82     -31.8392
33.84     -24.9187
33.86     -17.3423
33.88     -9.17766
33.9     -0.547133
33.92     8.44392
33.94     17.72
33.96     27.2433
33.98     36.9667
34     46.7423
34.02     56.2743
34.04     65.1155
34.06     72.7352
34.08     78.648
34.1     82.519
34.12     84.2271
34.14     83.8646
34.16     81.645
34.18     77.8187
34.2     72.6841
34.22     66.6007
34.24     59.9317
34.26     52.9273
34.28     45.6489
34.3     38.0558
34.32     30.1727
34.34     22.1299
34.36     14.0709
34.38     6.09311
34.4     -1.74739
34.42     -9.433
34.44     -16.9694
34.46     -24.3328
34.48     -31.3985
34.5     -37.8828
34.52     -43.3885
34.54     -47.5805
34.56     -50.3439
34.58     -51.7849
34.6     -52.0781
34.62     -51.3142
34.64     -49.4617
34.66     -46.4368
34.68     -42.1934
34.7     -36.7446
34.72     -30.1368
34.74     -22.4342
34.76     -13.7372
34.78     -4.19995
34.8     6.01302
34.82     16.8113
34.84     28.1839
34.86     40.0857
34.88     52.352
34.9     64.7055
34.92     76.8062
34.94     88.322
34.96     99.0067
34.98     108.77
35     117.658
35.02     125.727
35.04     132.919
35.06     139.075
35.08     144.062
35.1     147.87
35.12     150.538
35.14     151.958
35.16     151.814
35.18     149.708
35.2     145.353
35.22     138.692
35.24     129.836
35.26     118.902
35.28     105.999
35.3     91.318
35.32     75.1575
35.34     57.9045
35.36     40.0367
35.38     22.1032
35.4     4.65057
35.42     -11.932
35.44     -27.535
35.46     -42.256
35.48     -56.2202
35.5     -69.4895
35.52     -82.0818
35.54     -94.0125
35.56     -105.211
35.58     -115.366
35.6     -123.98
35.62     -130.572
35.64     -134.78
35.66     -136.354
35.68     -135.075
35.7     -130.689
35.72     -122.932
35.74     -111.624
35.76     -96.7583
35.78     -78.5997
35.8     -57.6974
35.82     -34.8088
35.84     -10.7727
35.86     13.6564
35.88     37.9017
35.9     61.4562
35.92     83.7394
35.94     104.14
35.96     122.201
35.98     137.744
36     150.804
36.02     161.437
36.04     169.576
36.06     175.082
36.08     177.912
36.1     178.131
36.12     175.771
36.14     170.765
36.16     162.974
36.18     152.252
36.2     138.517
36.22     121.836
36.24     102.466
36.26     80.8743
36.28     57.7078
36.3     33.6279
36.32     9.13895
36.34     -15.4647
36.36     -40.0058
36.38     -64.2029
36.4     -87.5594
36.42     -109.47
36.44     -129.414
36.46     -147.105
36.48     -162.512
36.5     -175.773
36.52     -187.059
36.54     -196.417
36.56     -203.711
36.58     -208.69
36.6     -211.142
36.62     -211.054
36.64     -208.641
36.66     -204.229
36.68     -198.075
36.7     -190.222
36.72     -180.535
36.74     -168.851
36.76     -155.125
36.78     -139.463
36.8     -122.047
36.82     -103.073
36.84     -82.755
36.86     -61.4002
36.88     -39.5302
36.9     -17.8685
36.92     2.89322
36.94     22.2997
36.96     40.1039
36.98     56.1299
37     70.1809
37.02     82.0439
37.04     91.6192
37.06     99.019
37.08     104.484
37.1     108.232
37.12     110.357
37.14     110.829
37.16     109.573
37.18     106.511
37.2     101.596
37.22     94.8635
37.24     86.4551
37.26     76.5823
37.28     65.4657
37.3     53.2771
37.32     40.0887
37.34     25.9237
37.36     10.9691
37.38     -4.30338
37.4     -19.2828
37.42     -33.4225
37.44     -46.3283
37.46     -57.7711
37.48     -67.6485
37.5     -75.9361
37.52     -82.6819
37.54     -87.982
37.56     -91.8928
37.58     -94.3652
37.6     -95.2976
37.62     -94.6466
37.64     -92.501
37.66     -89.089
37.68     -84.7019
37.7     -79.5633
37.72     -73.7251
37.74     -67.1065
37.76     -59.6532
37.78     -51.4424
37.8     -42.6705
37.82     -33.57
37.84     -24.3117
37.86     -14.9627
37.88     -5.5291
37.9     3.98386
37.92     13.5171
37.94     22.931
37.96     32.0364
37.98     40.5887
38     48.2719
38.02     54.8112
38.04     60.0938
38.06     64.1017
38.08     66.7581
38.1     67.8851
38.12     67.2916
38.14     64.8791
38.16     60.6874
38.18     54.8606
38.2     47.5656
38.22     38.9206
38.24     29.0197
38.26     18.0582
38.28     6.35833
38.3     -5.80781
38.32     -18.3602
38.34     -31.2847
38.36     -44.3732
38.38     -57.1737
38.4     -69.2326
38.42     -80.3862
38.44     -90.7693
38.46     -100.498
38.48     -109.417
38.5     -117.151
38.52     -123.361
38.54     -127.992
38.56     -131.265
38.58     -133.41
38.6     -134.385
38.62     -133.846
38.64     -131.401
38.66     -126.946
38.68     -120.711
38.7     -112.97
38.72     -103.779
38.74     -93.0553
38.76     -80.7879
38.78     -67.128
38.8     -52.2938
38.82     -36.5063
38.84     -20.1128
38.86     -3.63912
38.88     12.4145
38.9     27.7653
38.92     42.3102
38.94     55.9594
38.96     68.521
38.98     79.7105
39     89.2734
39.02     97.1086
39.04     103.248
39.06     107.723
39.08     110.522
39.1     111.625
39.12     110.983
39.14     108.48
39.16     103.992
39.18     97.4617
39.2     88.9304
39.22     78.5594
39.24     66.5952
39.26     53.3062
39.28     38.9938
39.3     24.0281
39.32     8.77672
39.34     -6.48034
39.36     -21.521
39.38     -36.1131
39.4     -50.0096
39.42     -62.9946
39.44     -74.9323
39.46     -85.824
39.48     -95.8138
39.5     -105.102
39.52     -113.835
39.54     -122.014
39.56     -129.455
39.58     -135.85
39.6     -140.902
39.62     -144.417
39.64     -146.299
39.66     -146.507
39.68     -144.986
39.7     -141.637
39.72     -136.312
39.74     -128.943
39.76     -119.73
39.78     -109.134
39.8     -97.7091
39.82     -85.9734
39.84     -74.3636
39.86     -63.2049
39.88     -52.6965
39.9     -42.9643
39.92     -34.1551
39.94     -26.4661
39.96     -20.0676
39.98     -14.9749
40     -10.9852
40.02     -7.77405
40.04     -5.06592
40.06     -2.76249
40.08     -0.95885
40.1     0.1603
40.12     0.421567
40.14     -0.291639
40.16     -2.00913
40.18     -4.65794
40.2     -8.056
40.22     -11.9283
40.24     -16.0089
40.26     -20.1753
40.28     -24.4315
40.3     -28.7145
40.32     -32.7672
40.34     -36.2305
40.36     -38.8378
40.38     -40.5685
40.4     -41.6503
40.42     -42.3883
40.44     -43.0199
40.46     -43.7407
40.48     -44.745
40.5     -46.1141
40.52     -47.6754
40.54     -49.0693
40.56     -49.992
40.58     -50.3691
40.6     -50.277
40.62     -49.6934
40.64     -48.3791
40.66     -46.0353
40.68     -42.5571
40.7     -38.1442
40.72     -33.2119
40.74     -28.2451
40.76     -23.7425
40.78     -20.2242
40.8     -18.1789
40.82     -17.9193
40.84     -19.4474
40.86     -22.4802
40.88     -26.6593
40.9     -31.7218
40.92     -37.4581
40.94     -43.5685
40.96     -49.6209
40.98     -55.133
41     -59.6962
41.02     -63.0975
41.04     -65.4098
41.06     -66.9527
41.08     -68.1404
41.1     -69.3602
41.12     -70.8952
41.14     -72.8898
41.16     -75.3927
41.18     -78.4129
41.2     -81.9033
41.22     -85.7111
41.24     -89.5923
41.26     -93.2544
41.28     -96.3223
41.3     -98.3513
41.32     -98.974
41.34     -98.0023
41.36     -95.4272
41.38     -91.3824
41.4     -86.0948
41.42     -79.8575
41.44     -72.9946
41.46     -65.8135
41.48     -58.5824
41.5     -51.5361
41.52     -44.8816
41.54     -38.7573
41.56     -33.1961
41.58     -28.1852
41.6     -23.7312
41.62     -19.804
41.64     -16.2511
41.66     -12.8673
41.68     -9.57919
41.7     -6.53266
41.72     -4.01571
41.74     -2.28895
41.76     -1.45062
41.78     -1.45023
41.8     -2.20659
41.82     -3.69951
41.84     -5.95511
41.86     -8.96673
41.88     -12.6374
41.9     -16.7507
41.92     -20.9904
41.94     -25.0598
41.96     -28.8071
41.98     -32.2144
42     -35.3048
42.02     -38.098
42.04     -40.6185
42.06     -42.897
42.08     -44.9659
42.1     -46.8444
42.12     -48.5361
42.14     -50.0497
42.16     -51.373
42.18     -52.405
42.2     -52.9662
42.22     -52.9177
42.24     -52.2717
42.26     -51.1607
42.28     -49.6739
42.3     -47.7623
42.32     -45.3408
42.34     -42.4442
42.36     -39.2453
42.38     -35.9282
42.4     -32.5615
42.42     -29.0765
42.44     -25.3269
42.46     -21.1803
42.48     -16.5894
42.5     -11.5789
42.52     -6.17573
42.54     -0.402295
42.56     5.63778
42.58     11.7146
42.6     17.5419
42.62     22.8773
42.64     27.5786
42.66     31.5767
42.68     34.7843
42.7     37.0163
42.72     38.0321
42.74     37.7356
42.76     36.3167
42.78     34.1675
42.8     31.6581
42.82     28.9346
42.84     25.8994
42.86     22.4016
42.88     18.4328
42.9     14.1018
42.92     9.45088
42.94     4.37174
42.96     -1.30568
42.98     -7.6827
43     -14.7562
43.02     -22.4857
43.04     -30.7733
43.06     -39.3104
43.08     -47.593
43.1     -55.1624
43.12     -61.7381
43.14     -67.1536
43.16     -71.2773
43.18     -73.997
43.2     -75.25
43.22     -75.0924
43.24     -73.734
43.26     -71.4563
43.28     -68.5124
43.3     -65.1271
43.32     -61.5106
43.34     -57.7911
43.36     -53.9714
43.38     -49.97
43.4     -45.675
43.42     -40.9935
43.44     -35.8764
43.46     -30.2879
43.48     -24.1752
43.5     -17.4797
43.52     -10.1808
43.54     -2.3405
43.56     5.87894
43.58     14.2299
43.6     22.4204
43.62     30.1584
43.64     37.1689
43.66     43.1717
43.68     47.8936
43.7     51.1667
43.72     52.975
43.74     53.379
43.76     52.4481
43.78     50.2623
43.8     46.9167
43.82     42.5333
43.84     37.2991
43.86     31.4591
43.88     25.2339
43.9     18.7351
43.92     11.9483
43.94     4.81474
43.96     -2.64258
43.98     -10.2788
44     -17.8985
44.02     -25.361
44.04     -32.6719
44.06     -39.9554
44.08     -47.2951
44.1     -54.6247
44.12     -61.7318
44.14     -68.3354
44.16     -74.2211
44.18     -79.3074
44.2     -83.5936
44.22     -87.0827
44.24     -89.7509
44.26     -91.5661
44.28     -92.5241
44.3     -92.6511
44.32     -91.9683
44.34     -90.4887
44.36     -88.2477
44.38     -85.2698
44.4     -81.4993
44.42     -76.8035
44.44     -71.0817
44.46     -64.3804
44.48     -56.8539
44.5     -48.5842
44.52     -39.5024
44.54     -29.5341
44.56     -18.8124
44.58     -7.75678
44.6     3.07073
44.62     13.2478
44.64     22.6642
44.66     31.393
44.68     39.3995
44.7     46.4448
44.72     52.2644
44.74     56.7242
44.76     59.7931
44.78     61.4849
44.8     61.885
44.82     61.1813
44.84     59.572
44.86     57.1081
44.88     53.6842
44.9     49.1932
44.92     43.6431
44.94     37.1447
44.96     29.862
44.98     21.99
45     13.7385
45.02     5.28777
45.04     -3.27676
45.06     -11.995
45.08     -20.9773
45.1     -30.2597
45.12     -39.647
45.14     -48.7423
45.16     -57.2041
45.18     -64.966
45.2     -72.2164
45.22     -79.1589
45.24     -85.7427
45.26     -91.6187
45.28     -96.3539
45.3     -99.6418
45.32     -101.326
45.34     -101.376
45.36     -99.9065
45.38     -97.1338
45.4     -93.2755
45.42     -88.4588
45.44     -82.7007
45.46     -76.0498
45.48     -68.7511
45.5     -61.179
45.52     -53.6328
45.54     -46.2747
45.56     -39.1995
45.58     -32.436
45.6     -25.8972
45.62     -19.4298
45.64     -12.9308
45.66     -6.40332
45.68     0.0344544
45.7     6.16692
45.72     11.757
45.74     16.6017
45.76     20.5093
45.78     23.2678
45.8     24.6633
45.82     24.5072
45.84     22.6404
45.86     18.9528
45.88     13.4142
45.9     6.09925
45.92     -2.7954
45.94     -12.9784
45.96     -24.1423
45.98     -36.0374
46     -48.4734
46.02     -61.267
46.04     -74.2137
46.06     -87.1054
46.08     -99.7595
46.1     -112.019
46.12     -123.712
46.14     -134.61
46.16     -144.427
46.18     -152.841
46.2     -159.52
46.22     -164.188
46.24     -166.691
46.26     -167
46.28     -165.124
46.3     -161.029
46.32     -154.681
46.34     -146.141
46.36     -135.667
46.38     -123.723
46.4     -110.855
46.42     -97.5396
46.44     -84.1029
46.46     -70.7525
46.48     -57.6582
46.5     -45.0127
46.52     -33.0237
46.54     -21.8593
46.56     -11.6088
46.58     -2.29117
46.6     6.10237
46.62     13.5689
46.64     20.0706
46.66     25.5241
46.68     29.7895
46.7     32.6677
46.72     33.9485
46.74     33.48
46.76     31.2057
46.78     27.1637
46.8     21.4585
46.82     14.2172
46.84     5.56794
46.86     -4.32476
46.88     -15.2052
46.9     -26.7324
46.92     -38.555
46.94     -50.384
46.96     -62.0108
46.98     -73.274
47     -84.0273
47.02     -94.1404
47.04     -103.5
47.06     -111.995
47.08     -119.509
47.1     -125.937
47.12     -131.182
47.14     -135.171
47.16     -137.869
47.18     -139.271
47.2     -139.342
47.22     -137.991
47.24     -135.115
47.26     -130.7
47.28     -124.858
47.3     -117.773
47.32     -109.608
47.34     -100.444
47.36     -90.3205
47.38     -79.3097
47.4     -67.5805
47.42     -55.3761
47.44     -42.9345
47.46     -30.4359
47.48     -18.031
47.5     -5.89639
47.52     5.76214
47.54     16.7482
47.56     26.8867
47.58     35.9831
47.6     43.7935
47.62     50.064
47.64     54.6033
47.66     57.3301
47.68     58.2542
47.7     57.4169
47.72     54.859
47.74     50.6354
47.76     44.8311
47.78     37.5597
47.8     28.9707
47.82     19.2723
47.84     8.73464
47.86     -2.35683
47.88     -13.7489
47.9     -25.217
47.92     -36.54
47.94     -47.4994
47.96     -57.894
47.98     -67.553
48     -76.3206
48.02     -84.0309
48.04     -90.5181
48.06     -95.6486
48.08     -99.3309
48.1     -101.502
48.12     -102.11
48.14     -101.098
48.16     -98.4079
48.18     -94.0046
48.2     -87.9211
48.22     -80.2922
48.24     -71.3321
48.26     -61.2754
48.28     -50.3414
48.3     -38.751
48.32     -26.757
48.34     -14.6489
48.36     -2.72594
48.38     8.76309
48.4     19.6652
48.42     29.9177
48.44     39.515
48.46     48.4821
48.48     56.8479
48.5     64.6154
48.52     71.7406
48.54     78.1363
48.56     83.7023
48.58     88.3482
48.6     91.9776
48.62     94.4383
48.64     95.4866
48.66     94.8261
48.68     92.2044
48.7     87.5021
48.72     80.7773
48.74     72.2614
48.76     62.3096
48.78     51.3146
48.8     39.6154
48.82     27.4599
48.84     15.0604
48.86     2.66885
48.88     -9.42525
48.9     -20.9858
48.92     -31.9312
48.94     -42.3463
48.96     -52.3902
48.98     -62.1884
49     -71.7838
49.02     -81.1512
49.04     -90.216
49.06     -98.8273
49.08     -106.732
49.1     -113.613
49.12     -119.146
49.14     -123.045
49.16     -125.068
49.18     -125.031
49.2     -122.831
49.22     -118.479
49.24     -112.088
49.26     -103.847
49.28     -94.0224
49.3     -82.9754
49.32     -71.1084
49.34     -58.7543
49.36     -46.1271
49.38     -33.3456
49.4     -20.4626
49.42     -7.47966
49.44     5.62891
49.46     18.8645
49.48     32.1492
49.5     45.3042
49.52     58.0846
49.54     70.2458
49.56     81.5626
49.58     91.7822
49.6     100.587
49.62     107.629
49.64     112.624
49.66     115.423
49.68     116.005
49.7     114.439
49.72     110.836
49.74     105.333
49.76     98.1179
49.78     89.4458
49.8     79.6365
49.82     69.0227
49.84     57.8749
49.86     46.3564
49.88     34.5332
49.9     22.4393
49.92     10.1578
49.94     -2.15059
49.96     -14.289
49.98     -26.0927
50     -37.456
50.02     -48.2889
50.04     -58.4465
50.06     -67.6936
50.08     -75.7387
50.1     -82.3245
50.12     -87.2959
50.14     -90.6041
50.16     -92.2766
50.18     -92.3878
50.2     -91.0396
50.22     -88.3474
50.24     -84.4307
50.26     -79.4038
50.28     -73.3723
50.3     -66.4369
50.32     -58.7103
50.34     -50.3397
50.36     -41.5094
50.38     -32.4134
50.4     -23.2106
50.42     -13.9805
50.44     -4.72002
50.46     4.57676
50.48     13.815
50.5     22.7719
50.52     31.1572
50.54     38.7062
50.56     45.2405
50.58     50.6701
50.6     54.9497
50.62     58.0257
50.64     59.8121
50.66     60.1974
50.68     59.0766
50.7     56.3931
50.72     52.1628
50.74     46.4695
50.76     39.4395
50.78     31.2068
50.8     21.8847
50.82     11.5715
50.84     0.372646
50.86     -11.6071
50.88     -24.2739
50.9     -37.519
50.92     -51.192
50.94     -65.1001
50.96     -79.0231
50.98     -92.7183
51     -105.904
51.02     -118.274
51.04     -129.534
51.06     -139.412
51.08     -147.666
51.1     -154.09
51.12     -158.526
51.14     -160.881
51.16     -161.158
51.18     -159.48
51.2     -156.095
51.22     -151.342
51.24     -145.588
51.26     -139.178
51.28     -132.4
51.3     -125.464
51.32     -118.468
51.34     -111.399
51.36     -104.187
51.38     -96.7647
51.4     -89.0799
51.42     -81.0846
51.44     -72.7321
51.46     -63.9954
51.48     -54.8919
51.5     -45.4998
51.52     -35.9712
51.54     -26.5584
51.56     -17.6147
51.58     -9.53058
51.6     -2.62914
51.62     2.91029
51.64     7.05642
51.66     9.87695
51.68     11.4746
51.7     11.944
51.72     11.3702
51.74     9.85631
51.76     7.53704
51.78     4.55242
51.8     1.00666
51.82     -3.04928
51.84     -7.6102
51.86     -12.7049
51.88     -18.3958
51.9     -24.7737
51.92     -31.919
51.94     -39.8398
51.96     -48.4294
51.98     -57.469
52     -66.6698
52.02     -75.7274
52.04     -84.3696
52.06     -92.3914
52.08     -99.6589
52.1     -106.074
52.12     -111.542
52.14     -115.981
52.16     -119.341
52.18     -121.614
52.2     -122.828
52.22     -123.015
52.24     -122.193
52.26     -120.368
52.28     -117.556
52.3     -113.768
52.32     -108.976
52.34     -103.132
52.36     -96.2554
52.38     -88.474
52.4     -80.0056
52.42     -71.0904
52.44     -61.94
52.46     -52.7437
52.48     -43.7078
52.5     -35.0657
52.52     -27.0342
52.54     -19.7541
52.56     -13.2792
52.58     -7.61638
52.6     -2.76015
52.62     1.30545
52.64     4.62016
52.66     7.24199
52.68     9.19856
52.7     10.4502
52.72     10.9173
52.74     10.5193
52.76     9.17966
52.78     6.8212
52.8     3.37614
52.82     -1.18653
52.84     -6.8299
52.86     -13.4295
52.88     -20.7884
52.9     -28.6766
52.92     -36.8634
52.94     -45.1284
52.96     -53.2625
52.98     -61.0694
53     -68.3658
53.02     -74.9891
53.04     -80.818
53.06     -85.7857
53.08     -89.8799
53.1     -93.126
53.12     -95.5464
53.14     -97.1227
53.16     -97.7914
53.18     -97.4818
53.2     -96.1567
53.22     -93.822
53.24     -90.5045
53.26     -86.2351
53.28     -81.0564
53.3     -75.0369
53.32     -68.282
53.34     -60.9291
53.36     -53.1226
53.38     -44.9947
53.4     -36.6771
53.42     -28.3221
53.44     -20.1104
53.46     -12.2339
53.48     -4.83522
53.5     2.04734
53.52     8.45983
53.54     14.4609
53.56     20.0574
53.58     25.1823
53.6     29.7242
53.62     33.5802
53.64     36.6792
53.66     38.9577
53.68     40.3297
53.7     40.6904
53.72     39.9474
53.74     38.0373
53.76     34.9182
53.78     30.5563
53.8     24.9542
53.82     18.2172
53.84     10.5782
53.86     2.33678
53.88     -6.23013
53.9     -14.9031
53.92     -23.491
53.94     -31.7879
53.96     -39.5705
53.98     -46.6356
54     -52.8335
54.02     -58.0709
54.04     -62.3038
54.06     -65.542
54.08     -67.8524
54.1     -69.3327
54.12     -70.0607
54.14     -70.0692
54.16     -69.3568
54.18     -67.9045
54.2     -65.6857
54.22     -62.6656
54.24     -58.8012
54.26     -54.0623
54.28     -48.4528
54.3     -42.0136
54.32     -34.8183
54.34     -26.979
54.36     -18.6481
54.38     -9.99955
54.4     -1.20999
54.42     7.54394
54.44     16.085
54.46     24.2443
54.48     31.8766
54.5     38.8704
54.52     45.1455
54.54     50.6347
54.56     55.272
54.58     59.0006
54.6     61.7703
54.62     63.5156
54.64     64.1473
54.66     63.5776
54.68     61.7628
54.7     58.7223
54.72     54.5171
54.74     49.2257
54.76     42.9403
54.78     35.7735
54.8     27.8703
54.82     19.4195
54.84     10.6523
54.86     1.81771
54.88     -6.85812
54.9     -15.2103
54.92     -23.1427
54.94     -30.6022
54.96     -37.5471
54.98     -43.9308
55     -49.7095
55.02     -54.8504
55.04     -59.3234
55.06     -63.0824
55.08     -66.0549
55.1     -68.1489
55.12     -69.2624
55.14     -69.2867
55.16     -68.1158
55.18     -65.6692
55.2     -61.9156
55.22     -56.8919
55.24     -50.7094
55.26     -43.5427
55.28     -35.6044
55.3     -27.1133
55.32     -18.2747
55.34     -9.27596
55.36     -0.286478
55.38     8.54706
55.4     17.1047
55.42     25.2883
55.44     33.0106
55.46     40.194
55.48     46.7737
55.5     52.6833
55.52     57.8274
55.54     62.0676
55.56     65.2311
55.58     67.1397
55.6     67.6424
55.62     66.635
55.64     64.0637
55.66     59.92
55.68     54.2391
55.7     47.1048
55.72     38.6533
55.74     29.0611
55.76     18.5273
55.78     7.26229
55.8     -4.51669
55.82     -16.588
55.84     -28.7311
55.86     -40.746
55.88     -52.4754
55.9     -63.8024
55.92     -74.6276
55.94     -84.85
55.96     -94.356
55.98     -103.012
56     -110.666
56.02     -117.155
56.04     -122.331
56.06     -126.075
56.08     -128.297
56.1     -128.929
56.12     -127.921
56.14     -125.256
56.16     -120.981
56.18     -115.225
56.2     -108.159
56.22     -99.9522
56.24     -90.7742
56.26     -80.8247
56.28     -70.3455
56.3     -59.5837
56.32     -48.7417
56.34     -37.9627
56.36     -27.3636
56.38     -17.0763
56.4     -7.25644
56.42     1.93775
56.44     10.3619
56.46     17.8859
56.48     24.3886
56.5     29.7549
56.52     33.8766
56.54     36.6519
56.56     37.9938
56.58     37.846
56.6     36.1908
56.62     33.0477
56.64     28.473
56.66     22.5564
56.68     15.4198
56.7     7.22043
56.72     -1.85508
56.74     -11.6067
56.76     -21.8404
56.78     -32.3758
56.8     -43.0352
56.82     -53.6266
56.84     -63.9541
56.86     -73.8479
56.88     -83.1787
56.9     -91.8454
56.92     -99.7481
56.94     -106.768
56.96     -112.776
56.98     -117.664
57     -121.361
57.02     -123.815
57.04     -124.986
57.06     -124.859
57.08     -123.447
57.1     -120.786
57.12     -116.927
57.14     -111.934
57.16     -105.894
57.18     -98.9314
57.2     -91.1927
57.22     -82.813
57.24     -73.8968
57.26     -64.527
57.28     -54.7892
57.3     -44.7847
57.32     -34.6231
57.34     -24.4098
57.36     -14.2457
57.38     -4.23876
57.4     5.49109
57.42     14.8181
57.44     23.6135
57.46     31.7307
57.48     38.9883
57.5     45.1837
57.52     50.1274
57.54     53.6643
57.56     55.6715
57.58     56.0535
57.6     54.7589
57.62     51.8123
57.64     47.3191
57.66     41.4286
57.68     34.2939
57.7     26.066
57.72     16.9084
57.74     7.00108
57.76     -3.4608
57.78     -14.2803
57.8     -25.2952
57.82     -36.4042
57.84     -47.5523
57.86     -58.6845
57.88     -69.7
57.9     -80.4452
57.92     -90.7409
57.94     -100.409
57.96     -109.275
57.98     -117.154
58     -123.851
58.02     -129.177
58.04     -132.956
58.06     -135.045
58.08     -135.354
58.1     -133.853
58.12     -130.574
58.14     -125.614
58.16     -119.146
58.18     -111.41
58.2     -102.676
58.22     -93.1909
58.24     -83.141
58.26     -72.6613
58.28     -61.8748
58.3     -50.9205
58.32     -39.9393
58.34     -29.0507
58.36     -18.3554
58.38     -7.95145
58.4     2.04901
58.42     11.5068
58.44     20.2569
58.46     28.1209
58.48     34.907
58.5     40.4132
58.52     44.4579
58.54     46.9122
58.56     47.7126
58.58     46.8681
58.6     44.4623
58.62     40.6476
58.64     35.6311
58.66     29.6473
58.68     22.9299
58.7     15.6911
58.72     8.11581
58.74     0.367254
58.76     -7.41192
58.78     -15.112
58.8     -22.6758
58.82     -30.1114
58.84     -37.4722
58.86     -44.803
58.88     -52.0899
58.9     -59.2407
58.92     -66.1004
58.94     -72.4892
58.96     -78.2385
58.98     -83.2069
59     -87.2787
59.02     -90.3503
59.04     -92.3184
59.06     -93.087
59.08     -92.6027
59.1     -90.8929
59.12     -88.0693
59.14     -84.3
59.16     -79.7754
59.18     -74.6723
59.2     -69.1162
59.22     -63.1548
59.24     -56.7687
59.26     -49.9202
59.28     -42.5989
59.3     -34.8338
59.32     -26.6791
59.34     -18.1919
59.36     -9.41685
59.38     -0.407406
59.4     8.72962
59.42     17.8071
59.44     26.5667
59.46     34.719
59.48     41.991
59.5     48.16
59.52     53.0631
59.54     56.5921
59.56     58.705
59.58     59.4416
59.6     58.9102
59.62     57.2451
59.64     54.5686
59.66     50.9778
59.68     46.562
59.7     41.4237
59.72     35.6645
59.74     29.3396
59.76     22.4421
59.78     14.9389
59.8     6.81748
59.82     -1.8983
59.84     -11.1513
59.86     -20.8424
59.88     -30.8081
59.9     -40.8166
59.92     -50.6046
59.94     -59.9302
59.96     -68.6006
59.98     -76.4738
60     -83.4122
