TIME/STEP     RF_deform_z
0     0
0.02     0.000226362
0.04     0.000323519
0.06     -0.000548423
0.08     -0.00210349
0.1     -0.00326324
0.12     -0.00268393
0.14     -0.00113733
0.16     -0.00140754
0.18     -0.00346164
0.2     -0.00448209
0.22     -0.00320751
0.24     -0.00248363
0.26     -0.00535455
0.28     -0.00997734
0.3     -0.0121367
0.32     -0.0117835
0.34     -0.0123568
0.36     -0.0157296
0.38     -0.0195998
0.4     -0.0201102
0.42     -0.0181139
0.44     -0.0164555
0.46     -0.016037
0.48     -0.0162797
0.5     -0.0151735
0.52     -0.0102685
0.54     -0.00201392
0.56     0.00416275
0.58     0.00353702
0.6     -0.000447142
0.62     -0.00177222
0.64     -0.00216335
0.66     -0.00584377
0.68     -0.013424
0.7     -0.0230018
0.72     -0.0314494
0.74     -0.0363362
0.76     -0.036964
0.78     -0.0342674
0.8     -0.0291992
0.82     -0.0198922
0.84     -0.0022944
0.86     0.0247281
0.88     0.0565858
0.9     0.0860935
0.92     0.110356
0.94     0.128768
0.96     0.136095
0.98     0.125769
1     0.0960263
1.02     0.0525629
1.04     0.00484985
1.06     -0.0444793
1.08     -0.0970702
1.1     -0.148225
1.12     -0.189156
1.14     -0.213816
1.16     -0.223997
1.18     -0.226643
1.2     -0.223946
1.22     -0.210658
1.24     -0.180778
1.26     -0.136394
1.28     -0.085997
1.3     -0.0346106
1.32     0.0184363
1.34     0.074162
1.36     0.127053
1.38     0.167092
1.4     0.191354
1.42     0.205571
1.44     0.215961
1.46     0.221833
1.48     0.216117
1.5     0.196253
1.52     0.167383
1.54     0.132767
1.56     0.0869477
1.58     0.0209382
1.6     -0.0660224
1.62     -0.161101
1.64     -0.246698
1.66     -0.314634
1.68     -0.363535
1.7     -0.39082
1.72     -0.396771
1.74     -0.382083
1.76     -0.344426
1.78     -0.284042
1.8     -0.208092
1.82     -0.127401
1.84     -0.0427027
1.86     0.0548025
1.88     0.160931
1.9     0.256859
1.92     0.331026
1.94     0.38485
1.96     0.421168
1.98     0.439156
2     0.436501
2.02     0.409796
2.04     0.359246
2.06     0.291239
2.08     0.209126
2.1     0.10748
2.12     -0.0219329
2.14     -0.179016
2.16     -0.349866
2.18     -0.515225
2.2     -0.655693
2.22     -0.751422
2.24     -0.788905
2.26     -0.758395
2.28     -0.654906
2.3     -0.492041
2.32     -0.296317
2.34     -0.0942764
2.36     0.0952738
2.38     0.268966
2.4     0.43003
2.42     0.571667
2.44     0.680569
2.46     0.750689
2.48     0.778023
2.5     0.750152
2.52     0.652384
2.54     0.475719
2.56     0.22417
2.58     -0.0747395
2.6     -0.381012
2.62     -0.657469
2.64     -0.874828
2.66     -1.01635
2.68     -1.07311
2.7     -1.0415
2.72     -0.933055
2.74     -0.779111
2.76     -0.608701
2.78     -0.42891
2.8     -0.226519
2.82     0.0143427
2.84     0.285624
2.86     0.558558
2.88     0.810171
2.9     1.02762
2.92     1.18938
2.94     1.26083
2.96     1.21188
2.98     1.03826
3     0.75893
3.02     0.403208
3.04     0.00679381
3.06     -0.401202
3.08     -0.796051
3.1     -1.14469
3.12     -1.41315
3.14     -1.57844
3.16     -1.62677
3.18     -1.55077
3.2     -1.35723
3.22     -1.06387
3.24     -0.691159
3.26     -0.261336
3.28     0.202297
3.3     0.665873
3.32     1.07681
3.34     1.38727
3.36     1.57816
3.38     1.64953
3.4     1.59594
3.42     1.39673
3.44     1.04805
3.46     0.594036
3.48     0.0989573
3.5     -0.392906
3.52     -0.842406
3.54     -1.20091
3.56     -1.43013
3.58     -1.51459
3.6     -1.46493
3.62     -1.31292
3.64     -1.0914
3.66     -0.825737
3.68     -0.538997
3.7     -0.239301
3.72     0.0710489
3.74     0.364815
3.76     0.601672
3.78     0.768274
3.8     0.879436
3.82     0.938405
3.84     0.923993
3.86     0.816446
3.88     0.616689
3.9     0.354726
3.92     0.0859062
3.94     -0.150869
3.96     -0.356309
3.98     -0.533049
4     -0.65972
4.02     -0.709621
4.04     -0.676222
4.06     -0.587
4.08     -0.491453
4.1     -0.408234
4.12     -0.311776
4.14     -0.178831
4.16     -0.0121622
4.18     0.156994
4.2     0.292466
4.22     0.383402
4.24     0.43825
4.26     0.454516
4.28     0.404327
4.3     0.268216
4.32     0.0674804
4.34     -0.156956
4.36     -0.37814
4.38     -0.582753
4.4     -0.749576
4.42     -0.835909
4.44     -0.809901
4.46     -0.680484
4.48     -0.487944
4.5     -0.27912
4.52     -0.0701747
4.54     0.138895
4.56     0.322346
4.58     0.438932
4.6     0.468191
4.62     0.432762
4.64     0.383851
4.66     0.353471
4.68     0.33213
4.7     0.289152
4.72     0.20404
4.74     0.086951
4.76     -0.0342458
4.78     -0.140309
4.8     -0.231335
4.82     -0.314036
4.84     -0.370328
4.86     -0.357587
4.88     -0.277694
4.9     -0.202698
4.92     -0.194573
4.94     -0.254251
4.96     -0.33985
4.98     -0.408436
5     -0.441067
5.02     -0.41149
5.04     -0.27242
5.06     -0.00900626
5.08     0.329645
5.1     0.6706
5.12     0.959252
5.14     1.16074
5.16     1.25154
5.18     1.22707
5.2     1.09925
5.22     0.883721
5.24     0.598597
5.26     0.253568
5.28     -0.140461
5.3     -0.542952
5.32     -0.901664
5.34     -1.18486
5.36     -1.37684
5.38     -1.4601
5.4     -1.41079
5.42     -1.22161
5.44     -0.932012
5.46     -0.610818
5.48     -0.310572
5.5     -0.0498001
5.52     0.175988
5.54     0.372304
5.56     0.532853
5.58     0.649689
5.6     0.728995
5.62     0.782843
5.64     0.806951
5.66     0.773327
5.68     0.661992
5.7     0.49761
5.72     0.326562
5.74     0.171596
5.76     0.00881094
5.78     -0.197238
5.8     -0.422387
5.82     -0.620283
5.84     -0.797858
5.86     -0.975014
5.88     -1.12975
5.9     -1.21765
5.92     -1.19941
5.94     -1.05562
5.96     -0.801794
5.98     -0.471768
6     -0.0885991
6.02     0.325928
6.04     0.726835
6.06     1.06019
6.08     1.2932
6.1     1.41265
6.12     1.39611
6.14     1.21815
6.16     0.886648
6.18     0.448114
6.2     -0.024596
6.22     -0.455895
6.24     -0.788244
6.26     -0.989051
6.28     -1.04898
6.3     -0.96562
6.32     -0.764704
6.34     -0.517466
6.36     -0.280451
6.38     -0.0652008
6.4     0.129763
6.42     0.314245
6.44     0.49648
6.46     0.657892
6.48     0.76074
6.5     0.775155
6.52     0.70489
6.54     0.575165
6.56     0.394458
6.58     0.156175
6.6     -0.112855
6.62     -0.335478
6.64     -0.443226
6.66     -0.422799
6.68     -0.306266
6.7     -0.161616
6.72     -0.0564842
6.74     -0.00919662
6.76     -0.0168804
6.78     -0.0838274
6.8     -0.199855
6.82     -0.336747
6.84     -0.465075
6.86     -0.571407
6.88     -0.657519
6.9     -0.73133
6.92     -0.801679
6.94     -0.865311
6.96     -0.909961
6.98     -0.914939
7     -0.825266
7.02     -0.584711
7.04     -0.214399
7.06     0.206547
7.08     0.624387
7.1     1.02752
7.12     1.39744
7.14     1.67242
7.16     1.77627
7.18     1.68882
7.2     1.45716
7.22     1.14148
7.24     0.774261
7.26     0.350021
7.28     -0.14623
7.3     -0.698257
7.32     -1.24856
7.34     -1.73007
7.36     -2.11222
7.38     -2.40715
7.4     -2.61403
7.42     -2.6687
7.44     -2.49132
7.46     -2.077
7.48     -1.49293
7.5     -0.802555
7.52     -0.0343998
7.54     0.784159
7.56     1.59417
7.58     2.32039
7.6     2.90016
7.62     3.29452
7.64     3.48342
7.66     3.46134
7.68     3.23478
7.7     2.80439
7.72     2.1597
7.74     1.32385
7.76     0.375381
7.78     -0.604552
7.8     -1.55961
7.82     -2.42083
7.84     -3.08524
7.86     -3.46719
7.88     -3.55954
7.9     -3.40831
7.92     -3.03633
7.94     -2.44279
7.96     -1.67608
7.98     -0.843582
8     -0.036021
8.02     0.704242
8.04     1.3434
8.06     1.8425
8.08     2.17777
8.1     2.35152
8.12     2.38279
8.14     2.28886
8.16     2.08684
8.18     1.80393
8.2     1.46784
8.22     1.09203
8.24     0.687062
8.26     0.27362
8.28     -0.127043
8.3     -0.49639
8.32     -0.827078
8.34     -1.12718
8.36     -1.40103
8.38     -1.66277
8.4     -1.9432
8.42     -2.24379
8.44     -2.52734
8.46     -2.74016
8.48     -2.81358
8.5     -2.68872
8.52     -2.34263
8.54     -1.77797
8.56     -1.0199
8.58     -0.125369
8.6     0.813808
8.62     1.70858
8.64     2.50658
8.66     3.17115
8.68     3.67657
8.7     4.01133
8.72     4.18198
8.74     4.21641
8.76     4.13248
8.78     3.91495
8.8     3.52053
8.82     2.89095
8.84     1.99477
8.86     0.866288
8.88     -0.425211
8.9     -1.82619
8.92     -3.29703
8.94     -4.7516
8.96     -6.04167
8.98     -7.021
9     -7.60356
9.02     -7.76139
9.04     -7.44283
9.06     -6.5601
9.08     -5.08583
9.1     -3.08546
9.12     -0.681336
9.14     1.97467
9.16     4.72586
9.18     7.40705
9.2     9.8227
9.22     11.7785
9.24     13.1096
9.26     13.6846
9.28     13.412
9.3     12.2391
9.32     10.1989
9.34     7.43358
9.36     4.14711
9.38     0.545877
9.4     -3.1973
9.42     -6.91633
9.44     -10.3875
9.46     -13.3374
9.48     -15.5314
9.5     -16.8373
9.52     -17.2138
9.54     -16.652
9.56     -15.1644
9.58     -12.8196
9.6     -9.73936
9.62     -6.08058
9.64     -2.03481
9.66     2.18521
9.68     6.3722
9.7     10.3187
9.72     13.7984
9.74     16.587
9.76     18.4899
9.78     19.336
9.8     18.9989
9.82     17.4722
9.84     14.917
9.86     11.6145
9.88     7.81976
9.9     3.65694
9.92     -0.801458
9.94     -5.38415
9.96     -9.80295
9.98     -13.7594
10     -17.0261
10.02     -19.4096
10.04     -20.665
10.06     -20.5285
10.08     -18.8714
10.1     -15.8042
10.12     -11.6412
10.14     -6.78613
10.16     -1.62257
10.18     3.54363
10.2     8.47774
10.22     12.9812
10.24     16.893
10.26     20.1115
10.28     22.5521
10.3     24.0379
10.32     24.2617
10.34     22.9449
10.36     20.0357
10.38     15.7599
10.4     10.5368
10.42     4.85352
10.44     -0.787154
10.46     -5.91536
10.48     -10.2165
10.5     -13.5833
10.52     -16.0474
10.54     -17.6832
10.56     -18.5429
10.58     -18.6268
10.6     -17.8748
10.62     -16.191
10.64     -13.5159
10.66     -9.89601
10.68     -5.52634
10.7     -0.792104
10.72     3.79382
10.74     7.77302
10.76     10.8729
10.78     12.9938
10.8     14.1344
10.82     14.3559
10.84     13.7473
10.86     12.4117
10.88     10.4477
10.9     7.894
10.92     4.7738
10.94     1.21913
10.96     -2.50209
10.98     -6.06399
11     -9.16289
11.02     -11.5682
11.04     -13.1092
11.06     -13.6552
11.08     -13.1506
11.1     -11.6488
11.12     -9.286
11.14     -6.20738
11.16     -2.53679
11.18     1.59416
11.2     6.01307
11.22     10.487
11.24     14.7415
11.26     18.4777
11.28     21.3339
11.3     22.9405
11.32     23.0811
11.34     21.7204
11.36     18.9277
11.38     14.8625
11.4     9.80653
11.42     4.1361
11.44     -1.74843
11.46     -7.43121
11.48     -12.4559
11.5     -16.3925
11.52     -18.9615
11.54     -20.0595
11.56     -19.6729
11.58     -17.8402
11.6     -14.7299
11.62     -10.6779
11.64     -6.09679
11.66     -1.34005
11.68     3.34992
11.7     7.80236
11.72     11.8735
11.74     15.4175
11.76     18.2968
11.78     20.3779
11.8     21.4703
11.82     21.3438
11.84     19.8649
11.86     17.0691
11.88     13.0855
11.9     8.06596
11.92     2.23511
11.94     -4.0246
11.96     -10.2189
11.98     -15.88
12     -20.6117
12.02     -24.0361
12.04     -25.8318
12.06     -25.8763
12.08     -24.2915
12.1     -21.3819
12.12     -17.5061
12.14     -12.8971
12.16     -7.64623
12.18     -1.86503
12.2     4.23678
12.22     10.3791
12.24     16.2243
12.26     21.3646
12.28     25.2983
12.3     27.4621
12.32     27.3876
12.34     24.8835
12.36     20.1334
12.38     13.6775
12.4     6.27588
12.42     -1.26785
12.44     -8.27297
12.46     -14.3279
12.48     -19.2968
12.5     -23.1855
12.52     -25.9955
12.54     -27.6699
12.56     -28.1161
12.58     -27.2181
12.6     -24.8562
12.62     -20.9622
12.64     -15.5921
12.66     -9.00863
12.68     -1.73445
12.7     5.48421
12.72     11.8306
12.74     16.6548
12.76     19.6213
12.78     20.6506
12.8     19.8301
12.82     17.4258
12.84     13.8936
12.86     9.77557
12.88     5.49998
12.9     1.21758
12.92     -3.14888
12.94     -7.65906
12.96     -12.1875
12.98     -16.4629
13     -20.1727
13.02     -22.9776
13.04     -24.4742
13.06     -24.254
13.08     -22.0524
13.1     -17.8718
13.12     -11.9777
13.14     -4.80446
13.16     3.09094
13.18     10.9823
13.2     17.9993
13.22     23.3401
13.24     26.4841
13.26     27.298
13.28     26.0157
13.3     23.1088
13.32     19.1925
13.34     14.9308
13.36     10.8647
13.38     7.23963
13.4     3.97262
13.42     0.776912
13.44     -2.64294
13.46     -6.38412
13.48     -10.223
13.5     -13.6617
13.52     -16.1354
13.54     -17.1944
13.56     -16.5699
13.58     -14.2163
13.6     -10.3919
13.62     -5.71053
13.64     -0.971761
13.66     3.15108
13.68     6.31921
13.7     8.54129
13.72     9.99875
13.74     10.8426
13.76     11.1218
13.78     10.8115
13.8     9.8886
13.82     8.39142
13.84     6.3523
13.86     3.73347
13.88     0.539662
13.9     -2.9997
13.92     -6.45038
13.94     -9.44317
13.96     -11.8735
13.98     -13.7721
14     -15.0678
14.02     -15.5741
14.04     -15.1174
14.06     -13.6198
14.08     -11.1215
14.1     -7.76997
14.12     -3.8388
14.14     0.216956
14.16     3.83
14.18     6.53296
14.2     8.13006
14.22     8.70304
14.24     8.46577
14.26     7.63562
14.28     6.41796
14.3     5.01523
14.32     3.5528
14.34     1.98842
14.36     0.148692
14.38     -2.06166
14.4     -4.43681
14.42     -6.48928
14.44     -7.71239
14.46     -7.82824
14.48     -6.85314
14.5     -5.03787
14.52     -2.74731
14.54     -0.360146
14.56     1.77489
14.58     3.39584
14.6     4.38729
14.62     4.80827
14.64     4.86742
14.66     4.78662
14.68     4.63335
14.7     4.2931
14.72     3.57899
14.74     2.36728
14.76     0.710499
14.78     -1.10678
14.8     -2.68004
14.82     -3.68535
14.84     -4.00215
14.86     -3.73162
14.88     -3.12759
14.9     -2.51951
14.92     -2.25144
14.94     -2.57941
14.96     -3.52719
14.98     -4.85995
15     -6.20819
15.02     -7.18149
15.04     -7.47956
15.06     -7.00176
15.08     -5.84026
15.1     -4.19876
15.12     -2.33864
15.14     -0.491626
15.16     1.25516
15.18     2.93908
15.2     4.60297
15.22     6.25214
15.24     7.84845
15.26     9.26907
15.28     10.3285
15.3     10.8544
15.32     10.7181
15.34     9.85793
15.36     8.34089
15.38     6.37518
15.4     4.21734
15.42     2.11616
15.44     0.220676
15.46     -1.5852
15.48     -3.6079
15.5     -6.09174
15.52     -9.0822
15.54     -12.4173
15.56     -15.77
15.58     -18.7329
15.6     -20.9009
15.62     -21.918
15.64     -21.5325
15.66     -19.6722
15.68     -16.5175
15.7     -12.5101
15.72     -8.21081
15.74     -4.02864
15.76     -0.0365983
15.78     3.963
15.8     8.21299
15.82     12.816
15.84     17.6829
15.86     22.5541
15.88     27.0369
15.9     30.6274
15.92     32.7709
15.94     33.0368
15.96     31.3189
15.98     27.9129
16     23.3781
16.02     18.2533
16.04     12.8825
16.06     7.46797
16.08     2.18856
16.1     -2.77047
16.12     -7.29214
16.14     -11.3881
16.16     -15.0748
16.18     -18.1835
16.2     -20.3419
16.22     -21.1636
16.24     -20.4806
16.26     -18.4463
16.28     -15.4521
16.3     -11.926
16.32     -8.18516
16.34     -4.42159
16.36     -0.772024
16.38     2.63728
16.4     5.70097
16.42     8.38267
16.44     10.7586
16.46     12.9234
16.48     14.8416
16.5     16.3201
16.52     17.0939
16.54     16.9721
16.56     15.9498
16.58     14.1469
16.6     11.6594
16.62     8.52998
16.64     4.85216
16.66     0.874515
16.68     -3.05061
16.7     -6.63382
16.72     -9.68908
16.74     -12.0249
16.76     -13.4009
16.78     -13.604
16.8     -12.5647
16.82     -10.4008
16.84     -7.37706
16.86     -3.84183
16.88     -0.169782
16.9     3.2405
16.92     6.00646
16.94     7.87011
16.96     8.76567
16.98     8.80935
17     8.23175
17.02     7.25019
17.04     5.95474
17.06     4.37665
17.08     2.60684
17.1     0.754446
17.12     -1.16956
17.14     -3.27543
17.16     -5.65643
17.18     -8.24157
17.2     -10.8267
17.22     -13.208
17.24     -15.1942
17.26     -16.5497
17.28     -17.0081
17.3     -16.3445
17.32     -14.4857
17.34     -11.5227
17.36     -7.63129
17.38     -3.0934
17.4     1.66546
17.42     6.20662
17.44     10.2358
17.46     13.627
17.48     16.3464
17.5     18.3435
17.52     19.5122
17.54     19.7337
17.56     18.9159
17.58     17.0143
17.6     14.0267
17.62     9.99688
17.64     5.10464
17.66     -0.23364
17.68     -5.38685
17.7     -9.63879
17.72     -12.4073
17.74     -13.4713
17.76     -12.981
17.78     -11.2356
17.8     -8.47325
17.82     -4.8404
17.84     -0.439808
17.86     4.64075
17.88     10.2903
17.9     16.3054
17.92     22.2836
17.94     27.5749
17.96     31.3678
17.98     32.9049
18     31.7105
18.02     27.7253
18.04     21.3521
18.06     13.3437
18.08     4.60282
18.1     -3.97972
18.12     -11.655
18.14     -17.9256
18.16     -22.5802
18.18     -25.6469
18.2     -27.3369
18.22     -27.9304
18.24     -27.6224
18.26     -26.511
18.28     -24.7137
18.3     -22.4185
18.32     -19.831
18.34     -17.0929
18.36     -14.2195
18.38     -11.1761
18.4     -8.05513
18.42     -5.06532
18.44     -2.37414
18.46     -0.048321
18.48     1.91082
18.5     3.52785
18.52     4.83734
18.54     5.82423
18.56     6.3901
18.58     6.4233
18.6     5.85444
18.62     4.68866
18.64     3.04267
18.66     1.13914
18.68     -0.731988
18.7     -2.29098
18.72     -3.39847
18.74     -4.13526
18.76     -4.72317
18.78     -5.37031
18.8     -6.18902
18.82     -7.21131
18.84     -8.39403
18.86     -9.52248
18.88     -10.1622
18.9     -9.81461
18.92     -8.15335
18.94     -5.17625
18.96     -1.22471
18.98     3.17574
19     7.53906
19.02     11.5033
19.04     14.7971
19.06     17.2092
19.08     18.6545
19.1     19.2404
19.12     19.1712
19.14     18.5589
19.16     17.3398
19.18     15.3819
19.2     12.6317
19.22     9.14979
19.24     5.06635
19.26     0.560017
19.28     -4.10882
19.3     -8.59727
19.32     -12.5591
19.34     -15.7786
19.36     -18.2153
19.38     -19.884
19.4     -20.7394
19.42     -20.6381
19.44     -19.3542
19.46     -16.6921
19.48     -12.6222
19.5     -7.32005
19.52     -1.13393
19.54     5.46714
19.56     11.9239
19.58     17.6354
19.6     22.1101
19.62     25.13
19.64     26.729
19.66     26.9933
19.68     25.9692
19.7     23.7624
19.72     20.5838
19.74     16.6443
19.76     12.0611
19.78     6.93172
19.8     1.51104
19.82     -3.73274
19.84     -8.27751
19.86     -11.7316
19.88     -13.879
19.9     -14.6198
19.92     -13.9599
19.94     -12.1095
19.96     -9.48854
19.98     -6.56721
20     -3.66587
20.02     -0.839534
20.04     2.04054
20.06     5.0564
20.08     8.06509
20.1     10.7789
20.12     13.0083
20.14     14.7351
20.16     15.941
20.18     16.4767
20.2     16.1926
20.22     15.1334
20.24     13.5378
20.26     11.6614
20.28     9.58396
20.3     7.1573
20.32     4.11587
20.34     0.261606
20.36     -4.36966
20.38     -9.4494
20.4     -14.4025
20.42     -18.5438
20.44     -21.2817
20.46     -22.2199
20.48     -21.162
20.5     -18.1585
20.52     -13.57
20.54     -8.03354
20.56     -2.24752
20.58     3.32745
20.6     8.61223
20.62     13.7917
20.64     19.0532
20.66     24.3723
20.68     29.4541
20.7     33.8393
20.72     37.0676
20.74     38.804
20.76     38.8865
20.78     37.3361
20.8     34.3851
20.82     30.3892
20.84     25.6233
20.86     20.1709
20.88     13.9795
20.9     7.01633
20.92     -0.586187
20.94     -8.53827
20.96     -16.4953
20.98     -24.0594
21     -30.7709
21.02     -36.2343
21.04     -40.3011
21.06     -43.1625
21.08     -45.1971
21.1     -46.6566
21.12     -47.5044
21.14     -47.4814
21.16     -46.2097
21.18     -43.2546
21.2     -38.2209
21.22     -30.9357
21.24     -21.7099
21.26     -11.4706
21.28     -1.54623
21.3     6.68377
21.32     12.0976
21.34     14.1032
21.36     12.7888
21.38     8.84004
21.4     3.2063
21.42     -3.26498
21.44     -10.0224
21.46     -16.8213
21.48     -23.6488
21.5     -30.5653
21.52     -37.4712
21.54     -43.9335
21.56     -49.181
21.58     -52.3831
21.6     -53.0338
21.62     -51.1991
21.64     -47.4496
21.66     -42.4541
21.68     -36.7805
21.7     -31.0065
21.72     -25.7304
21.74     -21.3684
21.76     -17.8669
21.78     -14.7031
21.8     -11.2855
21.82     -7.37503
21.84     -3.12822
21.86     1.18599
21.88     5.39683
21.9     9.42264
21.92     13.1469
21.94     16.3505
21.96     18.8264
21.98     20.5268
22     21.5456
22.02     21.9627
22.04     21.743
22.06     20.7697
22.08     18.8784
22.1     15.824
22.12     11.3427
22.14     5.37185
22.16     -1.77084
22.18     -9.41969
22.2     -16.8202
22.22     -23.3623
22.24     -28.58
22.26     -32.0712
22.28     -33.5167
22.3     -32.8106
22.32     -30.1781
22.34     -26.0851
22.36     -20.9765
22.38     -15.1403
22.4     -8.7937
22.42     -2.22075
22.44     4.18779
22.46     9.98701
22.48     14.7837
22.5     18.2832
22.52     20.2643
22.54     20.6425
22.56     19.5366
22.58     17.2054
22.6     13.9005
22.62     9.72922
22.64     4.68295
22.66     -1.20256
22.68     -7.73117
22.7     -14.5574
22.72     -21.2633
22.74     -27.3816
22.76     -32.3939
22.78     -35.8111
22.8     -37.3335
22.82     -36.9576
22.84     -34.9395
22.86     -31.6434
22.88     -27.3878
22.9     -22.3918
22.92     -16.7744
22.94     -10.6248
22.96     -4.17242
22.98     2.09432
23     7.48738
23.02     11.3
23.04     12.9953
23.06     12.3514
23.08     9.52031
23.1     4.96238
23.12     -0.656042
23.14     -6.54905
23.16     -11.9642
23.18     -16.4207
23.2     -19.8369
23.22     -22.3814
23.24     -24.2663
23.26     -25.6014
23.28     -26.2776
23.3     -26.0145
23.32     -24.5253
23.34     -21.6865
23.36     -17.6353
23.38     -12.7535
23.4     -7.61067
23.42     -2.805
23.44     1.19563
23.46     4.06146
23.48     5.61286
23.5     5.86101
23.52     4.96888
23.54     3.13337
23.56     0.445028
23.58     -3.13256
23.6     -7.63365
23.62     -12.9272
23.64     -18.62
23.66     -24.1109
23.68     -28.7237
23.7     -31.8477
23.72     -33.1138
23.74     -32.4682
23.76     -30.0616
23.78     -26.132
23.8     -20.9867
23.82     -15.0355
23.84     -8.7512
23.86     -2.52802
23.88     3.41396
23.9     8.94227
23.92     13.8246
23.94     17.6836
23.96     20.1546
23.98     21.0862
24     20.6029
24.02     18.9698
24.04     16.4401
24.06     13.1954
24.08     9.31073
24.1     4.76788
24.12     -0.482102
24.14     -6.42056
24.16     -12.8732
24.18     -19.5163
24.2     -25.8808
24.22     -31.3075
24.24     -35.0077
24.26     -36.2954
24.28     -34.848
24.3     -30.8121
24.32     -24.6823
24.34     -17.0608
24.36     -8.48581
24.38     0.557808
24.4     9.57158
24.42     18.0905
24.44     25.7856
24.46     32.4447
24.48     37.8425
24.5     41.7694
24.52     44.1918
24.54     45.2986
24.56     45.3544
24.58     44.4242
24.6     42.2319
24.62     38.3315
24.64     32.4516
24.66     24.7202
24.68     15.6048
24.7     5.72122
24.72     -4.2335
24.74     -13.4348
24.76     -21.01
24.78     -26.3504
24.8     -29.3771
24.82     -30.5146
24.84     -30.3824
24.86     -29.4077
24.88     -27.642
24.9     -24.8002
24.92     -20.4668
24.94     -14.3888
24.96     -6.69517
24.98     1.97881
25     10.5846
25.02     17.993
25.04     23.2448
25.06     25.6687
25.08     25.0492
25.1     21.7557
25.12     16.7247
25.14     11.1792
25.16     6.05191
25.18     1.61202
25.2     -2.42551
25.22     -6.57288
25.24     -11.252
25.26     -16.5665
25.28     -22.1588
25.3     -27.1928
25.32     -30.6153
25.34     -31.6242
25.36     -29.9944
25.38     -26.0635
25.4     -20.5108
25.42     -14.1582
25.44     -7.82824
25.46     -2.15968
25.48     2.63852
25.5     6.85979
25.52     11.0576
25.54     15.6629
25.56     20.6731
25.58     25.5541
25.6     29.4543
25.62     31.6488
25.64     31.8492
25.66     30.182
25.68     26.974
25.7     22.5522
25.72     17.218
25.74     11.3175
25.76     5.20299
25.78     -0.864199
25.8     -6.73985
25.82     -12.3346
25.84     -17.4422
25.86     -21.5654
25.88     -23.9616
25.9     -23.9484
25.92     -21.2307
25.94     -16.0288
25.96     -8.96472
25.98     -0.850802
26     7.39136
26.02     14.7735
26.04     20.3872
26.06     23.566
26.08     23.9871
26.1     21.6684
26.12     16.9188
26.14     10.2858
26.16     2.46132
26.18     -5.83562
26.2     -14.0006
26.22     -21.6207
26.24     -28.4036
26.26     -34.0593
26.28     -38.2806
26.3     -40.8685
26.32     -41.8136
26.34     -41.2035
26.36     -39.0757
26.38     -35.3438
26.4     -29.8069
26.42     -22.2531
26.44     -12.7052
26.46     -1.66944
26.48     9.84974
26.5     20.6017
26.52     29.4383
26.54     35.6333
26.56     39.076
26.58     40.1977
26.6     39.6748
26.62     38.1889
26.64     36.3583
26.66     34.531
26.68     32.5803
26.7     30.0813
26.72     26.661
26.74     22.1993
26.76     16.7671
26.78     10.5674
26.8     4.12391
26.82     -1.58829
26.84     -5.47049
26.86     -6.98239
26.88     -6.51423
26.9     -4.98302
26.92     -3.06874
26.94     -0.831941
26.96     2.06001
26.98     5.80019
27     10.2051
27.02     14.9176
27.04     19.5924
27.06     23.868
27.08     27.2992
27.1     29.427
27.12     29.9453
27.14     28.9066
27.16     26.8425
27.18     24.5867
27.2     22.8957
27.22     22.0961
27.24     21.8509
27.26     21.2424
27.28     19.244
27.3     15.2241
27.32     9.1907
27.34     1.72689
27.36     -6.25233
27.38     -13.7251
27.4     -19.7191
27.42     -23.4343
27.44     -24.4352
27.46     -22.8251
27.48     -19.1694
27.5     -14.2081
27.52     -8.52448
27.54     -2.32294
27.56     4.49071
27.58     11.9569
27.6     19.7597
27.62     27.2371
27.64     33.631
27.66     38.2846
27.68     40.6827
27.7     40.493
27.72     37.7312
27.74     32.9239
27.76     26.9881
27.78     20.8522
27.8     15.1381
27.82     10.0716
27.84     5.56189
27.86     1.35556
27.88     -2.78139
27.9     -6.93081
27.92     -10.9321
27.94     -14.3914
27.96     -16.8621
27.98     -18.0573
28     -17.9701
28.02     -16.8536
28.04     -15.0915
28.06     -13.029
28.08     -10.8674
28.1     -8.69998
28.12     -6.55854
28.14     -4.39057
28.16     -2.07823
28.18     0.461292
28.2     3.13823
28.22     5.65369
28.24     7.62218
28.26     8.73716
28.28     8.92148
28.3     8.43228
28.32     7.82746
28.34     7.7391
28.36     8.58898
28.38     10.4732
28.4     13.2554
28.42     16.7175
28.44     20.6213
28.46     24.6504
28.48     28.3294
28.5     31.1589
28.52     32.9401
28.54     33.8483
28.56     34.129
28.58     33.8624
28.6     33.0216
28.62     31.5993
28.64     29.6445
28.66     27.1819
28.68     24.1494
28.7     20.4628
28.72     16.1409
28.74     11.3815
28.76     6.47732
28.78     1.65969
28.8     -2.94958
28.82     -7.25244
28.84     -11.0327
28.86     -13.9227
28.88     -15.5982
28.9     -16.0351
28.92     -15.5218
28.94     -14.477
28.96     -13.2767
28.98     -12.0312
29     -10.4928
29.02     -8.31885
29.04     -5.34245
29.06     -1.58488
29.08     2.82573
29.1     7.64064
29.12     12.3953
29.14     16.4009
29.16     18.9283
29.18     19.5166
29.2     18.2305
29.22     15.6382
29.24     12.4455
29.26     9.12532
29.28     5.84072
29.3     2.56962
29.32     -0.765802
29.34     -4.21983
29.36     -7.77255
29.38     -11.2692
29.4     -14.3559
29.42     -16.5081
29.44     -17.1874
29.46     -16.0565
29.48     -13.1365
29.5     -8.82071
29.52     -3.76894
29.54     1.27014
29.56     5.7031
29.58     9.27267
29.6     12.0378
29.62     14.1855
29.64     15.8152
29.66     16.8634
29.68     17.1724
29.7     16.5836
29.72     14.9941
29.74     12.4226
29.76     9.08709
29.78     5.43312
29.8     2.04467
29.82     -0.562111
29.84     -2.11489
29.86     -2.65224
29.88     -2.46657
29.9     -1.95747
29.92     -1.45222
29.94     -1.02952
29.96     -0.436712
29.98     0.782877
30     2.98081
30.02     6.17434
30.04     10.0202
30.06     13.9466
30.08     17.3557
30.1     19.7403
30.12     20.7147
30.14     20.0913
30.16     18.0412
30.18     15.1165
30.2     11.9917
30.22     9.13552
30.24     6.66942
30.26     4.47609
30.28     2.43987
30.3     0.614183
30.32     -0.785844
30.34     -1.45706
30.36     -1.05993
30.38     0.617297
30.4     3.4309
30.42     6.85591
30.44     10.1832
30.46     12.7517
30.48     14.0439
30.5     13.7119
30.52     11.7052
30.54     8.54219
30.56     5.31159
30.58     3.11913
30.6     2.55185
30.62     3.56727
30.64     5.70224
30.66     8.33757
30.68     10.8616
30.7     12.7865
30.72     13.8259
30.74     13.9449
30.76     13.341
30.78     12.3164
30.8     11.0797
30.82     9.6092
30.84     7.70733
30.86     5.17152
30.88     1.98261
30.9     -1.56282
30.92     -4.88353
30.94     -7.29436
30.96     -8.19085
30.98     -7.18786
31     -4.21621
31.02     0.423429
31.04     6.0172
31.06     11.5282
31.08     15.9397
31.1     18.5694
31.12     19.134
31.14     17.7044
31.16     14.6915
31.18     10.8254
31.2     6.96687
31.22     3.80069
31.24     1.64125
31.26     0.484239
31.28     0.214331
31.3     0.766959
31.32     2.06396
31.34     3.86417
31.36     5.89858
31.38     8.14286
31.4     10.8219
31.42     14.146
31.44     18.0725
31.46     22.302
31.48     26.4406
31.5     30.1474
31.52     33.1391
31.54     35.1213
31.56     35.8214
31.58     35.1307
31.6     33.1927
31.62     30.2614
31.64     26.417
31.66     21.4106
31.68     14.8348
31.7     6.51874
31.72     -3.2096
31.74     -13.5714
31.76     -23.5625
31.78     -32.1142
31.8     -38.1326
31.82     -40.7329
31.84     -39.6764
31.86     -35.5206
31.88     -29.3421
31.9     -22.227
31.92     -14.8685
31.94     -7.59887
31.96     -0.770737
31.98     4.97074
32     8.96643
32.02     11.1515
32.04     12.2183
32.06     12.9848
32.08     13.6127
32.1     13.6055
32.12     12.5296
32.14     10.5353
32.16     8.17771
32.18     5.8683
32.2     3.55533
32.22     0.909229
32.24     -2.30692
32.26     -6.08633
32.28     -10.2538
32.3     -14.6326
32.32     -19.1089
32.34     -23.4305
32.36     -27.051
32.38     -29.2677
32.4     -29.437
32.42     -27.1591
32.44     -22.3916
32.46     -15.4468
32.48     -6.92737
32.5     2.36862
32.52     11.5373
32.54     19.6461
32.56     25.8582
32.58     29.5747
32.6     30.5694
32.62     29.0558
32.64     25.5985
32.66     20.8847
32.68     15.4471
32.7     9.57505
32.72     3.47826
32.74     -2.52145
32.76     -8.01457
32.78     -12.7178
32.8     -16.5749
32.82     -19.613
32.84     -21.7214
32.86     -22.5605
32.88     -21.7199
32.9     -19.014
32.92     -14.5668
32.94     -8.69251
32.96     -1.84032
32.98     5.45449
33     12.6722
33.02     19.379
33.04     25.246
33.06     30.0472
33.08     33.7104
33.1     36.3461
33.12     38.2061
33.14     39.5683
33.16     40.554
33.18     41.0454
33.2     40.7056
33.22     39.0579
33.24     35.7063
33.26     30.5681
33.28     23.8972
33.3     16.134
33.32     7.80554
33.34     -0.402641
33.36     -7.56376
33.38     -12.7216
33.4     -15.3949
33.42     -15.8556
33.44     -14.8349
33.46     -12.9996
33.48     -10.605
33.5     -7.4786
33.52     -3.37608
33.54     1.66329
33.56     7.39066
33.58     13.6387
33.6     20.3014
33.62     26.9299
33.64     32.5235
33.66     35.8868
33.68     36.2265
33.7     33.5337
33.72     28.4873
33.74     21.9464
33.76     14.5113
33.78     6.50904
33.8     -1.75719
33.82     -9.85247
33.84     -17.3161
33.86     -23.8149
33.88     -29.1292
33.9     -33.0474
33.92     -35.2749
33.94     -35.4888
33.96     -33.5489
33.98     -29.6239
34     -23.9842
34.02     -16.6632
34.04     -7.51153
34.06     3.33179
34.08     15.0376
34.1     26.2192
34.12     35.5297
34.14     42.159
34.16     45.9603
34.18     47.3189
34.2     46.8114
34.22     44.9441
34.24     42.1717
34.26     38.8671
34.28     35.1633
34.3     30.9728
34.32     26.1767
34.34     20.7687
34.36     14.8271
34.38     8.40545
34.4     1.60241
34.42     -5.22718
34.44     -11.47
34.46     -16.5934
34.48     -20.3897
34.5     -22.8319
34.52     -23.8483
34.54     -23.2718
34.56     -21.0122
34.58     -17.2528
34.6     -12.3579
34.62     -6.64364
34.64     -0.455099
34.66     5.49284
34.68     10.1263
34.7     12.5397
34.72     12.5199
34.74     10.582
34.76     7.48413
34.78     3.74735
34.8     -0.379491
34.82     -4.64138
34.84     -8.66256
34.86     -12.1937
34.88     -15.2914
34.9     -18.0939
34.92     -20.4492
34.94     -21.8115
34.96     -21.4607
34.98     -18.8609
35     -13.9303
35.02     -7.11994
35.04     0.633856
35.06     8.11452
35.08     14.1583
35.1     17.9659
35.12     19.3002
35.14     18.4827
35.16     16.2088
35.18     13.3403
35.2     10.7123
35.22     8.93372
35.24     8.24715
35.26     8.5036
35.28     9.28386
35.3     10.0564
35.32     10.275
35.34     9.55413
35.36     7.86007
35.38     5.50631
35.4     2.92047
35.42     0.374274
35.44     -2.03039
35.46     -4.17796
35.48     -5.89424
35.5     -7.11472
35.52     -7.95966
35.54     -8.58895
35.56     -9.04569
35.58     -9.23321
35.6     -9.01938
35.62     -8.38091
35.64     -7.47974
35.66     -6.5898
35.68     -5.97191
35.7     -5.82809
35.72     -6.28135
35.74     -7.32783
35.76     -8.80737
35.78     -10.4712
35.8     -12.0533
35.82     -13.1845
35.84     -13.3196
35.86     -11.9052
35.88     -8.68832
35.9     -3.94033
35.92     1.59954
35.94     7.06769
35.96     11.7992
35.98     15.406
36     17.6008
36.02     18.0446
36.04     16.5102
36.06     13.1681
36.08     8.63019
36.1     3.62328
36.12     -1.43411
36.14     -6.50516
36.16     -11.604
36.18     -16.4556
36.2     -20.5585
36.22     -23.5313
36.24     -25.3124
36.26     -26.0765
36.28     -26.0164
36.3     -25.2045
36.32     -23.6687
36.34     -21.48
36.36     -18.6949
36.38     -15.3261
36.4     -11.3645
36.42     -6.82497
36.44     -1.83339
36.46     3.34322
36.48     8.30788
36.5     12.5572
36.52     15.5788
36.54     17.0414
36.56     16.9759
36.58     15.777
36.6     13.9649
36.62     11.8831
36.64     9.62573
36.66     7.20029
36.68     4.66335
36.7     2.12849
36.72     -0.29659
36.74     -2.52272
36.76     -4.35758
36.78     -5.43829
36.8     -5.36523
36.82     -3.9026
36.84     -1.12034
36.86     2.56814
36.88     6.52796
36.9     10.1176
36.92     12.7906
36.94     14.1296
36.96     13.9268
36.98     12.1935
37     9.11085
37.02     5.00281
37.04     0.290801
37.06     -4.58899
37.08     -9.22397
37.1     -13.1632
37.12     -15.9066
37.14     -17.0591
37.16     -16.4976
37.18     -14.3614
37.2     -10.9319
37.22     -6.59027
37.24     -1.84771
37.26     2.64705
37.28     6.25358
37.3     8.63903
37.32     9.96688
37.34     10.7105
37.36     11.2497
37.38     11.7148
37.4     12.0941
37.42     12.3066
37.44     12.1524
37.46     11.2657
37.48     9.25902
37.5     6.00019
37.52     1.7917
37.54     -2.69874
37.56     -6.7068
37.58     -9.6297
37.6     -11.1349
37.62     -11.1921
37.64     -10.0818
37.66     -8.28567
37.68     -6.30875
37.7     -4.56911
37.72     -3.36925
37.74     -2.85945
37.76     -3.03253
37.78     -3.81787
37.8     -5.14761
37.82     -6.97053
37.84     -9.22798
37.86     -11.7708
37.88     -14.3069
37.9     -16.4501
37.92     -17.7892
37.94     -17.922
37.96     -16.5472
37.98     -13.6097
38     -9.3948
38.02     -4.504
38.04     0.354927
38.06     4.67922
38.08     8.30419
38.1     11.2917
38.12     13.7961
38.14     16.0327
38.16     18.2299
38.18     20.4833
38.2     22.6448
38.22     24.3814
38.24     25.3459
38.26     25.3307
38.28     24.2939
38.3     22.2151
38.32     19.0179
38.34     14.714
38.36     9.54583
38.38     3.9221
38.4     -1.79804
38.42     -7.44204
38.44     -12.9507
38.46     -18.2189
38.48     -23.0456
38.5     -27.143
38.52     -30.1175
38.54     -31.5584
38.56     -31.2422
38.58     -29.2734
38.6     -25.984
38.62     -21.655
38.64     -16.4095
38.66     -10.3642
38.68     -3.84477
38.7     2.55107
38.72     8.18082
38.74     12.7296
38.76     16.3208
38.78     19.2542
38.8     21.7253
38.82     23.7355
38.84     25.1072
38.86     25.5476
38.88     24.7604
38.9     22.4567
38.92     18.3466
38.94     12.321
38.96     4.69724
38.98     -3.65997
39     -11.4656
39.02     -17.4493
39.04     -20.8806
39.06     -21.8074
39.08     -20.8865
39.1     -19.072
39.12     -17.3204
39.14     -16.3449
39.16     -16.5091
39.18     -17.7933
39.2     -19.8163
39.22     -21.968
39.24     -23.608
39.26     -24.1618
39.28     -23.1602
39.3     -20.4225
39.32     -16.1539
39.34     -10.8023
39.36     -4.8357
39.38     1.44451
39.4     7.90739
39.42     14.3797
39.44     20.3898
39.46     25.1414
39.48     27.8312
39.5     28.077
39.52     26.1033
39.54     22.5499
39.56     18.1223
39.58     13.3351
39.6     8.45996
39.62     3.64562
39.64     -0.943624
39.66     -5.11803
39.68     -8.77948
39.7     -11.9371
39.72     -14.5306
39.74     -16.2859
39.76     -16.7285
39.78     -15.3829
39.8     -12.0897
39.82     -7.16161
39.84     -1.28027
39.86     4.75019
39.88     10.236
39.9     14.6753
39.92     17.7484
39.94     19.3253
39.96     19.4798
39.98     18.4175
40     16.3601
40.02     13.5597
40.04     10.3474
40.06     7.04033
40.08     3.85333
40.1     0.966032
40.12     -1.33817
40.14     -2.61643
40.16     -2.39898
40.18     -0.437206
40.2     3.16257
40.22     7.98696
40.24     13.4176
40.26     18.727
40.28     23.215
40.3     26.3476
40.32     27.8389
40.34     27.7076
40.36     26.2857
40.38     24.129
40.4     21.818
40.42     19.686
40.44     17.6741
40.46     15.4678
40.48     12.7347
40.5     9.2599
40.52     5.01235
40.54     0.21414
40.56     -4.66175
40.58     -8.97844
40.6     -12.0639
40.62     -13.4163
40.64     -12.9347
40.66     -10.9702
40.68     -8.12847
40.7     -5.01731
40.72     -2.06943
40.74     0.590173
40.76     3.15029
40.78     5.91684
40.8     9.08676
40.82     12.6177
40.84     16.1455
40.86     19.0153
40.88     20.4636
40.9     19.8172
40.92     16.667
40.94     11.0477
40.96     3.53454
40.98     -4.86421
41     -12.9952
41.02     -19.8613
41.04     -24.7515
41.06     -27.2291
41.08     -27.1413
41.1     -24.6633
41.12     -20.2957
41.14     -14.7162
41.16     -8.52111
41.18     -2.07211
41.2     4.45308
41.22     10.8804
41.24     16.9056
41.26     22.1327
41.28     26.2005
41.3     28.8258
41.32     29.7922
41.34     29.0158
41.36     26.5992
41.38     22.7711
41.4     17.8223
41.42     12.0967
41.44     5.98308
41.46     -0.0872081
41.48     -5.69641
41.5     -10.578
41.52     -14.634
41.54     -17.7973
41.56     -19.974
41.58     -21.122
41.6     -21.3075
41.62     -20.6639
41.64     -19.2855
41.66     -17.1719
41.68     -14.3054
41.7     -10.7679
41.72     -6.76776
41.74     -2.56681
41.76     1.58524
41.78     5.43247
41.8     8.68804
41.82     11.0834
41.84     12.4463
41.86     12.7362
41.88     12.0242
41.9     10.4221
41.92     7.98912
41.94     4.69872
41.96     0.510806
41.98     -4.5342
42     -10.2715
42.02     -16.3227
42.04     -21.9866
42.06     -26.3598
42.08     -28.6221
42.1     -28.2593
42.12     -25.1691
42.14     -19.6005
42.16     -12.0324
42.18     -3.14201
42.2     6.22222
42.22     15.1981
42.24     23.1298
42.26     29.6352
42.28     34.5231
42.3     37.6822
42.32     38.9987
42.34     38.4065
42.36     35.9913
42.38     31.9484
42.4     26.4691
42.42     19.7539
42.44     12.1245
42.46     4.09751
42.48     -3.64593
42.5     -10.4005
42.52     -15.5901
42.54     -18.7965
42.56     -19.7526
42.58     -18.4304
42.6     -15.1033
42.62     -10.2234
42.64     -4.19934
42.66     2.66466
42.68     10.0303
42.7     17.3883
42.72     24.0661
42.74     29.382
42.76     32.8014
42.78     33.9809
42.8     32.788
42.82     29.4028
42.84     24.3989
42.86     18.5928
42.88     12.7216
42.9     7.29995
42.92     2.71392
42.94     -0.765597
42.96     -3.10679
42.98     -4.54682
43     -5.38274
43.02     -5.65647
43.04     -5.10606
43.06     -3.52312
43.08     -1.09166
43.1     1.69322
43.12     4.3624
43.14     6.69053
43.16     8.59098
43.18     9.89135
43.2     10.3596
43.22     9.9759
43.24     9.1262
43.26     8.43039
43.28     8.34743
43.3     8.96066
43.32     10.08
43.34     11.4644
43.36     12.9447
43.38     14.3971
43.4     15.6241
43.42     16.34
43.44     16.3358
43.46     15.6295
43.48     14.4318
43.5     12.9411
43.52     11.2082
43.54     9.20385
43.56     6.94975
43.58     4.56856
43.6     2.20149
43.62     -0.11257
43.64     -2.44712
43.66     -4.82594
43.68     -7.0053
43.7     -8.51506
43.72     -8.93553
43.74     -8.05886
43.76     -5.88572
43.78     -2.57369
43.8     1.58999
43.82     6.13398
43.84     10.3807
43.86     13.6306
43.88     15.438
43.9     15.741
43.92     14.8068
43.94     13.043
43.96     10.7896
43.98     8.26506
44     5.63894
44.02     3.06681
44.04     0.685926
44.06     -1.3763
44.08     -2.95233
44.1     -3.75941
44.12     -3.45975
44.14     -1.8843
44.16     0.823791
44.18     4.26276
44.2     7.89199
44.22     11.1705
44.24     13.6997
44.26     15.3302
44.28     16.2251
44.3     16.8046
44.32     17.525
44.34     18.5842
44.36     19.7704
44.38     20.5404
44.4     20.2093
44.42     18.2009
44.44     14.3005
44.46     8.76025
44.48     2.24929
44.5     -4.26916
44.52     -9.75654
44.54     -13.4139
44.56     -14.9181
44.58     -14.4437
44.6     -12.4747
44.62     -9.53083
44.64     -5.97714
44.66     -1.97943
44.68     2.44907
44.7     7.36822
44.72     12.7876
44.74     18.4785
44.76     23.8401
44.78     27.9959
44.8     30.0774
44.82     29.4998
44.84     26.1515
44.86     20.4477
44.88     13.2067
44.9     5.42808
44.92     -1.96749
44.94     -8.3675
44.96     -13.5545
44.98     -17.6276
45     -20.8375
45.02     -23.4185
45.04     -25.4571
45.06     -26.8309
45.08     -27.2489
45.1     -26.3806
45.12     -24.0142
45.14     -20.1408
45.16     -14.9488
45.18     -8.82199
45.2     -2.37722
45.22     3.59632
45.24     8.4035
45.26     11.7407
45.28     13.754
45.3     14.8535
45.32     15.4921
45.34     16.021
45.36     16.5911
45.38     17.0846
45.4     17.1649
45.42     16.4363
45.44     14.5932
45.46     11.5045
45.48     7.23303
45.5     2.04381
45.52     -3.55666
45.54     -8.88749
45.56     -13.3404
45.58     -16.6133
45.6     -18.7389
45.62     -19.9299
45.64     -20.4099
45.66     -20.2792
45.68     -19.4222
45.7     -17.5604
45.72     -14.4071
45.74     -9.82264
45.76     -3.91326
45.78     2.97563
45.8     10.341
45.82     17.5788
45.84     23.9906
45.86     28.8735
45.88     31.7563
45.9     32.6059
45.92     31.7874
45.94     29.8009
45.96     26.999
45.98     23.499
46     19.3301
46.02     14.6087
46.04     9.551
46.06     4.33634
46.08     -0.9704
46.1     -6.29055
46.12     -11.3544
46.14     -15.7054
46.16     -18.9128
46.18     -20.8294
46.2     -21.6679
46.22     -21.8021
46.24     -21.4924
46.26     -20.797
46.28     -19.6462
46.3     -17.9357
46.32     -15.5811
46.34     -12.5321
46.36     -8.78133
46.38     -4.38842
46.4     0.502628
46.42     5.68232
46.44     10.9314
46.46     16.1014
46.48     21.1368
46.5     25.9464
46.52     30.2146
46.54     33.3467
46.56     34.6313
46.58     33.521
46.6     29.857
46.62     23.8987
46.64     16.1665
46.66     7.31268
46.68     -1.83574
46.7     -10.2676
46.72     -17.0171
46.74     -21.5104
46.76     -23.7325
46.78     -24.0936
46.8     -23.1482
46.82     -21.3772
46.84     -19.093
46.86     -16.4184
46.88     -13.3127
46.9     -9.65731
46.92     -5.39636
46.94     -0.67392
46.96     4.11472
46.98     8.35833
47     11.3351
47.02     12.4371
47.04     11.4527
47.06     8.69782
47.08     4.88973
47.1     0.842669
47.12     -2.84115
47.14     -5.90442
47.16     -8.34696
47.18     -10.2653
47.2     -11.7705
47.22     -12.9584
47.24     -13.8415
47.26     -14.2584
47.28     -13.8888
47.3     -12.4106
47.32     -9.70912
47.34     -6.03351
47.36     -1.94693
47.38     1.9498
47.4     5.28621
47.42     7.99106
47.44     10.1885
47.46     12.0645
47.48     13.7957
47.5     15.518
47.52     17.2506
47.54     18.7649
47.56     19.5737
47.58     19.1705
47.6     17.3572
47.62     14.3818
47.64     10.7761
47.66     7.07566
47.68     3.68272
47.7     0.892175
47.72     -1.08693
47.74     -2.20039
47.76     -2.62286
47.78     -2.71899
47.8     -2.86589
47.82     -3.24062
47.84     -3.74697
47.86     -4.12983
47.88     -4.17063
47.9     -3.81631
47.92     -3.16808
47.94     -2.38131
47.96     -1.57391
47.98     -0.803113
48     -0.062887
48.02     0.745527
48.04     1.82079
48.06     3.40166
48.08     5.64723
48.1     8.51766
48.12     11.7428
48.14     14.9031
48.16     17.5401
48.18     19.2309
48.2     19.641
48.22     18.5983
48.24     16.1609
48.26     12.5999
48.28     8.29116
48.3     3.58334
48.32     -1.26118
48.34     -5.98409
48.36     -10.2351
48.38     -13.644
48.4     -15.9573
48.42     -17.0732
48.44     -16.9787
48.46     -15.6813
48.48     -13.2269
48.5     -9.79733
48.52     -5.76487
48.54     -1.58917
48.56     2.38456
48.58     6.03209
48.6     9.36521
48.62     12.3826
48.64     15.0136
48.66     17.1413
48.68     18.6062
48.7     19.1699
48.72     18.5271
48.74     16.4078
48.76     12.7102
48.78     7.60594
48.8     1.5993
48.82     -4.52407
48.84     -9.88609
48.86     -13.7199
48.88     -15.4948
48.9     -14.9702
48.92     -12.2106
48.94     -7.59494
48.96     -1.7949
48.98     4.36988
49     10.162
49.02     15.0708
49.04     18.8181
49.06     21.2923
49.08     22.4661
49.1     22.3406
49.12     20.9401
49.14     18.3528
49.16     14.7745
49.18     10.4967
49.2     5.86436
49.22     1.26698
49.24     -2.86168
49.26     -6.08715
49.28     -8.06834
49.3     -8.66608
49.32     -8.01
49.34     -6.44997
49.36     -4.37579
49.38     -2.04625
49.4     0.432234
49.42     3.01788
49.44     5.68315
49.46     8.44558
49.48     11.3746
49.5     14.5179
49.52     17.7933
49.54     20.9236
49.56     23.4955
49.58     25.1277
49.6     25.6363
49.62     25.0856
49.64     23.7055
49.66     21.7824
49.68     19.6003
49.7     17.4206
49.72     15.4612
49.74     13.8521
49.76     12.5816
49.78     11.4739
49.8     10.2659
49.82     8.74451
49.84     6.8062
49.86     4.40222
49.88     1.4788
49.9     -1.99627
49.92     -5.94782
49.94     -10.141
49.96     -14.2138
49.98     -17.7528
50     -20.3317
50.02     -21.5223
50.04     -20.9512
50.06     -18.4097
50.08     -13.9425
50.1     -7.8391
50.12     -0.543904
50.14     7.42599
50.16     15.5148
50.18     23.138
50.2     29.7165
50.22     34.7429
50.24     37.852
50.26     38.8767
50.28     37.8738
50.3     35.1167
50.32     31
50.34     25.8992
50.36     20.1294
50.38     14.0269
50.4     8.01927
50.42     2.55637
50.44     -2.03983
50.46     -5.61647
50.48     -8.09073
50.5     -9.39121
50.52     -9.54207
50.54     -8.76139
50.56     -7.43967
50.58     -6.00621
50.6     -4.77133
50.62     -3.85397
50.64     -3.21062
50.66     -2.68686
50.68     -2.0532
50.7     -1.03321
50.72     0.650417
50.74     3.19133
50.76     6.60235
50.78     10.6692
50.8     14.9852
50.82     19.0296
50.84     22.2693
50.86     24.2747
50.88     24.8017
50.9     23.8134
50.92     21.4397
50.94     17.9169
50.96     13.5814
50.98     8.88343
51     4.31799
51.02     0.282287
51.04     -3.00551
51.06     -5.45178
51.08     -6.98394
51.1     -7.52979
51.12     -7.08414
51.14     -5.75743
51.16     -3.73623
51.18     -1.18753
51.2     1.79609
51.22     5.15833
51.24     8.80422
51.26     12.5685
51.28     16.2195
51.3     19.4536
51.32     21.9007
51.34     23.1754
51.36     22.9617
51.38     21.0855
51.4     17.5592
51.42     12.6086
51.44     6.66427
51.46     0.314788
51.48     -5.77757
51.5     -11.0043
51.52     -14.9228
51.54     -17.3047
51.56     -18.1297
51.58     -17.5364
51.6     -15.7636
51.62     -13.0779
51.64     -9.70776
51.66     -5.85173
51.68     -1.71587
51.7     2.50293
51.72     6.6749
51.74     10.7377
51.76     14.6123
51.78     18.1328
51.8     21.0613
51.82     23.1604
51.84     24.2452
51.86     24.2004
51.88     22.9586
51.9     20.4652
51.92     16.707
51.94     11.7962
51.96     6.03471
51.98     -0.100111
52     -6.06543
52.02     -11.3862
52.04     -15.7247
52.06     -18.8681
52.08     -20.6953
52.1     -21.1679
52.12     -20.3269
52.14     -18.2893
52.16     -15.2329
52.18     -11.3601
52.2     -6.86862
52.22     -1.96922
52.24     3.05776
52.26     7.85883
52.28     12.0829
52.3     15.4431
52.32     17.7308
52.34     18.8438
52.36     18.8229
52.38     17.8228
52.4     16.0234
52.42     13.5408
52.44     10.4058
52.46     6.6293
52.48     2.29067
52.5     -2.4258
52.52     -7.25722
52.54     -11.9072
52.56     -16.0564
52.58     -19.3625
52.6     -21.5154
52.62     -22.3401
52.64     -21.8622
52.66     -20.2709
52.68     -17.7914
52.7     -14.567
52.72     -10.657
52.74     -6.11084
52.76     -1.03049
52.78     4.40659
52.8     9.96417
52.82     15.3696
52.84     20.3024
52.86     24.3812
52.88     27.2113
52.9     28.4923
52.92     28.116
52.94     26.1802
52.96     22.9117
52.98     18.5786
53     13.4617
53.02     7.8627
53.04     2.1134
53.06     -3.44084
53.08     -8.48101
53.1     -12.7354
53.12     -15.9733
53.14     -17.9908
53.16     -18.6128
53.18     -17.7327
53.2     -15.3681
53.22     -11.6905
53.24     -7.00704
53.26     -1.71499
53.28     3.73882
53.3     8.89217
53.32     13.3003
53.34     16.5846
53.36     18.4945
53.38     18.9482
53.4     18.0337
53.42     15.9763
53.44     13.0865
53.46     9.68985
53.48     6.07063
53.5     2.46452
53.52     -0.926577
53.54     -3.93416
53.56     -6.4414
53.58     -8.39982
53.6     -9.81269
53.62     -10.6942
53.64     -11.0423
53.66     -10.8353
53.68     -10.0578
53.7     -8.74898
53.72     -7.02691
53.74     -5.05269
53.76     -2.97642
53.78     -0.921458
53.8     0.995817
53.82     2.64625
53.84     3.89457
53.86     4.64075
53.88     4.85881
53.9     4.58603
53.92     3.87837
53.94     2.7854
53.96     1.3638
53.98     -0.287546
54     -2.00907
54.02     -3.60981
54.04     -4.92306
54.06     -5.83452
54.08     -6.26027
54.1     -6.12634
54.12     -5.39608
54.14     -4.10643
54.16     -2.36258
54.18     -0.286771
54.2     2.03311
54.22     4.54348
54.24     7.1901
54.26     9.89399
54.28     12.5501
54.3     15.0342
54.32     17.2002
54.34     18.8786
54.36     19.8954
54.38     20.1092
54.4     19.4542
54.42     17.958
54.44     15.7226
54.46     12.8922
54.48     9.63002
54.5     6.10056
54.52     2.46977
54.54     -1.07603
54.56     -4.33231
54.58     -7.1076
54.6     -9.24625
54.62     -10.6185
54.64     -11.0969
54.66     -10.5713
54.68     -9.01833
54.7     -6.5572
54.72     -3.42415
54.74     0.106421
54.76     3.76846
54.78     7.2941
54.8     10.4096
54.82     12.8795
54.84     14.5684
54.86     15.4667
54.88     15.6497
54.9     15.2094
54.92     14.2272
54.94     12.7842
54.96     10.9685
54.98     8.86888
55     6.57555
55.02     4.18815
55.04     1.81816
55.06     -0.41452
55.08     -2.37911
55.1     -3.92334
55.12     -4.88955
55.14     -5.16591
55.16     -4.72959
55.18     -3.64433
55.2     -2.02171
55.22     0.017061
55.24     2.35887
55.26     4.89911
55.28     7.53762
55.3     10.1842
55.32     12.7718
55.34     15.2547
55.36     17.5812
55.38     19.6675
55.4     21.399
55.42     22.6623
55.44     23.3907
55.46     23.5896
55.48     23.3261
55.5     22.7014
55.52     21.8175
55.54     20.7519
55.56     19.5468
55.58     18.2119
55.6     16.7297
55.62     15.0678
55.64     13.2061
55.66     11.1637
55.68     9.01418
55.7     6.8821
55.72     4.92155
55.74     3.28388
55.76     2.08537
55.78     1.37888
55.8     1.14373
55.82     1.30468
55.84     1.76949
55.86     2.46042
55.88     3.31739
55.9     4.2809
55.92     5.28729
55.94     6.28583
55.96     7.24977
55.98     8.16303
56     8.99578
56.02     9.69106
56.04     10.1777
56.06     10.4018
56.08     10.3459
56.1     10.0247
56.12     9.47265
56.14     8.72852
56.16     7.83627
56.18     6.86737
56.2     5.93362
56.22     5.17107
56.24     4.70358
56.26     4.60896
56.28     4.90642
56.3     5.56262
56.32     6.50167
56.34     7.6039
56.36     8.71041
56.38     9.65348
56.4     10.2974
56.42     10.5659
56.44     10.4403
56.46     9.93645
56.48     9.0845
56.5     7.91682
56.52     6.46027
56.54     4.73897
56.56     2.78998
56.58     0.683015
56.6     -1.46998
56.62     -3.52398
56.64     -5.32295
56.66     -6.7218
56.68     -7.60178
56.7     -7.88929
56.72     -7.57847
56.74     -6.73059
56.76     -5.43547
56.78     -3.76635
56.8     -1.78163
56.82     0.439067
56.84     2.79125
56.86     5.17481
56.88     7.50713
56.9     9.70848
56.92     11.6789
56.94     13.2909
56.96     14.4169
56.98     14.9739
57     14.9357
57.02     14.3008
57.04     13.0669
57.06     11.2432
57.08     8.87799
57.1     6.08106
57.12     3.02259
57.14     -0.0901908
57.16     -3.04275
57.18     -5.63546
57.2     -7.69112
57.22     -9.05913
57.24     -9.63208
57.26     -9.36092
57.28     -8.24777
57.3     -6.32982
57.32     -3.66729
57.34     -0.338022
57.36     3.55398
57.38     7.86368
57.4     12.3904
57.42     16.8706
57.44     20.9972
57.46     24.4671
57.48     27.0385
57.5     28.5662
57.52     29.0057
57.54     28.4024
57.56     26.8796
57.58     24.6182
57.6     21.8141
57.62     18.604
57.64     15.0148
57.66     11.005
57.68     6.57408
57.7     1.85269
57.72     -2.88332
57.74     -7.26354
57.76     -10.8955
57.78     -13.4312
57.8     -14.6213
57.82     -14.3551
57.84     -12.6852
57.86     -9.8228
57.88     -6.09085
57.9     -1.85159
57.92     2.56126
57.94     6.87367
57.96     10.8687
57.98     14.3698
58     17.2175
58.02     19.2482
58.04     20.2939
58.06     20.2097
58.08     18.9242
58.1     16.4813
58.12     13.0489
58.14     8.90525
58.16     4.41631
58.18     -0.00390698
58.2     -3.9504
58.22     -7.09205
58.24     -9.2288
58.26     -10.311
58.28     -10.3983
58.3     -9.59871
58.32     -8.03028
58.34     -5.79229
58.36     -2.95189
58.38     0.442777
58.4     4.32688
58.42     8.56025
58.44     12.8782
58.46     16.9084
58.48     20.241
58.5     22.4988
58.52     23.4009
58.54     22.8308
58.56     20.8858
58.58     17.8693
58.6     14.2115
58.62     10.3365
58.64     6.55256
58.66     3.03003
58.68     -0.162896
58.7     -3.01343
58.72     -5.51501
58.74     -7.61505
58.76     -9.1898
58.78     -10.07
58.8     -10.0964
58.82     -9.18067
58.84     -7.35402
58.86     -4.78125
58.88     -1.73306
58.9     1.48319
58.92     4.6106
58.94     7.49128
58.96     10.0603
58.98     12.3177
59     14.304
59.02     16.0706
59.04     17.6258
59.06     18.8769
59.08     19.6274
59.1     19.6552
59.12     18.8195
59.14     17.1127
59.16     14.6353
59.18     11.5444
59.2     8.03408
59.22     4.34207
59.24     0.730952
59.26     -2.56378
59.28     -5.37762
59.3     -7.61075
59.32     -9.18029
59.34     -9.98472
59.36     -9.91469
59.38     -8.89606
59.4     -6.93456
59.42     -4.13512
59.44     -0.687062
59.46     3.16091
59.48     7.1178
59.5     10.868
59.52     14.0991
59.54     16.5397
59.56     18
59.58     18.3917
59.6     17.72
59.62     16.061
59.64     13.5521
59.66     10.4047
59.68     6.89096
59.7     3.29588
59.72     -0.119457
59.74     -3.12242
59.76     -5.50178
59.78     -7.08756
59.8     -7.78981
59.82     -7.60991
59.84     -6.60402
59.86     -4.83691
59.88     -2.37853
59.9     0.663866
59.92     4.12824
59.94     7.81978
59.96     11.5353
59.98     15.0503
60     18.0922
