TIME/STEP     base_shear_z
0     0
0.02     0.2804
0.04     0.1483
0.06     -1.033
0.08     -2.124
0.1     -1.741
0.12     0.7851
0.14     2.475
0.16     0.1543
0.18     -3.534
0.2     -3.774
0.22     -0.6647
0.24     0.1957
0.26     -3.431
0.28     -6.329
0.3     -3.98
0.32     -0.5743
0.34     -1.772
0.36     -6.941
0.38     -9.606
0.4     -6.454
0.42     -2.972
0.44     -3.093
0.46     -5.242
0.48     -6.486
0.5     -5.318
0.52     -1.132
0.54     3.626
0.56     3.187
0.58     -3.926
0.6     -8.952
0.62     -5.796
0.64     -0.8897
0.66     -0.2192
0.68     -3.537
0.7     -8.112
0.72     -11.48
0.74     -11.88
0.76     -8.965
0.78     -4.753
0.8     -2.132
0.82     0.2
0.84     6.678
0.86     17.85
0.88     27.71
0.9     30.32
0.92     28.8
0.94     27.98
0.96     25.42
0.98     17.85
1     7.172
1.02     -0.07628
1.04     -1.221
1.06     -6.253
1.08     -22.74
1.1     -43.12
1.12     -56.18
1.14     -59.19
1.16     -60
1.18     -65.3
1.2     -70.27
1.22     -64.93
1.24     -47
1.26     -26.6
1.28     -13.57
1.3     -5.854
1.32     4.212
1.34     19.39
1.36     33.36
1.38     40.4
1.4     45.83
1.42     56.74
1.44     71.14
1.46     78.36
1.48     70.42
1.5     53.49
1.52     39.16
1.54     28.36
1.56     11.57
1.58     -16.74
1.6     -48.71
1.62     -69.68
1.64     -74.54
1.66     -74.88
1.68     -80.24
1.7     -89.82
1.72     -103.2
1.74     -115.3
1.76     -113.5
1.78     -90.44
1.8     -54.82
1.82     -23.88
1.84     1.715
1.86     33.45
1.88     64.91
1.9     80.05
1.92     82.2
1.94     88.39
1.96     105
1.98     124.8
2     136.9
2.02     132.1
2.04     109.7
2.06     78.25
2.08     42.59
2.1     0.8349
2.12     -48.79
2.14     -100.1
2.16     -141.2
2.18     -167.5
2.2     -179.4
2.22     -177.8
2.24     -169
2.26     -154.4
2.28     -131.4
2.3     -106.1
2.32     -82.63
2.34     -57.15
2.36     -20.34
2.38     40.02
2.4     121.8
2.42     197.6
2.44     239.3
2.46     242.5
2.48     215.5
2.5     164.3
2.52     98.69
2.54     29.96
2.56     -32.46
2.58     -77.33
2.6     -106
2.62     -130.6
2.64     -163.1
2.66     -208.4
2.68     -255.1
2.7     -281.5
2.72     -277.2
2.74     -253.2
2.76     -214.8
2.78     -153
2.8     -56.34
2.82     67.12
2.84     178.6
2.86     242.9
2.88     264.8
2.9     272.5
2.92     276.9
2.94     268.6
2.96     240.1
2.98     199
3     148.1
3.02     80.61
3.04     -4.391
3.06     -107.4
3.08     -221.1
3.1     -324.2
3.12     -396.1
3.14     -427.4
3.16     -415.3
3.18     -365.1
3.2     -298
3.22     -230.7
3.24     -159.1
3.26     -65.81
3.28     59.93
3.3     198.7
3.32     305.3
3.34     358.4
3.36     378
3.38     388.4
3.4     379.3
3.42     316.2
3.44     199.8
3.46     80.67
3.48     -9.188
3.5     -90.38
3.52     -175.1
3.54     -245.9
3.56     -292.1
3.58     -322.4
3.6     -348.6
3.62     -367.3
3.64     -354.3
3.66     -295.1
3.68     -201.4
3.7     -81.13
3.72     52.98
3.74     156.2
3.76     189.5
3.78     175.5
3.8     171.8
3.82     196
3.84     216
3.86     199.4
3.88     140.9
3.9     67.45
3.92     19.68
3.94     -3.401
3.96     -41.62
3.98     -105.3
4     -161.1
4.02     -177.9
4.04     -158.2
4.06     -136.8
4.08     -148.4
4.1     -168.7
4.12     -144
4.14     -61.73
4.16     44.63
4.18     118.2
4.2     126.7
4.22     88.37
4.24     47.67
4.26     27.59
4.28     13.57
4.3     -7.149
4.32     -25.16
4.34     -41.18
4.36     -75.79
4.38     -136.3
4.4     -193.9
4.42     -200.8
4.44     -153.9
4.46     -95.04
4.48     -65.25
4.5     -70.17
4.52     -67.59
4.54     -28.33
4.56     24.37
4.58     57.28
4.6     69.16
4.62     88.03
4.64     133.6
4.66     181.4
4.68     185.7
4.7     123.4
4.72     15.15
4.74     -82.12
4.76     -117
4.78     -81.77
4.8     -19.98
4.82     9.536
4.84     -4.186
4.86     -21.42
4.88     -41.82
4.9     -107.6
4.92     -205.5
4.94     -265
4.96     -232.3
4.98     -124.7
5     -9.366
5.02     80.51
5.04     155.4
5.06     201.6
5.08     186.9
5.1     132.6
5.12     108.9
5.14     153.5
5.16     236.9
5.18     310.8
5.2     340.9
5.22     306.3
5.24     200.5
5.26     28.86
5.28     -163.8
5.3     -292
5.32     -313.2
5.34     -272.4
5.36     -243.6
5.38     -254.2
5.4     -274.4
5.42     -273.4
5.44     -262.6
5.46     -255.7
5.48     -227.7
5.5     -143.8
5.52     -5.822
5.54     138.8
5.56     233.2
5.58     256.8
5.6     235
5.62     203.6
5.64     176.6
5.66     144.6
5.68     111.8
5.7     106.9
5.72     131.7
5.74     140.8
5.76     70.13
5.78     -83.95
5.8     -223.8
5.82     -281.8
5.84     -299.7
5.86     -318.7
5.88     -318.1
5.9     -280.6
5.92     -222.6
5.94     -168.5
5.96     -129
5.98     -88.93
6     -18.93
6.02     82.99
6.04     183.6
6.06     259.6
6.08     316.7
6.1     352.6
6.12     327.9
6.14     223.5
6.16     87.06
6.18     -13.34
6.2     -47.01
6.22     -37.99
6.24     -30.07
6.26     -52.87
6.28     -109.8
6.3     -169.3
6.32     -211.8
6.34     -242
6.36     -229.3
6.38     -137.3
6.4     10.29
6.42     161.8
6.44     270.4
6.46     297.8
6.48     231.4
6.5     105.3
6.52     2.406
6.54     -12.08
6.56     40.03
6.58     78.36
6.6     66.67
6.62     40.63
6.64     29.09
6.66     20.73
6.68     -2.788
6.7     -61.03
6.72     -142.7
6.74     -189.2
6.76     -172.6
6.78     -118.8
6.8     -63.26
6.82     -32.92
6.84     -47.96
6.86     -116.2
6.88     -214.6
6.9     -300.9
6.92     -345.2
6.94     -337.7
6.96     -292.6
6.98     -224.2
7     -108.2
7.02     55.55
7.04     179.5
7.06     192.4
7.08     148.2
7.1     162.2
7.12     271.8
7.14     399.4
7.16     450.6
7.18     421.5
7.2     364.4
7.22     302.2
7.24     216.7
7.26     80.02
7.28     -107.1
7.3     -307.1
7.32     -465.4
7.34     -550
7.36     -585
7.38     -630.9
7.4     -701.5
7.42     -723.5
7.44     -627.9
7.46     -448.2
7.48     -265.4
7.5     -105.8
7.52     60.56
7.54     251.3
7.56     448.3
7.58     632.3
7.6     792.2
7.62     909.5
7.64     957.8
7.66     932.7
7.68     855
7.7     725.7
7.72     514.5
7.74     236.7
7.76     -34.35
7.78     -258.2
7.8     -452.7
7.82     -624.4
7.84     -737.4
7.86     -780.4
7.88     -806.8
7.9     -850.8
7.92     -846.4
7.94     -710.3
7.96     -471.6
7.98     -233.7
8     -36.41
8.02     146
8.04     313.5
8.06     439.1
8.08     522.4
8.1     593.6
8.12     663
8.14     695.6
8.16     658.5
8.18     565.4
8.2     450.2
8.22     322.9
8.24     185.3
8.26     54.38
8.28     -51.74
8.3     -128.4
8.32     -201.7
8.34     -306.2
8.36     -439
8.38     -587.4
8.4     -743.3
8.42     -865.1
8.44     -906.1
8.46     -852.9
8.48     -717.2
8.5     -541.9
8.52     -382.3
8.54     -254.8
8.56     -133.7
8.58     12.7
8.6     188.1
8.62     397.3
8.64     648.6
8.66     909.1
8.68     1125
8.7     1255
8.72     1300
8.74     1296
8.76     1258
8.78     1163
8.8     980.4
8.82     686.9
8.84     309.7
8.86     -74.14
8.88     -414.9
8.9     -740.3
8.92     -1105
8.94     -1486
8.96     -1796
8.98     -1983
9     -2062
9.02     -2069
9.04     -1940
9.06     -1589
9.08     -1038
9.1     -387.4
9.12     288.5
9.14     959.4
9.16     1623
9.18     2266
9.2     2843
9.22     3320
9.24     3650
9.26     3761
9.28     3586
9.3     3104
9.32     2402
9.34     1618
9.36     819.4
9.38     -26.37
9.4     -993.6
9.42     -2079
9.44     -3137
9.46     -3970
9.48     -4475
9.5     -4677
9.52     -4651
9.54     -4433
9.56     -4025
9.58     -3428
9.6     -2622
9.62     -1589
9.64     -378.8
9.66     897.1
9.68     2129
9.7     3233
9.72     4137
9.74     4786
9.76     5149
9.78     5199
9.8     4937
9.82     4441
9.84     3842
9.86     3207
9.88     2426
9.9     1278
9.92     -289.8
9.94     -2017
9.96     -3509
9.98     -4526
10     -5084
10.02     -5306
10.04     -5250
10.06     -4920
10.08     -4369
10.1     -3679
10.12     -2883
10.14     -1934
10.16     -762.2
10.18     667.7
10.2     2300
10.22     3961
10.24     5413
10.26     6470
10.28     7041
10.3     6809
10.32     6562
10.34     5544
10.36     4453
10.38     3353
10.4     2361
10.42     1464
10.44     515
10.46     -635.2
10.48     -2042
10.5     -3584
10.52     -4975
10.54     -5913
10.56     -6229
10.58     -6001
10.6     -5089
10.62     -4019
10.64     -2911
10.66     -1911
10.68     -1050
10.7     -309.9
10.72     364.8
10.74     1088
10.76     1966
10.78     2951
10.8     3822
10.82     4318
10.84     4267
10.86     3682
10.88     2725
10.9     1587
10.92     449
10.94     -506.7
10.96     -1191
10.98     -1680
11     -2134
11.02     -2666
11.04     -3224
11.06     -3620
11.08     -3670
11.1     -3297
11.12     -2531
11.14     -1450
11.16     -177
11.18     1141
11.2     2386
11.22     3501
11.24     4482
11.26     5311
11.28     5862
11.3     6013
11.32     5808
11.34     5348
11.36     4632
11.38     3614
11.4     2330
11.42     883.9
11.44     -636.1
11.46     -2127
11.48     -3402
11.5     -4293
11.52     -4795
11.54     -5014
11.56     -4972
11.58     -4595
11.6     -3875
11.62     -2928
11.64     -1871
11.66     -701.6
11.68     629.8
11.7     2090
11.72     3534
11.74     4768
11.76     5645
11.78     6090
11.8     6041
11.82     5509
11.84     4672
11.86     3757
11.88     2802
11.9     1635
11.92     135.4
11.94     -1574
11.96     -3252
11.98     -4734
12     -5922
12.02     -6661
12.04     -6476
12.06     -6375
12.08     -6242
12.1     -5740
12.12     -5166
12.14     -4048
12.16     -2307
12.18     -119.5
12.2     2206
12.22     4327
12.24     5910
12.26     6757
12.28     6597
12.3     6312
12.32     5478
12.34     4786
12.36     3981
12.38     2946
12.4     1738
12.42     403.7
12.44     -1176
12.46     -3166
12.48     -5443
12.5     -7509
12.52     -7703
12.54     -7969
12.56     -7823
12.58     -6932
12.6     -5728
12.62     -4071
12.64     -2162
12.66     -420.7
12.68     908.1
12.7     1913
12.72     2800
12.74     3685
12.76     4564
12.78     5271
12.8     5266
12.82     5358
12.84     5213
12.86     4015
12.88     2537
12.9     830.6
12.92     -953.4
12.94     -2701
12.96     -4210
12.98     -5252
13     -5746
13.02     -5799
13.04     -5561
13.06     -5085
13.08     -4322
13.1     -3219
13.12     -1780
13.14     -51.84
13.16     1858
13.18     3698
13.2     5141
13.22     6012
13.24     5838
13.26     5874
13.28     6019
13.3     6283
13.32     6415
13.34     6186
13.36     4896
13.38     3390
13.4     1555
13.42     -509.4
13.44     -2481
13.46     -3876
13.48     -4376
13.5     -4071
13.52     -3413
13.54     -2858
13.56     -2580
13.58     -2471
13.6     -2355
13.62     -2137
13.64     -1715
13.66     -943.2
13.68     236.6
13.7     1678
13.72     3031
13.74     3890
13.76     4001
13.78     3371
13.8     2299
13.82     1258
13.84     561.2
13.86     132.1
13.88     -317.3
13.9     -931.4
13.92     -1639
13.94     -2392
13.96     -3266
13.98     -4205
14     -4888
14.02     -4978
14.04     -4405
14.06     -3370
14.08     -2195
14.1     -1164
14.12     -455.1
14.14     -136.7
14.16     -93.66
14.18     -10.34
14.2     436.2
14.22     1300
14.24     2265
14.26     2858
14.28     2793
14.3     2118
14.32     1074
14.34     -92.81
14.36     -1178
14.38     -1954
14.4     -2172
14.42     -1760
14.44     -986.2
14.46     -327.4
14.48     -149.6
14.5     -502.4
14.52     -1092
14.54     -1455
14.56     -1240
14.58     -415.4
14.6     708.2
14.62     1675
14.64     2175
14.66     2138
14.68     1652
14.7     882.7
14.72     48.77
14.74     -619.5
14.76     -925.6
14.78     -760.2
14.8     -242.3
14.82     264.9
14.84     361.6
14.86     -123.1
14.88     -1012
14.9     -1923
14.92     -2525
14.94     -2676
14.96     -2395
14.98     -1847
15     -1317
15.02     -1035
15.04     -1055
15.06     -1290
15.08     -1552
15.1     -1627
15.12     -1393
15.14     -829.7
15.16     30.78
15.18     1049
15.2     1961
15.22     2554
15.24     2791
15.26     2758
15.28     2592
15.3     2434
15.32     2339
15.34     2255
15.36     2109
15.38     1867
15.4     1494
15.42     1012
15.44     418.3
15.46     -449.5
15.48     -1712
15.5     -3201
15.52     -4539
15.54     -5402
15.56     -5695
15.58     -5577
15.6     -5334
15.62     -5173
15.64     -5107
15.66     -4985
15.68     -4649
15.7     -4065
15.72     -3278
15.74     -2234
15.76     -754.7
15.78     1241
15.8     3532
15.82     5664
15.84     7227
15.86     7376
15.88     7731
15.9     7935
15.92     7896
15.94     7671
15.96     7099
15.98     6761
16     6288
16.02     5417
16.04     4070
16.06     2302
16.08     229.5
16.1     -1896
16.12     -3714
16.14     -4984
16.16     -5725
16.18     -5556
16.2     -5664
16.22     -5683
16.24     -5479
16.26     -5093
16.28     -4653
16.3     -4210
16.32     -3612
16.34     -2620
16.36     -1194
16.38     396.7
16.4     1744
16.42     2630
16.44     3186
16.46     3668
16.48     4148
16.5     4492
16.52     4533
16.54     4255
16.56     3813
16.58     3333
16.6     2757
16.62     1938
16.64     851.4
16.66     -329.4
16.68     -1390
16.7     -2265
16.72     -2978
16.74     -3478
16.76     -3673
16.78     -3535
16.8     -3143
16.82     -2600
16.84     -1978
16.86     -1326
16.88     -682.2
16.9     -93.53
16.92     417.5
16.94     882.2
16.96     1329
16.98     1733
17     2028
17.02     2097
17.04     1782
17.06     1067
17.08     175.6
17.1     -627
17.12     -1268
17.14     -1884
17.16     -2599
17.18     -3364
17.2     -4056
17.22     -4628
17.24     -5034
17.26     -5172
17.28     -4958
17.3     -4409
17.32     -3664
17.34     -2835
17.36     -1913
17.38     -907.4
17.4     70.25
17.42     986.2
17.44     1970
17.46     3138
17.48     4389
17.5     5399
17.52     5840
17.54     5603
17.56     4815
17.58     3719
17.6     2531
17.62     1357
17.64     251.4
17.66     -716.6
17.68     -1467
17.7     -1937
17.72     -2162
17.74     -2345
17.76     -2678
17.78     -3048
17.8     -3023
17.82     -2182
17.84     -421.8
17.86     1975
17.88     4485
17.9     6565
17.92     7821
17.94     7695
17.96     7445
17.98     6427
18     5419
18.02     4589
18.04     3840
18.06     2906
18.08     1565
18.1     -252.5
18.12     -2461
18.14     -4833
18.16     -6842
18.18     -6812
18.2     -7408
18.22     -7971
18.24     -8337
18.26     -8224
18.28     -7057
18.3     -5871
18.32     -5080
18.34     -4603
18.36     -3992
18.38     -3035
18.4     -1965
18.42     -1043
18.44     -250
18.46     519.2
18.48     1208
18.5     1712
18.52     2087
18.54     2423
18.56     2641
18.58     2556
18.6     2112
18.62     1496
18.64     1010
18.66     808.9
18.68     822.9
18.7     872.5
18.72     755
18.74     292.5
18.76     -546
18.78     -1549
18.8     -2355
18.82     -2701
18.84     -2575
18.86     -2091
18.88     -1344
18.9     -440.7
18.92     455.3
18.94     1163
18.96     1582
18.98     1832
19     2245
19.02     3107
19.04     4387
19.06     5723
19.08     5850
19.1     6364
19.12     6641
19.14     6566
19.16     6080
19.18     4287
19.2     2868
19.22     1696
19.24     770.7
19.26     -19.65
19.28     -807.2
19.3     -1725
19.32     -2846
19.34     -4114
19.36     -5324
19.38     -6169
19.4     -6422
19.42     -6134
19.44     -4876
19.46     -3344
19.48     -1684
19.5     -187.1
19.52     1016
19.54     2039
19.56     3105
19.58     4319
19.6     5622
19.62     6795
19.64     7121
19.66     7420
19.68     7481
19.7     7208
19.72     5698
19.74     3952
19.76     2158
19.78     680.7
19.8     -435.5
19.82     -1323
19.84     -2073
19.86     -2697
19.88     -3207
19.9     -3618
19.92     -3874
19.94     -3885
19.96     -3590
19.98     -3010
20     -2201
20.02     -1149
20.04     181.7
20.06     1637
20.08     2805
20.1     3336
20.12     3340
20.14     3283
20.16     3483
20.18     3840
20.2     4079
20.22     4072
20.24     3845
20.26     3412
20.28     2674
20.3     1505
20.32     -101
20.34     -1956
20.36     -3696
20.38     -4929
20.4     -5428
20.42     -5279
20.44     -4843
20.46     -4532
20.48     -4481
20.5     -4454
20.52     -4098
20.54     -3278
20.56     -2038
20.58     -378.1
20.6     1786
20.62     4384
20.64     7016
20.66     9092
20.68     8573
20.7     8612
20.72     8596
20.74     8578
20.76     8373
20.78     8083
20.8     7942
20.82     7509
20.84     6184
20.86     3918
20.88     1187
20.9     -1608
20.92     -4267
20.94     -6612
20.96     -6672
20.98     -7592
21     -8186
21.02     -8472
21.04     -8821
21.06     -9213
21.08     -9607
21.1     -9921
21.12     -10060
21.14     -9721
21.16     -7331
21.18     -4253
21.2     -1100
21.22     1383
21.24     2903
21.26     3675
21.28     3625
21.3     4078
21.32     4612
21.34     5166
21.36     5792
21.38     6399
21.4     6587
21.42     5868
21.44     2043
21.46     -1552
21.48     -4563
21.5     -6918
21.52     -8143
21.54     -8161
21.56     -8228
21.58     -7958
21.6     -7316
21.62     -7344
21.64     -7653
21.66     -7453
21.68     -6568
21.7     -5292
21.72     -3726
21.74     -1814
21.76     325.6
21.78     2366
21.8     4055
21.82     5372
21.84     5694
21.86     6337
21.88     6824
21.9     6941
21.92     7178
21.94     7588
21.96     8042
21.98     8402
22     8601
22.02     8619
22.04     8199
22.06     6638
22.08     5291
22.1     3833
22.12     2187
22.14     535
22.16     -986.7
22.18     -2431
22.2     -3929
22.22     -5469
22.24     -5783
22.26     -6575
22.28     -7078
22.3     -7208
22.32     -7032
22.34     -5827
22.36     -4134
22.38     -1998
22.4     64.36
22.42     1756
22.44     3190
22.46     4538
22.48     5727
22.5     6134
22.52     6411
22.54     6510
22.56     6549
22.58     6558
22.6     5914
22.62     4332
22.64     1934
22.66     -578.3
22.68     -2679
22.7     -4326
22.72     -5676
22.74     -6750
22.76     -6888
22.78     -7131
22.8     -7418
22.82     -7818
22.84     -8097
22.86     -8023
22.88     -6595
22.9     -4511
22.92     -2181
22.94     141.1
22.96     2239
22.98     3695
23     4145
23.02     3724
23.04     3041
23.06     2721
23.08     2814
23.1     2869
23.12     2498
23.14     1669
23.16     459
23.18     -1138
23.2     -3052
23.22     -4882
23.24     -6110
23.26     -6466
23.28     -5991
23.3     -4899
23.32     -3480
23.34     -2105
23.36     -1127
23.38     -666.6
23.4     -504.8
23.42     -180.1
23.44     661.3
23.46     1916
23.48     3128
23.5     3862
23.52     3913
23.54     3269
23.56     1983
23.58     209.2
23.6     -1733
23.62     -3440
23.64     -4602
23.66     -5173
23.68     -5324
23.7     -5301
23.72     -5355
23.74     -5601
23.76     -5824
23.78     -5548
23.8     -4401
23.82     -2442
23.84     -125.8
23.86     2072
23.88     3932
23.9     5430
23.92     5743
23.94     6161
23.96     6438
23.98     6650
24     6836
24.02     6928
24.04     6772
24.06     5673
24.08     4167
24.1     2203
24.12     -59.31
24.14     -2326
24.16     -4250
24.18     -5678
24.2     -6695
24.22     -6685
24.24     -6824
24.26     -6709
24.28     -6091
24.3     -5304
24.32     -4205
24.34     -2623
24.36     -490.9
24.38     2099
24.4     4938
24.42     7779
24.44     8338
24.46     8716
24.48     8748
24.5     8696
24.52     8704
24.54     8821
24.56     9016
24.58     9112
24.6     8233
24.62     4493
24.64     1365
24.66     -1043
24.68     -2859
24.7     -4458
24.72     -5004
24.74     -5874
24.76     -6947
24.78     -7515
24.8     -7763
24.82     -7972
24.84     -8171
24.86     -8349
24.88     -8384
24.9     -6386
24.92     -2405
24.94     2076
24.96     4951
24.98     5605
25     4782
25.02     4410
25.04     4117
25.06     4578
25.08     5198
25.1     6167
25.12     7114
25.14     7434
25.16     6614
25.18     2868
25.2     -465.7
25.22     -3344
25.24     -5691
25.26     -7307
25.28     -6926
25.3     -6589
25.32     -5829
25.34     -4149
25.36     -4131
25.38     -4845
25.4     -5293
25.42     -4881
25.44     -3658
25.46     -1768
25.48     812.4
25.5     3906
25.52     6861
25.54     7872
25.56     8472
25.58     8579
25.6     8478
25.62     7841
25.64     6219
25.66     5900
25.68     6489
25.7     6903
25.72     6147
25.74     4142
25.76     1436
25.78     -1386
25.8     -3881
25.82     -5683
25.84     -5681
25.86     -5784
25.88     -5433
25.9     -4114
25.92     -3096
25.94     -2083
25.96     -964.1
25.98     197.6
26     1324
26.02     2481
26.04     3744
26.06     4875
26.08     5362
26.1     4841
26.12     3440
26.14     1639
26.16     -185.9
26.18     -1980
26.2     -3886
26.22     -5994
26.24     -8184
26.26     -8250
26.28     -8505
26.3     -8702
26.32     -8835
26.34     -8876
26.36     -8561
26.38     -6483
26.4     -3467
26.42     238.5
26.44     3832
26.46     6585
26.48     6376
26.5     6966
26.52     7481
26.54     7621
26.56     7789
26.58     8000
26.6     8322
26.62     8811
26.64     9388
26.66     9592
26.68     7783
26.7     1626
26.72     -1434
26.74     -1859
26.76     -1442
26.78     -1680
26.8     -2404
26.82     -2918
26.84     -3365
26.86     -4303
26.88     -4832
26.9     -5844
26.92     -6468
26.94     -6322
26.96     -4364
26.98     -1386
27     1643
27.02     3600
27.04     3929
27.06     2984
27.08     1842
27.1     1562
27.12     2407
27.14     3827
27.16     5113
27.18     5881
27.2     6028
27.22     5464
27.24     3979
27.26     1528
27.28     -1406
27.3     -3965
27.32     -5466
27.34     -5868
27.36     -5737
27.38     -5819
27.4     -6394
27.42     -6759
27.44     -7169
27.46     -7254
27.48     -7288
27.5     -7131
27.52     -5484
27.54     -2624
27.56     1163
27.58     4632
27.6     6897
27.62     6870
27.64     7013
27.66     6880
27.68     6488
27.7     6393
27.72     6638
27.74     6814
27.76     6387
27.78     5233
27.8     3603
27.82     1645
27.84     -672.1
27.86     -3205
27.88     -5426
27.9     -6790
27.92     -6562
27.94     -6344
27.96     -6080
27.98     -5822
28     -6293
28.02     -7012
28.04     -7152
28.06     -7418
28.08     -7327
28.1     -6068
28.12     -4291
28.14     -2554
28.16     -1405
28.18     -933.3
28.2     -897.1
28.22     -1028
28.24     -1147
28.26     -1125
28.28     -818.6
28.3     -107.6
28.32     989.3
28.34     2214
28.36     3164
28.38     3578
28.4     3577
28.42     3604
28.44     4117
28.46     5234
28.48     6587
28.5     6785
28.52     7353
28.54     7818
28.56     8140
28.58     8268
28.6     8114
28.62     7173
28.64     6066
28.66     4960
28.68     3951
28.7     2936
28.72     1770
28.74     449.3
28.76     -934.6
28.78     -2333
28.8     -3763
28.82     -5184
28.84     -5690
28.86     -6265
28.88     -6545
28.9     -6562
28.92     -6560
28.94     -6776
28.96     -6967
28.98     -7047
29     -6615
29.02     -4572
29.04     -2533
29.06     -763.6
29.08     477.4
29.1     1154
29.12     1329
29.14     1164
29.16     928.9
29.18     886.4
29.2     1192
29.22     1804
29.24     2374
29.26     2334
29.28     1254
29.3     -832.6
29.32     -3377
29.34     -5574
29.36     -6794
29.38     -6907
29.4     -6267
29.42     -5444
29.44     -4827
29.46     -4502
29.48     -4384
29.5     -4304
29.52     -4032
29.54     -3378
29.56     -2250
29.58     -690.5
29.6     1082
29.62     2674
29.64     3625
29.66     3647
29.68     2831
29.7     1606
29.72     477.9
29.74     -218.6
29.76     -429.5
29.78     -325.1
29.8     -189.4
29.82     -313.6
29.84     -861.9
29.86     -1795
29.88     -2877
29.9     -3772
29.92     -4145
29.94     -3747
29.96     -2498
29.98     -630.9
30     1254
30.02     2477
30.04     2700
30.06     2138
30.08     1429
30.1     1175
30.12     1546
30.14     2255
30.16     2894
30.18     3186
30.2     2963
30.22     2128
30.24     737.9
30.26     -910
30.28     -2317
30.3     -3004
30.32     -2782
30.34     -1814
30.36     -478.8
30.38     711.6
30.4     1241
30.42     907.2
30.44     39.65
30.46     -712.1
30.48     -913.2
30.5     -644.9
30.52     -268.1
30.54     124.5
30.56     731.5
30.58     1491
30.6     1954
30.62     1723
30.64     877
30.66     -96.81
30.68     -665.8
30.7     -517.2
30.72     325.9
30.74     1520
30.76     2525
30.78     2849
30.8     2266
30.82     903.5
30.84     -831.6
30.86     -2460
30.88     -3585
30.9     -3951
30.92     -3531
30.94     -2611
30.96     -1656
30.98     -1028
31     -767.4
31.02     -635.1
31.04     -410.7
31.06     -76.37
31.08     338.2
31.1     835.8
31.12     1331
31.14     1620
31.16     1574
31.18     1302
31.2     987.8
31.22     641.8
31.24     100.6
31.26     -697.2
31.28     -1508
31.3     -1895
31.32     -1632
31.34     -921.8
31.36     -57.1
31.38     933.8
31.4     2163
31.42     3564
31.44     4861
31.46     5827
31.48     6463
31.5     6525
31.52     6921
31.54     7352
31.56     7637
31.58     7700
31.6     7554
31.62     6668
31.64     5219
31.66     2893
31.68     -200.9
31.7     -3604
31.72     -6703
31.74     -7473
31.76     -7800
31.78     -7953
31.8     -7947
31.82     -7741
31.84     -7043
31.86     -5469
31.88     -5392
31.9     -5691
31.92     -4398
31.94     -1367
31.96     1692
31.98     3563
32     4412
32.02     4843
32.04     5222
32.06     5443
32.08     5898
32.1     6320
32.12     6298
32.14     5053
32.16     3498
32.18     2598
32.2     2501
32.22     2360
32.24     1306
32.26     -665.6
32.28     -2782
32.3     -4356
32.32     -5333
32.34     -5922
32.36     -6117
32.38     -5777
32.4     -4897
32.42     -3675
32.44     -2326
32.46     -884.3
32.48     730.2
32.5     2548
32.52     4462
32.54     6265
32.56     7488
32.58     6914
32.6     6668
32.62     6492
32.64     6537
32.66     6590
32.68     5290
32.7     2781
32.72     286
32.74     -1541
32.76     -2974
32.78     -4343
32.8     -5447
32.82     -5947
32.84     -5962
32.86     -5832
32.88     -5700
32.9     -4768
32.92     -3112
32.94     -1004
32.96     811.4
32.98     2066
33     3238
33.02     4882
33.04     6939
33.06     8875
33.08     8642
33.1     8789
33.12     8963
33.14     9212
33.16     9506
33.18     9722
33.2     9392
33.22     6746
33.24     3744
33.26     1402
33.28     109.6
33.3     -671.5
33.32     -1650
33.34     -3056
33.36     -4622
33.38     -4719
33.4     -5459
33.42     -6287
33.44     -7006
33.46     -7335
33.48     -7466
33.5     -6424
33.52     -2054
33.54     1214
33.56     3066
33.58     3885
33.6     4490
33.62     5137
33.64     5573
33.66     5512
33.68     5319
33.7     4835
33.72     4450
33.74     3824
33.76     2503
33.78     227.8
33.8     -2852
33.82     -6189
33.84     -8488
33.86     -8050
33.88     -8292
33.9     -8375
33.92     -8312
33.94     -8147
33.96     -7108
33.98     -5691
34     -3801
34.02     -883.1
34.04     2756
34.06     6059
34.08     6953
34.1     8159
34.12     8510
34.14     8440
34.16     8165
34.18     7845
34.2     7733
34.22     8051
34.24     8593
34.26     8648
34.28     5976
34.3     2468
34.32     -84
34.34     -1422
34.36     -2557
34.38     -4163
34.4     -5842
34.42     -5970
34.44     -6745
34.46     -7893
34.48     -8294
34.5     -8319
34.52     -7992
34.54     -6948
34.56     -4555
34.58     -3478
34.6     -2348
34.62     -694.9
34.64     670.9
34.66     907.7
34.68     344.5
34.7     53.32
34.72     557.6
34.74     1456
34.76     2090
34.78     2114
34.8     1388
34.82     -191.7
34.84     -2459
34.86     -4782
34.88     -6351
34.9     -6745
34.92     -6196
34.94     -5226
34.96     -4084
34.98     -2702
35     -1124
35.02     268.7
35.04     1036
35.06     1173
35.08     1178
35.1     1590
35.12     2580
35.14     3917
35.16     5181
35.18     5621
35.2     5842
35.22     5653
35.24     4423
35.26     3206
35.28     2319
35.3     1931
35.32     1802
35.34     1653
35.36     1464
35.38     1344
35.4     1211
35.42     757.5
35.44     -153.6
35.46     -1221
35.48     -2003
35.5     -2393
35.52     -2604
35.54     -2801
35.56     -2936
35.58     -2901
35.6     -2690
35.62     -2422
35.64     -2256
35.66     -2301
35.68     -2571
35.7     -3011
35.72     -3472
35.74     -3750
35.76     -3723
35.78     -3522
35.8     -3411
35.82     -3394
35.84     -3096
35.86     -2166
35.88     -698.8
35.9     753.2
35.92     1633
35.94     1872
35.96     1913
35.98     2280
36     3055
36.02     3770
36.04     3873
36.06     3216
36.08     2105
36.1     882.6
36.12     -440.3
36.14     -2064
36.16     -3960
36.18     -5681
36.2     -6733
36.22     -7043
36.24     -6992
36.26     -7071
36.28     -7480
36.3     -7675
36.32     -7889
36.34     -7704
36.36     -6246
36.38     -4350
36.4     -2366
36.42     -688.9
36.44     553.7
36.46     1451
36.48     2140
36.5     2686
36.52     3096
36.54     3431
36.56     3823
36.58     4355
36.6     4861
36.62     4915
36.64     4168
36.66     2704
36.68     1023
36.7     -287.4
36.72     -907.7
36.74     -904.6
36.76     -529.9
36.78     -15.36
36.8     486.8
36.82     922.2
36.84     1304
36.86     1627
36.88     1876
36.9     2103
36.92     2358
36.94     2608
36.96     2759
36.98     2650
37     2110
37.02     1112
37.04     -181.4
37.06     -1530
37.08     -2722
37.1     -3542
37.12     -3811
37.14     -3560
37.16     -3062
37.18     -2584
37.2     -2156
37.22     -1639
37.24     -952.6
37.26     -199.5
37.28     470.3
37.3     1117
37.32     2013
37.34     3255
37.36     4476
37.38     5146
37.4     5028
37.42     4270
37.44     3165
37.46     1938
37.48     769.6
37.5     -136
37.52     -615.9
37.54     -688.3
37.56     -584.6
37.58     -608.2
37.6     -937.2
37.62     -1577
37.64     -2399
37.66     -3121
37.68     -3378
37.7     -2993
37.72     -2183
37.74     -1398
37.76     -1027
37.78     -1241
37.8     -1979
37.82     -3020
37.84     -4071
37.86     -4827
37.88     -5073
37.9     -4833
37.92     -4313
37.94     -3697
37.96     -3052
37.98     -2397
38     -1779
38.02     -1265
38.04     -786.7
38.06     -59.84
38.08     1195
38.1     2930
38.12     4768
38.14     6312
38.16     6388
38.18     6761
38.2     6890
38.22     6778
38.24     6506
38.26     5774
38.28     5452
38.3     5164
38.32     4544
38.34     3382
38.36     1783
38.38     2.379
38.4     -1778
38.42     -3514
38.44     -5200
38.46     -6789
38.48     -7352
38.5     -8087
38.52     -8293
38.54     -8361
38.56     -8255
38.58     -7482
38.6     -6590
38.62     -5414
38.64     -3762
38.66     -1792
38.68     99.85
38.7     1571
38.72     2584
38.74     3464
38.76     4640
38.78     5500
38.8     6683
38.82     7815
38.84     8405
38.86     8184
38.88     6253
38.9     3790
38.92     1393
38.94     -615.6
38.96     -2050
38.98     -2752
39     -2760
39.02     -2526
39.04     -2790
39.06     -4058
39.08     -6168
39.1     -6835
39.12     -8158
39.14     -8817
39.16     -8886
39.18     -8115
39.2     -5573
39.22     -4391
39.24     -4544
39.26     -5398
39.28     -5945
39.3     -5623
39.32     -4426
39.34     -2587
39.36     -401.8
39.38     1810
39.4     3799
39.42     5443
39.44     5657
39.46     6268
39.48     6535
39.5     6360
39.52     5707
39.54     5464
39.56     5601
39.58     5380
39.6     4112
39.62     1877
39.64     -607.3
39.66     -2597
39.68     -3799
39.7     -4318
39.72     -4351
39.74     -4053
39.76     -3500
39.78     -2703
39.8     -1709
39.82     -665.3
39.84     229.8
39.86     894.4
39.88     1495
39.9     2310
39.92     3435
39.94     4642
39.96     5511
39.98     5677
40     5026
40.02     3832
40.04     2600
40.06     1671
40.08     1056
40.1     629.5
40.12     393.9
40.14     509.8
40.16     1096
40.18     2046
40.2     3095
40.22     4021
40.24     4724
40.26     5213
40.28     5608
40.3     6075
40.32     6675
40.34     6978
40.36     7406
40.38     7751
40.4     7902
40.42     7697
40.44     6287
40.46     4339
40.48     2129
40.5     198
40.52     -1069
40.54     -1596
40.56     -1625
40.58     -1554
40.6     -1655
40.62     -1972
40.64     -2446
40.66     -2977
40.68     -3362
40.7     -3326
40.72     -2657
40.74     -1292
40.76     632.8
40.78     2713
40.8     4416
40.82     5341
40.84     5347
40.86     4570
40.88     3353
40.9     2053
40.92     860.9
40.94     -185.1
40.96     -1109
40.98     -1977
41     -2926
41.02     -4105
41.04     -5466
41.06     -5888
41.08     -6308
41.1     -6414
41.12     -6148
41.14     -4482
41.16     -2435
41.18     -102.4
41.2     2139
41.22     4067
41.24     5620
41.26     6783
41.28     6977
41.3     7119
41.32     7118
41.34     7084
41.36     6992
41.38     6125
41.4     4664
41.42     2758
41.44     920.6
41.46     -600.8
41.48     -1901
41.5     -3167
41.52     -4417
41.54     -5501
41.56     -6310
41.58     -6310
41.6     -6492
41.62     -6549
41.64     -6238
41.66     -5364
41.68     -4051
41.7     -2646
41.72     -1454
41.74     -538.2
41.76     219.7
41.78     928.1
41.8     1612
41.82     2256
41.84     2814
41.86     3170
41.88     3178
41.9     2746
41.92     1857
41.94     534.9
41.96     -1134
41.98     -2984
42     -4796
42.02     -6275
42.04     -7065
42.06     -6699
42.08     -6154
42.1     -4737
42.12     -3959
42.14     -3326
42.16     -2328
42.18     -663.7
42.2     1572
42.22     4088
42.24     6631
42.26     7601
42.28     8144
42.3     8260
42.32     8286
42.34     8264
42.36     7809
42.38     6194
42.4     3766
42.42     1082
42.44     -940.7
42.46     -2216
42.48     -3343
42.5     -4698
42.52     -5318
42.54     -5788
42.56     -5972
42.58     -6010
42.6     -5935
42.62     -4838
42.64     -2762
42.66     26.64
42.68     2580
42.7     4327
42.72     5356
42.74     5953
42.76     6104
42.78     5762
42.8     5231
42.82     4983
42.84     4960
42.86     4594
42.88     3451
42.9     1722
42.92     -41.32
42.94     -1479
42.96     -2599
42.98     -3478
43     -3979
43.02     -3837
43.04     -2999
43.06     -1860
43.08     -1017
43.1     -785.6
43.12     -994.6
43.14     -1183
43.16     -997.5
43.18     -436.2
43.2     243.3
43.22     794.1
43.24     1176
43.26     1483
43.28     1761
43.3     1944
43.32     1953
43.34     1818
43.36     1719
43.38     1875
43.4     2293
43.42     2699
43.44     2788
43.46     2514
43.48     2090
43.5     1694
43.52     1287
43.54     730.1
43.56     -19.42
43.58     -845
43.6     -1615
43.62     -2334
43.64     -3112
43.66     -3940
43.68     -4515
43.7     -4497
43.72     -3869
43.74     -2922
43.76     -1996
43.78     -1273
43.8     -739
43.82     -325.6
43.84     -17.1
43.86     223
43.88     511.5
43.9     947.7
43.92     1499
43.94     1951
43.96     1965
43.98     1309
44     68.26
44.02     -1378
44.04     -2553
44.06     -3120
44.08     -3001
44.1     -2318
44.12     -1340
44.14     -447.7
44.16     40.07
44.18     84.58
44.2     -86.75
44.22     -135.4
44.24     221.7
44.26     1104
44.28     2445
44.3     3988
44.32     5305
44.34     5895
44.36     5440
44.38     4016
44.4     2041
44.42     85.63
44.44     -1341
44.46     -2014
44.48     -2102
44.5     -2009
44.52     -2145
44.54     -2760
44.56     -3855
44.58     -5144
44.6     -6120
44.62     -6234
44.64     -5176
44.66     -3062
44.68     -400.6
44.7     2168
44.72     4133
44.74     5212
44.76     5350
44.78     4749
44.8     3817
44.82     2955
44.84     2368
44.86     2012
44.88     1628
44.9     877.1
44.92     -506.9
44.94     -2596
44.96     -5174
44.98     -7762
45     -8260
45.02     -8527
45.04     -8675
45.06     -8706
45.08     -8431
45.1     -7078
45.12     -5607
45.14     -4037
45.16     -2667
45.18     -1726
45.2     -1100
45.22     -467.2
45.24     424.6
45.26     1648
45.28     3134
45.3     4712
45.32     5348
45.34     6124
45.36     6548
45.38     6332
45.4     4813
45.42     3111
45.44     1755
45.46     889.9
45.48     286
45.5     -317.4
45.52     -1027
45.54     -1886
45.56     -2971
45.58     -4295
45.6     -5664
45.62     -6754
45.64     -7025
45.66     -7115
45.68     -6789
45.7     -4995
45.72     -2926
45.74     -811.9
45.76     927.7
45.78     2208
45.8     3275
45.82     4430
45.84     5725
45.86     6794
45.88     6616
45.9     6950
45.92     7467
45.94     7981
45.96     8077
45.98     6617
46     4075
46.02     1603
46.04     -146.4
46.06     -1334
46.08     -2343
46.1     -3354
46.12     -4405
46.14     -5538
46.16     -5909
46.18     -6536
46.2     -7076
46.22     -7515
46.24     -7833
46.26     -7924
46.28     -7537
46.3     -5579
46.32     -3792
46.34     -2530
46.36     -1840
46.38     -1240
46.4     -261.1
46.42     1209
46.44     3030
46.46     5056
46.48     7135
46.5     7358
46.52     8157
46.54     8227
46.56     7824
46.58     6109
46.6     4298
46.62     2478
46.64     740.9
46.66     -720.9
46.68     -1846
46.7     -2902
46.72     -4251
46.74     -5811
46.76     -6107
46.78     -6960
46.8     -7789
46.82     -8379
46.84     -8342
46.86     -6589
46.88     -3936
46.9     -1331
46.92     412
46.94     1130
46.96     1135
46.98     813
47     424.3
47.02     179.2
47.04     277.8
47.06     744.7
47.08     1300
47.1     1481
47.12     919.4
47.14     -451
47.16     -2324
47.18     -4136
47.2     -5328
47.22     -5603
47.24     -5041
47.26     -3995
47.28     -2889
47.3     -2016
47.32     -1459
47.34     -1188
47.36     -1099
47.38     -946.6
47.4     -369.8
47.42     861.6
47.44     2607
47.46     4378
47.48     5646
47.5     5556
47.52     5655
47.54     5508
47.56     4612
47.58     3624
47.6     2800
47.62     2447
47.64     2531
47.66     2680
47.68     2467
47.7     1703
47.72     525.9
47.74     -715.8
47.76     -1672
47.78     -2172
47.8     -2265
47.82     -2100
47.84     -1792
47.86     -1406
47.88     -1039
47.9     -859
47.92     -986.3
47.94     -1339
47.96     -1627
47.98     -1555
48     -1017
48.02     -119.4
48.04     932.9
48.06     1954
48.08     2817
48.1     3438
48.12     3796
48.14     3961
48.16     4049
48.18     4117
48.2     4105
48.22     3909
48.24     3476
48.26     2807
48.28     1892
48.3     693.3
48.32     -782.4
48.34     -2343
48.36     -3633
48.38     -4403
48.4     -4681
48.42     -4672
48.44     -4536
48.46     -4272
48.48     -3792
48.5     -3068
48.52     -2192
48.54     -1270
48.56     -288.2
48.58     855.3
48.6     2174
48.62     3501
48.64     4579
48.66     5203
48.68     5276
48.7     4796
48.72     3857
48.74     2639
48.76     1341
48.78     112.2
48.8     -919.4
48.82     -1641
48.84     -2043
48.86     -2237
48.88     -2351
48.9     -2388
48.92     -2205
48.94     -1656
48.96     -746.5
48.98     397.1
49     1667
49.02     2996
49.04     4285
49.06     5356
49.08     5950
49.1     5780
49.12     5437
49.14     4141
49.16     2937
49.18     1783
49.2     816.9
49.22     64.95
49.24     -542.7
49.26     -1082
49.28     -1549
49.3     -1888
49.32     -2095
49.34     -2221
49.36     -2215
49.38     -1869
49.4     -1006
49.42     288.3
49.44     1698
49.46     2937
49.48     3920
49.5     4720
49.52     5407
49.54     5948
49.56     6065
49.58     6139
49.6     6139
49.62     6150
49.64     6226
49.66     6302
49.68     6209
49.7     5534
49.72     4806
49.74     4110
49.76     3469
49.78     2806
49.8     2078
49.82     1334
49.84     607
49.86     -172.6
49.88     -1120
49.9     -2268
49.92     -3520
49.94     -4704
49.96     -5659
49.98     -6268
50     -6449
50.02     -6163
50.04     -5450
50.06     -4423
50.08     -3192
50.1     -1785
50.12     -153.3
50.14     1737
50.16     3819
50.18     5902
50.2     7727
50.22     7708
50.24     8087
50.26     8077
50.28     8017
50.3     7866
50.32     6886
50.34     5380
50.36     3384
50.38     1548
50.4     157.8
50.42     -1008
50.44     -2203
50.46     -3333
50.48     -4129
50.5     -4541
50.52     -4732
50.54     -4806
50.56     -4916
50.58     -4969
50.6     -4919
50.62     -4638
50.64     -4266
50.66     -3662
50.68     -2795
50.7     -1814
50.72     -900.6
50.74     -80.55
50.76     756.1
50.78     1656
50.8     2503
50.82     3127
50.84     3467
50.86     3608
50.88     3642
50.9     3554
50.92     3231
50.94     2567
50.96     1581
50.98     435.1
51     -686.8
51.02     -1702
51.04     -2617
51.06     -3410
51.08     -3977
51.1     -4205
51.12     -4080
51.14     -3684
51.16     -3122
51.18     -2433
51.2     -1589
51.22     -560.6
51.24     617.3
51.26     1832
51.28     2907
51.3     3634
51.32     3861
51.34     3581
51.36     2929
51.38     2067
51.4     1085
51.42     10.48
51.44     -1142
51.46     -2337
51.48     -3520
51.5     -4647
51.52     -5564
51.54     -5547
51.56     -5884
51.58     -6253
51.6     -6503
51.62     -6316
51.64     -4737
51.66     -2948
51.68     -1401
51.7     -254.6
51.72     752.7
51.74     1826
51.76     2906
51.78     3868
51.8     4688
51.82     5338
51.84     5640
51.86     5410
51.88     4670
51.9     3605
51.92     2362
51.94     970
51.96     -529.8
51.98     -1969
52     -3181
52.02     -4188
52.04     -5172
52.06     -6219
52.08     -7159
52.1     -7146
52.12     -7174
52.14     -6902
52.16     -5604
52.18     -4230
52.2     -2708
52.22     -1269
52.24     -61.42
52.26     913.2
52.28     1757
52.3     2530
52.32     3185
52.34     3649
52.36     3909
52.38     3950
52.4     3669
52.42     2925
52.44     1676
52.46     82.06
52.48     -1565
52.5     -3006
52.52     -4136
52.54     -5002
52.56     -5709
52.58     -6313
52.6     -6812
52.62     -7168
52.64     -7314
52.66     -7213
52.68     -6725
52.7     -5798
52.72     -4359
52.74     -2545
52.76     -624.4
52.78     1137
52.8     2590
52.82     3748
52.84     4700
52.86     5491
52.88     6077
52.9     6017
52.92     6037
52.94     5911
52.96     5130
52.98     4040
53     2517
53.02     762.7
53.04     -982.8
53.06     -2545
53.08     -3841
53.1     -4841
53.12     -5544
53.14     -5959
53.16     -6066
53.18     -5804
53.2     -5131
53.22     -4096
53.24     -2845
53.26     -1543
53.28     -305.6
53.3     810.3
53.32     1759
53.34     2484
53.36     2947
53.38     3147
53.4     3114
53.42     2863
53.44     2389
53.46     1670
53.48     705.4
53.5     -426.1
53.52     -1569
53.54     -2559
53.56     -3305
53.58     -3824
53.6     -4195
53.62     -4471
53.64     -4641
53.66     -4637
53.68     -4399
53.7     -3949
53.72     -3404
53.74     -2879
53.76     -2412
53.78     -1965
53.8     -1507
53.82     -1062
53.84     -704.6
53.86     -494.3
53.88     -430.6
53.9     -483.2
53.92     -642.4
53.94     -924.4
53.96     -1332
53.98     -1810
54     -2256
54.02     -2579
54.04     -2760
54.06     -2845
54.08     -2871
54.1     -2817
54.12     -2646
54.14     -2343
54.16     -1914
54.18     -1354
54.2     -645.4
54.22     200.2
54.24     1120
54.26     2023
54.28     2826
54.3     3475
54.32     3940
54.34     4206
54.36     4280
54.38     4185
54.4     3943
54.42     3568
54.44     3047
54.46     2357
54.48     1482
54.5     437.9
54.52     -708.3
54.54     -1823
54.56     -2758
54.58     -3431
54.6     -3855
54.62     -4072
54.64     -4080
54.66     -3840
54.68     -3355
54.7     -2709
54.72     -1990
54.74     -1219
54.76     -374.7
54.78     511.7
54.8     1343
54.82     2024
54.84     2523
54.86     2864
54.88     3063
54.9     3088
54.92     2900
54.94     2495
54.96     1903
54.98     1182
55     413.2
55.02     -309.8
55.04     -929.2
55.06     -1447
55.08     -1887
55.1     -2226
55.12     -2407
55.14     -2398
55.16     -2238
55.18     -1985
55.2     -1649
55.22     -1190
55.24     -564.6
55.26     221.8
55.28     1110
55.3     2019
55.32     2884
55.34     3669
55.36     4350
55.38     4903
55.4     5308
55.42     5566
55.44     5709
55.46     5793
55.48     5852
55.5     5877
55.52     5810
55.54     5576
55.56     5137
55.58     4527
55.6     3829
55.62     3131
55.64     2487
55.66     1916
55.68     1407
55.7     946.3
55.72     525.1
55.74     146.4
55.76     -177.9
55.78     -438.5
55.8     -631.7
55.82     -746.1
55.84     -751.4
55.86     -613.1
55.88     -331.7
55.9     33.25
55.92     394.9
55.94     700.3
55.96     953
55.98     1182
56     1398
56.02     1578
56.04     1686
56.06     1706
56.08     1654
56.1     1554
56.12     1426
56.14     1262
56.16     1049
56.18     802.8
56.2     584.7
56.22     466.4
56.24     479.2
56.26     592.9
56.28     743.2
56.3     881.2
56.32     999.9
56.34     1114
56.36     1229
56.38     1343
56.4     1447
56.42     1530
56.44     1564
56.46     1504
56.48     1302
56.5     934.3
56.52     406.1
56.54     -243.4
56.56     -941.3
56.58     -1598
56.6     -2144
56.62     -2558
56.64     -2866
56.66     -3108
56.68     -3294
56.7     -3405
56.72     -3413
56.74     -3296
56.76     -3021
56.78     -2540
56.8     -1858
56.82     -1068
56.84     -293.1
56.86     400.6
56.88     1017
56.9     1581
56.92     2088
56.94     2499
56.96     2772
56.98     2895
57     2868
57.02     2671
57.04     2271
57.06     1660
57.08     881.1
57.1     18.75
57.12     -830.1
57.14     -1592
57.16     -2242
57.18     -2796
57.2     -3272
57.22     -3641
57.24     -3837
57.26     -3791
57.28     -3455
57.3     -2827
57.32     -1937
57.34     -839.6
57.36     399.1
57.38     1700
57.4     2973
57.42     4122
57.44     5076
57.46     5813
57.48     6359
57.5     6487
57.52     6706
57.54     6849
57.56     6817
57.58     6293
57.6     5430
57.62     4270
57.64     2854
57.66     1251
57.68     -371.3
57.7     -1799
57.72     -2889
57.74     -3634
57.76     -4111
57.78     -4413
57.8     -4594
57.82     -4650
57.84     -4516
57.86     -4099
57.88     -3335
57.9     -2248
57.92     -947.7
57.94     409.3
57.96     1672
57.98     2726
58     3490
58.02     3908
58.04     3959
58.06     3671
58.08     3121
58.1     2399
58.12     1567
58.14     658.4
58.16     -290.2
58.18     -1230
58.2     -2107
58.22     -2876
58.24     -3511
58.26     -3990
58.28     -4263
58.3     -4253
58.32     -3899
58.34     -3178
58.36     -2123
58.38     -828.1
58.4     561.3
58.42     1864
58.44     2910
58.46     3608
58.48     3986
58.5     4127
58.52     4107
58.54     3972
58.56     3748
58.58     3429
58.6     2968
58.62     2265
58.64     1239
58.66     -76.03
58.68     -1505
58.7     -2807
58.72     -3772
58.74     -4281
58.76     -4335
58.78     -4061
58.8     -3647
58.82     -3246
58.84     -2909
58.86     -2586
58.88     -2180
58.9     -1597
58.92     -777.8
58.94     262.2
58.96     1405
58.98     2468
59     3304
59.02     3867
59.04     4183
59.06     4278
59.08     4149
59.1     3817
59.12     3355
59.14     2848
59.16     2309
59.18     1668
59.2     853.5
59.22     -120.2
59.24     -1160
59.26     -2157
59.28     -3028
59.3     -3712
59.32     -4146
59.34     -4271
59.36     -4066
59.38     -3563
59.4     -2845
59.42     -2018
59.44     -1166
59.46     -319.8
59.48     526
59.5     1370
59.52     2165
59.54     2814
59.56     3222
59.58     3335
59.6     3148
59.62     2689
59.64     2006
59.66     1186
59.68     325.6
59.7     -517.7
59.72     -1327
59.74     -2079
59.76     -2709
59.78     -3145
59.8     -3354
59.82     -3341
59.84     -3102
59.86     -2605
59.88     -1840
59.9     -873.2
59.92     182.2
59.94     1228
59.96     2210
59.98     3075
60     3738
