TIME/STEP     RF_deform_x
0     0
0.02     6.46222e-05
0.04     0.000322786
0.06     0.000547397
0.08     -0.000972724
0.1     -0.00535445
0.12     -0.0108632
0.14     -0.0160934
0.16     -0.0219989
0.18     -0.0302125
0.2     -0.0409536
0.22     -0.0527702
0.24     -0.0649796
0.26     -0.0783941
0.28     -0.0921166
0.3     -0.104812
0.32     -0.116214
0.34     -0.124512
0.36     -0.127922
0.38     -0.128629
0.4     -0.131919
0.42     -0.137271
0.44     -0.137267
0.46     -0.130103
0.48     -0.121069
0.5     -0.112593
0.52     -0.102065
0.54     -0.087223
0.56     -0.0709587
0.58     -0.0566696
0.6     -0.0445471
0.62     -0.0343941
0.64     -0.0267416
0.66     -0.023932
0.68     -0.0273201
0.7     -0.0349986
0.72     -0.0431601
0.74     -0.0493504
0.76     -0.0552387
0.78     -0.0604847
0.8     -0.0583588
0.82     -0.0429135
0.84     -0.0140808
0.86     0.0261632
0.88     0.0750051
0.9     0.127694
0.92     0.182552
0.94     0.237736
0.96     0.286538
0.98     0.323318
1     0.34443
1.02     0.348451
1.04     0.335929
1.06     0.302462
1.08     0.242983
1.1     0.162593
1.12     0.0697537
1.14     -0.0301904
1.16     -0.130461
1.18     -0.226639
1.2     -0.322241
1.22     -0.422509
1.24     -0.525651
1.26     -0.619358
1.28     -0.690156
1.3     -0.742272
1.32     -0.786668
1.34     -0.819012
1.36     -0.832661
1.38     -0.829133
1.4     -0.806975
1.42     -0.76007
1.44     -0.680882
1.46     -0.568768
1.48     -0.433625
1.5     -0.284801
1.52     -0.130129
1.54     0.0227358
1.56     0.169087
1.58     0.304987
1.6     0.426394
1.62     0.527495
1.64     0.595233
1.66     0.619321
1.68     0.607736
1.7     0.574655
1.72     0.520742
1.74     0.44125
1.76     0.34444
1.78     0.243754
1.8     0.143369
1.82     0.0442308
1.84     -0.0495158
1.86     -0.12908
1.88     -0.188209
1.9     -0.230287
1.92     -0.253855
1.94     -0.252922
1.96     -0.233487
1.98     -0.206687
2     -0.177132
2.02     -0.145253
2.04     -0.111707
2.06     -0.0831975
2.08     -0.0703842
2.1     -0.0724961
2.12     -0.0798709
2.14     -0.0915649
2.16     -0.116844
2.18     -0.163386
2.2     -0.218586
2.22     -0.265218
2.24     -0.31179
2.26     -0.363298
2.28     -0.404448
2.3     -0.424564
2.32     -0.422458
2.34     -0.403104
2.36     -0.367613
2.38     -0.304976
2.4     -0.217223
2.42     -0.129918
2.44     -0.0634824
2.46     -0.0233749
2.48     -0.00806702
2.5     -0.0100422
2.52     -0.0253267
2.54     -0.0640526
2.56     -0.139095
2.58     -0.250636
2.6     -0.387619
2.62     -0.53706
2.64     -0.690133
2.66     -0.830648
2.68     -0.935523
2.7     -0.996391
2.72     -1.01421
2.74     -0.998127
2.76     -0.967851
2.78     -0.925808
2.8     -0.852259
2.82     -0.725957
2.84     -0.543385
2.86     -0.328023
2.88     -0.115658
2.9     0.0628358
2.92     0.197332
2.94     0.300774
2.96     0.38344
2.98     0.435497
3     0.441452
3.02     0.403368
3.04     0.327785
3.06     0.199017
3.08     0.00345319
3.1     -0.226556
3.12     -0.438619
3.14     -0.615076
3.16     -0.763352
3.18     -0.880493
3.2     -0.943232
3.22     -0.924136
3.24     -0.829903
3.26     -0.687199
3.28     -0.49664
3.3     -0.271307
3.32     -0.057854
3.34     0.11055
3.36     0.218306
3.38     0.263216
3.4     0.257054
3.42     0.189329
3.44     0.0333169
3.46     -0.205246
3.48     -0.489108
3.5     -0.775041
3.52     -1.02091
3.54     -1.19126
3.56     -1.2703
3.58     -1.2726
3.6     -1.21171
3.62     -1.06941
3.64     -0.837202
3.66     -0.549855
3.68     -0.249885
3.7     0.0315217
3.72     0.255676
3.74     0.384214
3.76     0.388909
3.78     0.272557
3.8     0.100135
3.82     -0.0747305
3.84     -0.276694
3.86     -0.529737
3.88     -0.814413
3.9     -1.09721
3.92     -1.32543
3.94     -1.45027
3.96     -1.45759
3.98     -1.35308
4     -1.17533
4.02     -0.997241
4.04     -0.854915
4.06     -0.721611
4.08     -0.558429
4.1     -0.346669
4.12     -0.10429
4.14     0.117672
4.16     0.274978
4.18     0.345203
4.2     0.33572
4.22     0.291112
4.24     0.265639
4.26     0.276824
4.28     0.277438
4.3     0.203896
4.32     0.0354323
4.34     -0.207909
4.36     -0.49101
4.38     -0.790096
4.4     -1.08161
4.42     -1.32178
4.44     -1.49061
4.46     -1.63624
4.48     -1.82243
4.5     -2.03569
4.52     -2.18543
4.54     -2.206
4.56     -2.1158
4.58     -1.9648
4.6     -1.78263
4.62     -1.59363
4.64     -1.44423
4.66     -1.36872
4.68     -1.32663
4.7     -1.23491
4.72     -1.06268
4.74     -0.850322
4.76     -0.640643
4.78     -0.441114
4.8     -0.249296
4.82     -0.0519308
4.84     0.175235
4.86     0.438048
4.88     0.709518
4.9     0.93678
4.92     1.09045
4.94     1.18752
4.96     1.24584
4.98     1.27569
5     1.30168
5.02     1.33859
5.04     1.37325
5.06     1.38207
5.08     1.36972
5.1     1.4146
5.12     1.59616
5.14     1.87284
5.16     2.13231
5.18     2.31544
5.2     2.42105
5.22     2.44515
5.24     2.36499
5.26     2.16227
5.28     1.87413
5.3     1.57358
5.32     1.26197
5.34     0.880591
5.36     0.401922
5.38     -0.139692
5.4     -0.66104
5.42     -1.07051
5.44     -1.30276
5.46     -1.34939
5.48     -1.26856
5.5     -1.15759
5.52     -1.10206
5.54     -1.11636
5.56     -1.15142
5.58     -1.17223
5.6     -1.19929
5.62     -1.26149
5.64     -1.36434
5.66     -1.52007
5.68     -1.72474
5.7     -1.92257
5.72     -2.05168
5.74     -2.09623
5.76     -2.06903
5.78     -1.96159
5.8     -1.74767
5.82     -1.43233
5.84     -1.06065
5.86     -0.684467
5.88     -0.344617
5.9     -0.0564204
5.92     0.202116
5.94     0.454611
5.96     0.68764
5.98     0.892727
6     1.10619
6.02     1.33736
6.04     1.53152
6.06     1.6434
6.08     1.66885
6.1     1.63314
6.12     1.59446
6.14     1.59452
6.16     1.59743
6.18     1.52721
6.2     1.33553
6.22     1.02604
6.24     0.650547
6.26     0.268197
6.28     -0.0788505
6.3     -0.33855
6.32     -0.460554
6.34     -0.445185
6.36     -0.329509
6.38     -0.142905
6.4     0.101383
6.42     0.402399
6.44     0.746669
6.46     1.07969
6.48     1.35478
6.5     1.57724
6.52     1.73894
6.54     1.78197
6.56     1.67023
6.58     1.44231
6.6     1.17881
6.62     0.933594
6.64     0.720791
6.66     0.574115
6.68     0.539295
6.7     0.592996
6.72     0.670178
6.74     0.741116
6.76     0.799072
6.78     0.839802
6.8     0.865211
6.82     0.86065
6.84     0.764262
6.86     0.496759
6.88     0.0288423
6.9     -0.593201
6.92     -1.25409
6.94     -1.83692
6.96     -2.31049
6.98     -2.70074
7     -3.01136
7.02     -3.2149
7.04     -3.28313
7.06     -3.20131
7.08     -2.96742
7.1     -2.59345
7.12     -2.1276
7.14     -1.65652
7.16     -1.24663
7.18     -0.908147
7.2     -0.634061
7.22     -0.42861
7.24     -0.282896
7.26     -0.183973
7.28     -0.158824
7.3     -0.246503
7.32     -0.419966
7.34     -0.588528
7.36     -0.690698
7.38     -0.744891
7.4     -0.794945
7.42     -0.838697
7.44     -0.847363
7.46     -0.824761
7.48     -0.783104
7.5     -0.677533
7.52     -0.436237
7.54     -0.057107
7.56     0.385264
7.58     0.839348
7.6     1.32204
7.62     1.84579
7.64     2.3593
7.66     2.79095
7.68     3.13391
7.7     3.4323
7.72     3.67123
7.74     3.76054
7.76     3.64386
7.78     3.35226
7.8     2.95407
7.82     2.52575
7.84     2.16059
7.86     1.91409
7.88     1.74771
7.9     1.59905
7.92     1.47689
7.94     1.43602
7.96     1.48679
7.98     1.57914
8     1.64987
8.02     1.63452
8.04     1.46369
8.06     1.08779
8.08     0.50869
8.1     -0.214894
8.12     -1.00633
8.14     -1.82446
8.16     -2.64925
8.18     -3.42379
8.2     -4.07105
8.22     -4.52289
8.24     -4.71946
8.26     -4.63304
8.28     -4.28612
8.3     -3.76829
8.32     -3.21732
8.34     -2.72504
8.36     -2.28722
8.38     -1.88955
8.4     -1.58251
8.42     -1.43058
8.44     -1.46715
8.46     -1.71119
8.48     -2.15997
8.5     -2.74192
8.52     -3.30945
8.54     -3.72374
8.56     -3.93507
8.58     -3.9717
8.6     -3.88609
8.62     -3.71589
8.64     -3.47097
8.66     -3.15044
8.68     -2.76821
8.7     -2.33323
8.72     -1.84578
8.74     -1.34694
8.76     -0.900073
8.78     -0.523317
8.8     -0.178338
8.82     0.18926
8.84     0.615068
8.86     1.11582
8.88     1.69456
8.9     2.33853
8.92     3.03199
8.94     3.75037
8.96     4.4208
8.98     4.9211
9     5.1527
9.02     5.13664
9.04     5.00349
9.06     4.84652
9.08     4.64265
9.1     4.34553
9.12     3.98292
9.14     3.63637
9.16     3.36761
9.18     3.20208
9.2     3.19129
9.22     3.42764
9.24     3.95405
9.26     4.68352
9.28     5.43015
9.3     6.05411
9.32     6.55217
9.34     6.97089
9.36     7.28219
9.38     7.37846
9.4     7.1924
9.42     6.80756
9.44     6.38463
9.46     5.97276
9.48     5.46646
9.5     4.7508
9.52     3.85712
9.54     2.94951
9.56     2.14496
9.58     1.4134
9.6     0.681033
9.62     -0.0608765
9.64     -0.831684
9.66     -1.7652
9.68     -2.98484
9.7     -4.3978
9.72     -5.70296
9.74     -6.63403
9.76     -7.19572
9.78     -7.57364
9.8     -7.84319
9.82     -7.87189
9.84     -7.48273
9.86     -6.67433
9.88     -5.61992
9.9     -4.44889
9.92     -3.14784
9.94     -1.70697
9.96     -0.271609
9.98     0.921677
10     1.72742
10.02     2.15785
10.04     2.29995
10.06     2.22701
10.08     1.99532
10.1     1.66052
10.12     1.2812
10.14     0.927708
10.16     0.651888
10.18     0.486902
10.2     0.495311
10.22     0.716568
10.24     1.08213
10.26     1.47579
10.28     1.83007
10.3     2.13629
10.32     2.45106
10.34     2.85506
10.36     3.35059
10.38     3.84506
10.4     4.20062
10.42     4.32618
10.44     4.27962
10.46     4.23665
10.48     4.38523
10.5     4.86723
10.52     5.69388
10.54     6.68124
10.56     7.56042
10.58     8.11374
10.6     8.25275
10.62     8.08422
10.64     7.80294
10.66     7.50253
10.68     7.14465
10.7     6.60869
10.72     5.76851
10.74     4.61428
10.76     3.27501
10.78     1.93895
10.8     0.804255
10.82     -0.029231
10.84     -0.677645
10.86     -1.38176
10.88     -2.33204
10.9     -3.55879
10.92     -4.92444
10.94     -6.24743
10.96     -7.42585
10.98     -8.45672
11     -9.34585
11.02     -10.0423
11.04     -10.5004
11.06     -10.6799
11.08     -10.4777
11.1     -9.78917
11.12     -8.60056
11.14     -7.00477
11.16     -5.21224
11.18     -3.48985
11.2     -2.00198
11.22     -0.775148
11.24     0.202101
11.26     0.9048
11.28     1.2343
11.3     1.08505
11.32     0.469
11.34     -0.437197
11.36     -1.31917
11.38     -1.83449
11.4     -1.74149
11.42     -0.951643
11.44     0.466485
11.46     2.2868
11.48     4.21355
11.5     6.01496
11.52     7.51944
11.54     8.56312
11.56     8.98547
11.58     8.63715
11.6     7.41595
11.62     5.3219
11.64     2.45943
11.66     -0.977881
11.68     -4.65569
11.7     -8.12923
11.72     -10.9781
11.74     -12.8734
11.76     -13.61
11.78     -13.1289
11.8     -11.5082
11.82     -8.93312
11.84     -5.60942
11.86     -1.76207
11.88     2.25283
11.9     5.98316
11.92     9.08087
11.94     11.4065
11.96     12.9415
11.98     13.6707
12     13.5639
12.02     12.6414
12.04     11.0441
12.06     9.04546
12.08     6.99561
12.1     5.22824
12.12     3.92536
12.14     3.06462
12.16     2.56251
12.18     2.34415
12.2     2.32611
12.22     2.49012
12.24     2.83671
12.26     3.26242
12.28     3.56019
12.3     3.48163
12.32     2.88736
12.34     1.87758
12.36     0.661555
12.38     -0.667728
12.4     -2.15882
12.42     -3.9014
12.44     -5.95456
12.46     -8.29737
12.48     -10.8055
12.5     -13.2421
12.52     -15.2949
12.54     -16.7296
12.56     -17.482
12.58     -17.5839
12.6     -17.1165
12.62     -16.2116
12.64     -14.9591
12.66     -13.2928
12.68     -11.0747
12.7     -8.31817
12.72     -5.29996
12.74     -2.47328
12.76     -0.244496
12.78     1.19889
12.8     1.90659
12.82     2.04659
12.84     1.77575
12.86     1.21593
12.88     0.428731
12.9     -0.62681
12.92     -2.02401
12.94     -3.71143
12.96     -5.46002
12.98     -6.95959
13     -7.91527
13.02     -8.1597
13.04     -7.81061
13.06     -7.24853
13.08     -6.819
13.1     -6.55181
13.12     -6.20374
13.14     -5.5235
13.16     -4.42032
13.18     -2.96129
13.2     -1.32065
13.22     0.315017
13.24     1.83774
13.26     3.18991
13.28     4.3294
13.3     5.28828
13.32     6.12287
13.34     6.75662
13.36     7.01785
13.38     6.75655
13.4     5.91181
13.42     4.62647
13.44     3.21595
13.46     1.98722
13.48     1.12992
13.5     0.644368
13.52     0.367937
13.54     0.17704
13.56     0.0768768
13.58     0.0991216
13.6     0.234771
13.62     0.444511
13.64     0.715734
13.66     1.05364
13.68     1.33312
13.7     1.29552
13.72     0.800033
13.74     0.00877973
13.76     -0.741149
13.78     -1.22787
13.8     -1.41627
13.82     -1.27971
13.84     -0.725132
13.86     0.274211
13.88     1.57702
13.9     2.93266
13.92     4.1548
13.94     5.2482
13.96     6.3418
13.98     7.50455
14     8.60099
14.02     9.30891
14.04     9.36782
14.06     8.82483
14.08     7.96959
14.1     7.08349
14.12     6.29112
14.14     5.57442
14.16     4.84903
14.18     4.02719
14.2     3.01318
14.22     1.68653
14.24     -0.0191579
14.26     -2.08838
14.28     -4.51862
14.3     -7.38337
14.32     -10.7902
14.34     -14.7446
14.36     -19.0611
14.38     -23.4067
14.4     -27.4355
14.42     -30.9587
14.44     -33.9371
14.46     -36.2873
14.48     -37.7732
14.5     -38.1126
14.52     -37.2058
14.54     -35.205
14.56     -32.3716
14.58     -28.9641
14.6     -25.2376
14.62     -21.4234
14.64     -17.6278
14.66     -13.7949
14.68     -9.82265
14.7     -5.70038
14.72     -1.53674
14.74     2.56278
14.76     6.62632
14.78     10.7639
14.8     14.9966
14.82     19.1715
14.84     23.0684
14.86     26.5848
14.88     29.7542
14.9     32.5854
14.92     34.9495
14.94     36.5849
14.96     37.2072
14.98     36.7177
15     35.34
15.02     33.498
15.04     31.5166
15.06     29.4521
15.08     27.2038
15.1     24.7042
15.12     21.9205
15.14     18.7823
15.16     15.238
15.18     11.3356
15.2     7.14691
15.22     2.60759
15.24     -2.4523
15.26     -8.1374
15.28     -14.4169
15.3     -21.1545
15.32     -28.1907
15.34     -35.3345
15.36     -42.1878
15.38     -48.1162
15.4     -52.5702
15.42     -55.4195
15.44     -56.9251
15.46     -57.4215
15.48     -57.0202
15.5     -55.5736
15.52     -52.9205
15.54     -49.1512
15.56     -44.6283
15.58     -39.8542
15.6     -35.3017
15.62     -31.2396
15.64     -27.6885
15.66     -24.4884
15.68     -21.3457
15.7     -17.8977
15.72     -13.8938
15.74     -9.34521
15.76     -4.47029
15.78     0.543581
15.8     5.73229
15.82     11.2611
15.84     17.191
15.86     23.3859
15.88     29.5659
15.9     35.4359
15.92     40.776
15.94     45.3701
15.96     48.9596
15.98     51.3899
16     52.7323
16.02     53.2101
16.04     53.0316
16.06     52.2731
16.08     50.9047
16.1     48.9194
16.12     46.3892
16.14     43.3678
16.16     39.8451
16.18     35.833
16.2     31.3908
16.22     26.5317
16.24     21.1861
16.26     15.3298
16.28     9.0767
16.3     2.60396
16.32     -3.91186
16.34     -10.2859
16.36     -16.3414
16.38     -21.9411
16.4     -26.9995
16.42     -31.4448
16.44     -35.1875
16.46     -38.1828
16.48     -40.4822
16.5     -42.1498
16.52     -43.1452
16.54     -43.3437
16.56     -42.6579
16.58     -41.0742
16.6     -38.576
16.62     -35.1088
16.64     -30.6605
16.66     -25.3126
16.68     -19.189
16.7     -12.3863
16.72     -4.99061
16.74     2.76841
16.76     10.4426
16.78     17.5824
16.8     23.9811
16.82     29.6031
16.84     34.343
16.86     37.9619
16.88     40.2602
16.9     41.2767
16.92     41.277
16.94     40.5308
16.96     39.1812
16.98     37.3223
17     35.0636
17.02     32.4986
17.04     29.6253
17.06     26.3489
17.08     22.6314
17.1     18.558
17.12     14.2019
17.14     9.5096
17.16     4.36398
17.18     -1.27413
17.2     -7.27698
17.22     -13.4063
17.24     -19.4652
17.26     -25.3041
17.28     -30.7194
17.3     -35.4542
17.32     -39.3049
17.34     -42.2041
17.36     -44.1914
17.38     -45.3351
17.4     -45.606
17.42     -44.7832
17.44     -42.5818
17.46     -38.8915
17.48     -33.8808
17.5     -27.8654
17.52     -21.0674
17.54     -13.5477
17.56     -5.35515
17.58     3.31266
17.6     12.1194
17.62     20.715
17.64     28.7693
17.66     35.9487
17.68     41.9178
17.7     46.3834
17.72     49.2019
17.74     50.3957
17.76     50.0855
17.78     48.4956
17.8     45.9571
17.82     42.8613
17.84     39.5972
17.86     36.4626
17.88     33.62
17.9     31.1814
17.92     29.2903
17.94     28.052
17.96     27.4244
17.98     27.2039
18     27.1288
18.02     26.9893
18.04     26.5836
18.06     25.6506
18.08     23.948
18.1     21.3892
18.12     18.1223
18.14     14.429
18.16     10.5141
18.18     6.49232
18.2     2.50836
18.22     -1.33706
18.24     -5.13685
18.26     -9.07261
18.28     -13.1678
18.3     -17.2203
18.32     -20.9326
18.34     -24.1006
18.36     -26.7283
18.38     -28.9727
18.4     -30.9994
18.42     -32.8553
18.44     -34.3711
18.46     -35.1833
18.48     -34.9353
18.5     -33.5124
18.52     -31.0774
18.54     -27.8628
18.56     -23.9678
18.58     -19.4093
18.6     -14.2861
18.62     -8.81712
18.64     -3.29844
18.66     2.01044
18.68     6.9754
18.7     11.5082
18.72     15.5075
18.74     18.8793
18.76     21.5225
18.78     23.3756
18.8     24.5153
18.82     25.1364
18.84     25.4527
18.86     25.6213
18.88     25.6956
18.9     25.6491
18.92     25.4731
18.94     25.2365
18.96     25.0697
18.98     25.104
19     25.377
19.02     25.8102
19.04     26.3117
19.06     26.8943
19.08     27.6368
19.1     28.5486
19.12     29.5403
19.14     30.5061
19.16     31.4039
19.18     32.2234
19.2     32.8593
19.22     33.1272
19.24     32.9115
19.26     32.1647
19.28     30.7726
19.3     28.5852
19.32     25.6055
19.34     22.0037
19.36     17.9685
19.38     13.6382
19.4     9.12877
19.42     4.57191
19.44     0.0880921
19.46     -4.2598
19.48     -8.45443
19.5     -12.4516
19.52     -16.1088
19.54     -19.2549
19.56     -21.8284
19.58     -23.9326
19.6     -25.7866
19.62     -27.5528
19.64     -29.2308
19.66     -30.7322
19.68     -31.9913
19.7     -32.9956
19.72     -33.7315
19.74     -34.1734
19.76     -34.3434
19.78     -34.3465
19.8     -34.3243
19.82     -34.2778
19.84     -33.969
19.86     -33.1032
19.88     -31.5739
19.9     -29.498
19.92     -27.0437
19.94     -24.2818
19.96     -21.1699
19.98     -17.6322
20     -13.6134
20.02     -9.07112
20.04     -4.08105
20.06     1.06198
20.08     5.99464
20.1     10.5713
20.12     14.9395
20.14     19.335
20.16     23.8647
20.18     28.4515
20.2     32.9461
20.22     37.2372
20.24     41.2638
20.26     45.0109
20.28     48.5184
20.3     51.8597
20.32     55.0157
20.34     57.7794
20.36     59.8723
20.38     61.1076
20.4     61.4115
20.42     60.7471
20.44     59.053
20.46     56.2585
20.48     52.3585
20.5     47.4578
20.52     41.6664
20.54     34.9851
20.56     27.395
20.58     19.0134
20.6     10.0903
20.62     0.850141
20.64     -8.59221
20.66     -18.1861
20.68     -27.8907
20.7     -37.5863
20.72     -47.0157
20.74     -55.8071
20.76     -63.558
20.78     -70.0068
20.8     -75.1336
20.82     -79.0453
20.84     -81.7757
20.86     -83.2494
20.88     -83.3814
20.9     -82.1069
20.92     -79.3394
20.94     -74.9733
20.96     -68.9699
20.98     -61.4103
21     -52.422
21.02     -42.078
21.04     -30.3964
21.06     -17.3716
21.08     -2.9736
21.1     12.7968
21.12     29.7638
21.14     47.4345
21.16     65.0617
21.18     81.8955
21.2     97.3612
21.22     111.044
21.24     122.575
21.26     131.583
21.28     137.769
21.3     140.964
21.32     141.076
21.34     138.03
21.36     131.843
21.38     122.739
21.4     111.241
21.42     98.1939
21.44     84.4816
21.46     70.6047
21.48     56.5586
21.5     42.0749
21.52     26.9919
21.54     11.4071
21.56     -4.51225
21.58     -20.6964
21.6     -37.1107
21.62     -53.6636
21.64     -70.2191
21.66     -86.7061
21.68     -103.161
21.7     -119.483
21.72     -135.143
21.74     -149.297
21.76     -161.222
21.78     -170.593
21.8     -177.429
21.82     -181.9
21.84     -184.225
21.86     -184.676
21.88     -183.55
21.9     -181.075
21.92     -177.302
21.94     -172.076
21.96     -165.16
21.98     -156.477
22     -146.201
22.02     -134.586
22.04     -121.72
22.06     -107.393
22.08     -91.1525
22.1     -72.6142
22.12     -51.7819
22.14     -29.0937
22.16     -5.25192
22.18     18.8926
22.2     42.3998
22.22     64.3074
22.24     83.7015
22.26     99.8472
22.28     112.334
22.3     121.087
22.32     126.278
22.34     128.259
22.36     127.54
22.38     124.697
22.4     120.271
22.42     114.834
22.44     108.987
22.46     103.208
22.48     97.7399
22.5     92.5498
22.52     87.3642
22.54     81.7558
22.56     75.2606
22.58     67.4507
22.6     57.9072
22.62     46.2441
22.64     32.1752
22.66     15.6281
22.68     -3.06077
22.7     -23.1535
22.72     -43.793
22.74     -64.275
22.76     -84.0744
22.78     -102.638
22.8     -119.246
22.82     -133.186
22.84     -144.135
22.86     -152.345
22.88     -158.331
22.9     -162.483
22.92     -164.972
22.94     -165.851
22.96     -165.148
22.98     -162.916
23     -159.184
23.02     -153.829
23.04     -146.601
23.06     -137.301
23.08     -125.885
23.1     -112.428
23.12     -96.9733
23.14     -79.458
23.16     -59.8972
23.18     -38.6705
23.2     -16.4617
23.22     6.06491
23.24     28.362
23.26     49.7843
23.28     69.4849
23.3     86.6655
23.32     100.849
23.34     111.889
23.36     119.786
23.38     124.473
23.4     125.806
23.42     123.809
23.44     118.772
23.46     111.023
23.48     100.746
23.5     88.0989
23.52     73.4241
23.54     57.2614
23.56     40.1358
23.58     22.2862
23.6     3.65613
23.62     -15.805
23.64     -35.9237
23.66     -56.3365
23.68     -76.6285
23.7     -96.4664
23.72     -115.632
23.74     -133.946
23.76     -151.17
23.78     -166.988
23.8     -181.093
23.82     -193.186
23.84     -202.891
23.86     -209.765
23.88     -213.436
23.9     -213.758
23.92     -210.859
23.94     -205.042
23.96     -196.587
23.98     -185.678
24     -172.548
24.02     -157.586
24.04     -141.268
24.06     -124.027
24.08     -106.161
24.1     -87.8591
24.12     -69.2461
24.14     -50.3798
24.16     -31.2895
24.18     -12.0139
24.2     7.4289
24.22     27.0388
24.24     46.7594
24.26     66.4009
24.28     85.6465
24.3     104.116
24.32     121.404
24.34     137.076
24.36     150.629
24.38     161.499
24.4     169.201
24.42     173.461
24.44     174.222
24.46     171.626
24.48     165.994
24.5     157.739
24.52     147.244
24.54     134.828
24.56     120.796
24.58     105.524
24.6     89.5084
24.62     73.2514
24.64     57.097
24.66     41.2079
24.68     25.6212
24.7     10.319
24.72     -4.69158
24.74     -19.3383
24.76     -33.4966
24.78     -47.0158
24.8     -59.7511
24.82     -71.568
24.84     -82.3057
24.86     -91.7673
24.88     -99.7828
24.9     -106.272
24.92     -111.204
24.94     -114.482
24.96     -115.883
24.98     -115.183
25     -112.331
25.02     -107.512
25.04     -101.05
25.06     -93.2487
25.08     -84.3261
25.1     -74.4684
25.12     -63.8676
25.14     -52.7542
25.16     -41.3899
25.18     -30.0064
25.2     -18.7193
25.22     -7.50615
25.24     3.6974
25.26     14.9109
25.28     26.0752
25.3     37.0884
25.32     47.9268
25.34     58.637
25.36     69.1148
25.38     78.981
25.4     87.7513
25.42     95.0238
25.44     100.481
25.46     103.852
25.48     104.919
25.5     103.57
25.52     99.8962
25.54     94.1844
25.56     86.7767
25.58     77.9378
25.6     67.8766
25.62     56.9313
25.64     45.6133
25.66     34.4367
25.68     23.7784
25.7     13.8348
25.72     4.6453
25.74     -3.87816
25.76     -11.9276
25.78     -19.7061
25.8     -27.3047
25.82     -34.6392
25.84     -41.4698
25.86     -47.486
25.88     -52.4022
25.9     -56.0224
25.92     -58.2391
25.94     -58.9983
25.96     -58.2725
25.98     -56.0125
26     -52.1079
26.02     -46.4808
26.04     -39.2876
26.06     -30.9967
26.08     -22.2336
26.1     -13.5577
26.12     -5.3592
26.14     2.16081
26.16     8.99065
26.18     15.2175
26.2     20.9355
26.22     26.2509
26.24     31.2813
26.26     36.1163
26.28     40.8207
26.3     45.4865
26.32     50.2421
26.34     55.2043
26.36     60.3748
26.38     65.502
26.4     70.0937
26.42     73.6239
26.44     75.7289
26.46     76.2976
26.48     75.4115
26.5     73.1295
26.52     69.3861
26.54     64.101
26.56     57.2537
26.58     48.8848
26.6     39.1582
26.62     28.3993
26.64     16.9961
26.66     5.26208
26.68     -6.60105
26.7     -18.4005
26.72     -29.8625
26.74     -40.7218
26.76     -50.8253
26.78     -60.0439
26.8     -68.1829
26.82     -75.0482
26.84     -80.5159
26.86     -84.4744
26.88     -86.7259
26.9     -87.0725
26.92     -85.5503
26.94     -82.5153
26.96     -78.3617
26.98     -73.0933
27     -66.3548
27.02     -57.8748
27.04     -47.7011
27.06     -36.1035
27.08     -23.3939
27.1     -9.80952
27.12     4.51798
27.14     19.5318
27.16     35.1489
27.18     51.1087
27.2     66.8511
27.22     81.6059
27.24     94.7146
27.26     105.801
27.28     114.644
27.3     121.04
27.32     124.773
27.34     125.659
27.36     123.613
27.38     118.659
27.4     110.904
27.42     100.503
27.44     87.6445
27.46     72.5956
27.48     55.7028
27.5     37.3338
27.52     17.8254
27.54     -2.53203
27.56     -23.474
27.58     -44.7034
27.6     -65.8534
27.62     -86.4871
27.64     -106.07
27.66     -123.908
27.68     -139.181
27.7     -151.135
27.72     -159.279
27.74     -163.441
27.76     -163.695
27.78     -160.193
27.8     -153.034
27.82     -142.304
27.84     -128.224
27.86     -111.227
27.88     -91.9418
27.9     -71.16
27.92     -49.7319
27.94     -28.3683
27.96     -7.53309
27.98     12.5272
28     31.6591
28.02     49.6919
28.04     66.451
28.06     81.81
28.08     95.6718
28.1     107.871
28.12     118.135
28.14     126.213
28.16     132.043
28.18     135.76
28.2     137.464
28.22     137.012
28.24     134.084
28.26     128.456
28.28     120.182
28.3     109.577
28.32     97.061
28.34     83.0385
28.36     67.8159
28.38     51.654
28.4     34.8697
28.42     17.8067
28.44     0.747498
28.46     -16.1232
28.48     -32.6611
28.5     -48.6194
28.52     -63.6077
28.54     -77.2681
28.56     -89.4621
28.58     -100.225
28.6     -109.578
28.62     -117.437
28.64     -123.685
28.66     -128.245
28.68     -131.066
28.7     -132.123
28.72     -131.418
28.74     -129.003
28.76     -125.01
28.78     -119.587
28.8     -112.78
28.82     -104.526
28.84     -94.8006
28.86     -83.7278
28.88     -71.5324
28.9     -58.4001
28.92     -44.4595
28.94     -29.8693
28.96     -14.863
28.98     0.300595
29     15.3886
29.02     30.1518
29.04     44.2302
29.06     57.1754
29.08     68.6139
29.1     78.3355
29.12     86.2624
29.14     92.4237
29.16     96.9464
29.18     100.023
29.2     101.814
29.22     102.311
29.24     101.342
29.26     98.7543
29.28     94.566
29.3     88.9361
29.32     81.9545
29.34     73.4547
29.36     63.0953
29.38     50.5709
29.4     35.8001
29.42     19.044
29.44     0.873632
29.46     -18.0133
29.48     -37.01
29.5     -55.6866
29.52     -73.7099
29.54     -90.7079
29.56     -106.211
29.58     -119.697
29.6     -130.724
29.62     -139.124
29.64     -145.076
29.66     -149.002
29.68     -151.411
29.7     -152.733
29.72     -153.186
29.74     -152.841
29.76     -151.739
29.78     -149.87
29.8     -147.103
29.82     -143.197
29.84     -137.851
29.86     -130.804
29.88     -121.966
29.9     -111.426
29.92     -99.3388
29.94     -85.8614
29.96     -71.1455
29.98     -55.4043
30     -38.9865
30.02     -22.3775
30.04     -6.10142
30.06     9.42318
30.08     23.9424
30.1     37.3162
30.12     49.4741
30.14     60.3772
30.16     69.9737
30.18     78.2134
30.2     85.1133
30.22     90.7423
30.24     95.0993
30.26     98.0635
30.28     99.4693
30.3     99.1929
30.32     97.1869
30.34     93.463
30.36     88.0355
30.38     80.8686
30.4     71.8945
30.42     61.1052
30.44     48.6236
30.46     34.683
30.48     19.5559
30.5     3.51678
30.52     -13.1625
30.54     -30.2201
30.56     -47.4169
30.58     -64.5842
30.6     -81.6414
30.62     -98.4946
30.64     -114.921
30.66     -130.561
30.68     -144.978
30.7     -157.721
30.72     -168.437
30.74     -176.963
30.76     -183.297
30.78     -187.511
30.8     -189.642
30.82     -189.6
30.84     -187.212
30.86     -182.4
30.88     -175.266
30.9     -165.978
30.92     -154.653
30.94     -141.414
30.96     -126.437
30.98     -109.872
31     -91.7469
31.02     -72.0282
31.04     -50.7932
31.06     -28.3869
31.08     -5.40494
31.1     17.5304
31.12     39.9891
31.14     61.7536
31.16     82.7062
31.18     102.723
31.2     121.619
31.22     139.113
31.24     154.728
31.26     167.856
31.28     178.091
31.3     185.403
31.32     190.032
31.34     192.3
31.36     192.436
31.38     190.445
31.4     186.172
31.42     179.514
31.44     170.551
31.46     159.534
31.48     146.859
31.5     132.941
31.52     118.02
31.54     102.132
31.56     85.2886
31.58     67.6201
31.6     49.4287
31.62     31.2516
31.64     13.8367
31.66     -2.05211
31.68     -15.8139
31.7     -27.0694
31.72     -35.7723
31.74     -42.3256
31.76     -47.3473
31.78     -51.2105
31.8     -53.8723
31.82     -55.1032
31.84     -54.847
31.86     -53.4301
31.88     -51.4514
31.9     -49.4218
31.92     -47.4598
31.94     -45.2221
31.96     -42.0611
31.98     -37.3266
32     -30.6436
32.02     -22.0248
32.04     -11.7943
32.06     -0.397832
32.08     11.7765
32.1     24.4392
32.12     37.3026
32.14     49.9963
32.16     62.0923
32.18     73.2243
32.2     83.1666
32.22     91.7963
32.24     99.0631
32.26     105.021
32.28     109.869
32.3     113.948
32.32     117.613
32.34     120.995
32.36     123.861
32.38     125.688
32.4     125.822
32.42     123.718
32.44     119.09
32.46     111.866
32.48     102.078
32.5     89.8764
32.52     75.6044
32.54     59.7955
32.56     43.0457
32.58     26.0102
32.6     9.5215
32.62     -5.45334
32.64     -18.0566
32.66     -27.7527
32.68     -34.3397
32.7     -37.8751
32.72     -38.7029
32.74     -37.4844
32.76     -35.0106
32.78     -31.8839
32.8     -28.3511
32.82     -24.4614
32.84     -20.3501
32.86     -16.2083
32.88     -12.0126
32.9     -7.46032
32.92     -2.13032
32.94     4.39618
32.96     12.4666
32.98     22.2349
33     33.578
33.02     46.0642
33.04     58.9727
33.06     71.467
33.08     82.8036
33.1     92.4068
33.12     99.8174
33.14     104.647
33.16     106.635
33.18     105.706
33.2     101.985
33.22     95.7989
33.24     87.6503
33.26     78.1972
33.28     68.1286
33.3     57.9479
33.32     47.9013
33.34     38.0964
33.36     28.6494
33.38     19.7404
33.4     11.4847
33.42     3.69669
33.44     -4.12094
33.46     -12.4639
33.48     -21.4614
33.5     -30.7455
33.52     -39.7003
33.54     -47.8863
33.56     -55.1664
33.58     -61.4204
33.6     -66.2973
33.62     -69.3888
33.64     -70.5491
33.66     -69.8978
33.68     -67.5537
33.7     -63.5149
33.72     -57.8752
33.74     -51.0569
33.76     -43.7136
33.78     -36.3659
33.8     -29.1263
33.82     -21.774
33.84     -14.0387
33.86     -5.80827
33.88     2.8574
33.9     11.8403
33.92     21.0412
33.94     30.3924
33.96     39.8655
33.98     49.42
34     58.9029
34.02     67.9979
34.04     76.2228
34.06     83.0068
34.08     87.8337
34.1     90.3586
34.12     90.4776
34.14     88.3254
34.16     84.1726
34.18     78.3308
34.2     71.1627
34.22     63.0951
34.24     54.5533
34.26     45.8325
34.28     37.0132
34.3     28.0569
34.32     18.9915
34.34     9.95612
34.36     1.10097
34.38     -7.47647
34.4     -15.7247
34.42     -23.6335
34.44     -31.2166
34.46     -38.4538
34.48     -45.2128
34.5     -51.1878
34.52     -55.9508
34.54     -59.1462
34.56     -60.666
34.58     -60.6504
34.6     -59.3196
34.62     -56.8046
34.64     -53.1043
34.66     -48.1599
34.68     -41.9528
34.7     -34.5265
34.72     -25.9578
34.74     -16.3381
34.76     -5.79294
34.78     5.49883
34.8     17.3525
34.82     29.6691
34.84     42.4396
34.86     55.618
34.88     69.0259
34.9     82.3601
34.92     95.2472
34.94     107.322
34.96     118.317
34.98     128.136
35     136.84
35.02     144.503
35.04     151.079
35.06     156.415
35.08     160.391
35.1     163.023
35.12     164.383
35.14     164.385
35.16     162.712
35.18     158.954
35.2     152.82
35.22     144.266
35.24     133.429
35.26     120.447
35.28     105.447
35.3     88.6444
35.32     70.3699
35.34     51.0534
35.36     31.2245
35.38     11.4916
35.4     -7.5406
35.42     -25.4423
35.44     -42.0939
35.46     -57.6063
35.48     -72.1242
35.5     -85.7264
35.52     -98.4473
35.54     -110.323
35.56     -121.298
35.58     -131.056
35.6     -139.074
35.62     -144.848
35.64     -147.995
35.66     -148.288
35.68     -145.614
35.7     -139.889
35.72     -131.008
35.74     -118.839
35.76     -103.275
35.78     -84.3807
35.8     -62.526
35.82     -38.4033
35.84     -12.9132
35.86     13.0651
35.88     38.8447
35.9     63.8495
35.92     87.4492
35.94     108.98
35.96     127.931
35.98     144.08
36     157.427
36.02     167.983
36.04     175.625
36.06     180.171
36.08     181.612
36.1     180.136
36.12     175.952
36.14     169.156
36.16     159.729
36.18     147.578
36.2     132.625
36.22     114.902
36.24     94.6076
36.26     72.1464
36.28     48.1126
36.3     23.1264
36.32     -2.33928
36.34     -28.0175
36.36     -53.7491
36.38     -79.2417
36.4     -103.942
36.42     -127.141
36.44     -148.193
36.46     -166.681
36.48     -182.494
36.5     -195.766
36.52     -206.699
36.54     -215.408
36.56     -221.915
36.58     -226.171
36.6     -228.128
36.62     -227.848
36.64     -225.524
36.66     -221.404
36.68     -215.665
36.7     -208.309
36.72     -199.203
36.74     -188.219
36.76     -175.34
36.78     -160.645
36.8     -144.21
36.82     -126.07
36.84     -106.286
36.86     -85.0918
36.88     -63.0668
36.9     -41.1038
36.92     -20.0933
36.94     -0.631301
36.96     16.9931
36.98     32.648
37     46.224
37.02     57.5926
37.04     66.713
37.06     73.7302
37.08     78.8999
37.1     82.451
37.12     84.4942
37.14     85.0298
37.16     84.0248
37.18     81.4357
37.2     77.2195
37.22     71.3855
37.24     64.021
37.26     55.2668
37.28     45.2656
37.3     34.119
37.32     21.8488
37.34     8.46041
37.36     -5.83015
37.38     -20.485
37.4     -34.8258
37.42     -48.2682
37.44     -60.4128
37.46     -71.0426
37.48     -80.0678
37.5     -87.4714
37.52     -93.3142
37.54     -97.7225
37.56     -100.798
37.58     -102.544
37.6     -102.908
37.62     -101.896
37.64     -99.6322
37.66     -96.368
37.68     -92.3921
37.7     -87.897
37.72     -82.876
37.74     -77.1818
37.76     -70.7103
37.78     -63.517
37.8     -55.7973
37.82     -47.7861
37.84     -39.6465
37.86     -31.4247
37.88     -23.1049
37.9     -14.6793
37.92     -6.20857
37.94     2.15589
37.96     10.2146
37.98     17.7214
38     24.3683
38.02     29.9066
38.04     34.2717
38.06     37.4996
38.08     39.5478
38.1     40.2442
38.12     39.3816
38.14     36.8398
38.16     32.641
38.18     26.9193
38.2     19.8327
38.22     11.4834
38.24     1.94348
38.26     -8.60699
38.28     -19.849
38.3     -31.5135
38.32     -43.5338
38.34     -55.9053
38.36     -68.4026
38.38     -80.5306
38.4     -91.7974
38.42     -102.04
38.44     -111.437
38.46     -120.158
38.48     -128.079
38.5     -134.838
38.52     -140.104
38.54     -143.857
38.56     -146.365
38.58     -147.902
38.6     -148.439
38.62     -147.599
38.64     -144.949
38.66     -140.36
38.68     -134.062
38.7     -126.327
38.72     -117.187
38.74     -106.522
38.76     -94.2992
38.78     -80.6714
38.8     -65.8711
38.82     -50.1368
38.84     -33.8443
38.86     -17.5602
38.88     -1.8152
38.9     13.1069
38.92     27.1255
38.94     40.1786
38.96     52.0937
38.98     62.5977
39     71.4507
39.02     78.5798
39.04     84.0534
39.06     87.9339
39.08     90.2235
39.1     90.9073
39.12     89.9277
39.14     87.1472
39.16     82.4156
39.18     75.6533
39.2     66.8911
39.22     56.2923
39.24     44.1152
39.26     30.6435
39.28     16.1991
39.3     1.18048
39.32     -14.0173
39.34     -29.0978
39.36     -43.8338
39.38     -57.9938
39.4     -71.3374
39.42     -83.664
39.44     -94.8658
39.46     -104.986
39.48     -114.225
39.5     -122.838
39.52     -131.018
39.54     -138.788
39.56     -145.961
39.58     -152.206
39.6     -157.198
39.62     -160.723
39.64     -162.668
39.66     -162.977
39.68     -161.584
39.7     -158.369
39.72     -153.164
39.74     -145.89
39.76     -136.76
39.78     -126.279
39.8     -115.049
39.82     -103.627
39.84     -92.4752
39.86     -81.9269
39.88     -72.1705
39.9     -63.3097
39.92     -55.4683
39.94     -48.8252
39.96     -43.5314
39.98     -39.5705
40     -36.6904
40.02     -34.5105
40.04     -32.7096
40.06     -31.1677
40.08     -29.9831
40.1     -29.3575
40.12     -29.4828
40.14     -30.4898
40.16     -32.413
40.18     -35.1727
40.2     -38.5683
40.22     -42.2968
40.24     -46.0662
40.26     -49.7453
40.28     -53.3457
40.3     -56.8101
40.32     -59.8726
40.34     -62.1601
40.36     -63.4059
40.38     -63.6177
40.4     -63.0794
40.42     -62.1616
40.44     -61.1599
40.46     -60.3219
40.48     -59.8893
40.5     -59.9739
40.52     -60.4036
40.54     -60.7953
40.56     -60.8245
40.58     -60.416
40.6     -59.6596
40.62     -58.5355
40.64     -56.785
40.66     -54.0836
40.68     -50.3193
40.7     -45.7146
40.72     -40.7279
40.74     -35.8922
40.76     -31.7526
40.78     -28.8735
40.8     -27.779
40.82     -28.7938
40.84     -31.8953
40.86     -36.744
40.88     -42.9147
40.9     -50.0873
40.92     -58.0011
40.94     -66.2985
40.96     -74.479
40.98     -81.9902
41     -88.363
41.02     -93.3471
41.04     -97.0095
41.06     -99.691
41.08     -101.839
41.1     -103.872
41.12     -106.094
41.14     -108.656
41.16     -111.603
41.18     -114.938
41.2     -118.601
41.22     -122.424
41.24     -126.14
41.26     -129.432
41.28     -131.901
41.3     -133.072
41.32     -132.562
41.34     -130.187
41.36     -125.963
41.38     -120.063
41.4     -112.763
41.42     -104.414
41.44     -95.3954
41.46     -86.068
41.48     -76.7455
41.5     -67.7022
41.52     -59.1796
41.54     -51.3423
41.56     -44.2388
41.58     -37.8668
41.6     -32.2456
41.62     -27.3541
41.64     -23.0352
41.66     -19.073
41.68     -15.3943
41.7     -12.1638
41.72     -9.69934
41.74     -8.28447
41.76     -8.01983
41.78     -8.83799
41.8     -10.6336
41.82     -13.3649
41.84     -17.0386
41.86     -21.6243
41.88     -26.992
41.9     -32.881
41.92     -38.922
41.94     -44.7685
41.96     -50.2351
41.98     -55.2854
42     -59.9289
42.02     -64.1729
42.04     -68.0294
42.06     -71.5179
42.08     -74.6598
42.1     -77.4625
42.12     -79.9166
42.14     -82.0203
42.16     -83.7501
42.18     -84.9875
42.2     -85.532
42.22     -85.2308
42.24     -84.102
42.26     -82.3
42.28     -79.9347
42.3     -76.9674
42.32     -73.3217
42.34     -69.055
42.36     -64.3772
42.38     -59.5106
42.4     -54.5498
42.42     -49.4377
42.44     -44.0306
42.46     -38.1995
42.48     -31.908
42.5     -25.199
42.52     -18.1178
42.54     -10.7049
42.56     -3.09025
42.58     4.45751
42.6     11.6084
42.62     18.0822
42.64     23.7105
42.66     28.4078
42.68     32.0723
42.7     34.4977
42.72     35.4205
42.74     34.7399
42.76     32.6735
42.78     29.6643
42.8     26.1336
42.82     22.2579
42.84     17.946
42.86     13.0475
42.88     7.56926
42.9     1.6465
42.92     -4.65858
42.94     -11.4491
42.96     -18.8964
42.98     -27.0963
43     -36.0295
43.02     -45.635
43.04     -55.7882
43.06     -66.1321
43.08     -76.0957
43.1     -85.1588
43.12     -92.9991
43.14     -99.4221
43.16     -104.275
43.18     -107.429
43.2     -108.815
43.22     -108.497
43.24     -106.711
43.26     -103.775
43.28     -99.9772
43.3     -95.576
43.32     -90.8151
43.34     -85.849
43.36     -80.6941
43.38     -75.2743
43.4     -69.4798
43.42     -63.2221
43.44     -56.4616
43.46     -49.174
43.48     -41.3176
43.5     -32.8447
43.52     -23.7505
43.54     -14.1208
43.56     -4.1521
43.58     5.86657
43.6     15.5991
43.62     24.7116
43.64     32.8922
43.66     39.8259
43.68     45.2088
43.7     48.8558
43.72     50.7514
43.74     50.9671
43.76     49.5857
43.78     46.7029
43.8     42.4326
43.82     36.9181
43.84     30.3754
43.86     23.0849
43.88     15.301
43.9     7.15878
43.92     -1.3445
43.94     -10.2589
43.96     -19.5437
43.98     -29.0228
44     -38.4632
44.02     -47.6925
44.04     -56.6988
44.06     -65.6025
44.08     -74.4803
44.1     -83.2463
44.12     -91.6558
44.14     -99.3915
44.16     -106.211
44.18     -112.023
44.2     -116.825
44.22     -120.621
44.24     -123.39
44.26     -125.099
44.28     -125.749
44.3     -125.376
44.32     -124.01
44.34     -121.674
44.36     -118.417
44.38     -114.277
44.4     -109.204
44.42     -103.067
44.44     -95.7687
44.46     -87.3766
44.48     -78.0766
44.5     -67.9758
44.52     -57.015
44.54     -45.129
44.56     -32.4796
44.58     -19.5423
44.6     -6.94722
44.62     4.8313
44.64     15.6646
44.66     25.6277
44.68     34.6791
44.7     42.5545
44.72     48.9623
44.74     53.7559
44.76     56.9032
44.78     58.4231
44.8     58.4153
44.82     57.0935
44.84     54.6837
44.86     51.251
44.88     46.6895
44.9     40.8925
44.92     33.8815
44.94     25.7925
44.96     16.8213
44.98     7.19873
45     -2.82807
45.02     -13.0445
45.04     -23.3417
45.06     -33.7499
45.08     -44.3787
45.1     -55.257
45.12     -66.1609
45.14     -76.6458
45.16     -86.3294
45.18     -95.1344
45.2     -103.266
45.22     -110.947
45.24     -118.123
45.26     -124.411
45.28     -129.339
45.3     -132.57
45.32     -133.939
45.34     -133.418
45.36     -131.141
45.38     -127.358
45.4     -122.319
45.42     -116.177
45.44     -108.964
45.46     -100.749
45.48     -91.8147
45.5     -82.5888
45.52     -73.4152
45.54     -64.4866
45.56     -55.9206
45.58     -47.7609
45.6     -39.9216
45.62     -32.2417
45.64     -24.6142
45.66     -17.0478
45.68     -9.67711
45.7     -2.74353
45.72     3.48903
45.74     8.79579
45.76     12.966
45.78     15.7684
45.8     16.9711
45.82     16.3715
45.84     13.8006
45.86     9.14443
45.88     2.37905
45.9     -6.40263
45.92     -16.9719
45.94     -28.9943
45.96     -42.1171
45.98     -56.0506
46     -70.5714
46.02     -85.465
46.04     -100.495
46.06     -115.421
46.08     -130.033
46.1     -144.149
46.12     -157.57
46.14     -170.039
46.16     -181.234
46.18     -190.793
46.2     -198.351
46.22     -203.599
46.24     -206.366
46.26     -206.62
46.28     -204.369
46.3     -199.58
46.32     -192.218
46.34     -182.356
46.36     -170.286
46.38     -156.528
46.4     -141.696
46.42     -126.324
46.44     -110.786
46.46     -95.3214
46.48     -80.1286
46.5     -65.4315
46.52     -51.47
46.54     -38.4406
46.56     -26.4524
46.58     -15.5363
46.6     -5.69143
46.62     3.07101
46.64     10.7023
46.66     17.1043
46.68     22.1168
46.7     25.5153
46.72     27.0639
46.74     26.592
46.76     24.0355
46.78     19.4371
46.8     12.9145
46.82     4.61266
46.84     -5.32081
46.86     -16.6971
46.88     -29.2264
46.9     -42.524
46.92     -56.1928
46.94     -69.904
46.96     -83.4163
46.98     -96.5409
47     -109.106
47.02     -120.958
47.04     -131.962
47.06     -141.986
47.08     -150.894
47.1     -158.561
47.12     -164.873
47.14     -169.739
47.16     -173.114
47.18     -174.985
47.2     -175.308
47.22     -173.977
47.24     -170.878
47.26     -165.994
47.28     -159.448
47.3     -151.448
47.32     -142.173
47.34     -131.722
47.36     -120.143
47.38     -107.525
47.4     -94.0621
47.42     -80.0314
47.44     -65.7044
47.46     -51.289
47.48     -36.9609
47.5     -22.9234
47.52     -9.41217
47.54     3.34727
47.56     15.1528
47.58     25.7805
47.6     34.9525
47.62     42.38
47.64     47.8441
47.66     51.2476
47.68     52.5945
47.7     51.9248
47.72     49.2794
47.74     44.7164
47.76     38.3283
47.78     30.2411
47.8     20.6214
47.82     9.7024
47.84     -2.21356
47.86     -14.8059
47.88     -27.7892
47.9     -40.9091
47.92     -53.915
47.94     -66.5585
47.96     -78.6102
47.98     -89.8732
48     -100.167
48.02     -109.299
48.04     -117.077
48.06     -123.345
48.08     -127.992
48.1     -130.94
48.12     -132.122
48.14     -131.469
48.16     -128.908
48.18     -124.395
48.2     -117.96
48.22     -109.747
48.24     -99.9908
48.26     -88.9483
48.28     -76.8622
48.3     -63.9771
48.32     -50.5745
48.34     -36.9767
48.36     -23.5174
48.38     -10.476
48.4     1.97297
48.42     13.7534
48.44     24.8518
48.46     35.2876
48.48     45.0842
48.5     54.2361
48.52     62.686
48.54     70.3289
48.56     77.0455
48.58     82.7271
48.6     87.2584
48.62     90.4629
48.64     92.0644
48.66     91.7294
48.68     89.1739
48.7     84.262
48.72     77.0538
48.74     67.8022
48.76     56.8971
48.78     44.7707
48.8     31.7974
48.82     18.2525
48.84     4.37263
48.86     -9.56084
48.88     -23.2242
48.9     -36.3518
48.92     -48.8477
48.94     -60.7984
48.96     -72.3725
48.98     -83.7009
49     -94.8232
49.02     -105.704
49.04     -116.251
49.06     -126.289
49.08     -135.531
49.1     -143.618
49.12     -150.185
49.14     -154.909
49.16     -157.517
49.18     -157.801
49.2     -155.644
49.22     -151.054
49.24     -144.152
49.26     -135.146
49.28     -124.329
49.3     -112.1
49.32     -98.9034
49.34     -85.1099
49.36     -70.958
49.38     -56.5824
49.4     -42.045
49.42     -27.352
49.44     -12.4806
49.46     2.56445
49.48     17.6904
49.5     32.6926
49.52     47.2933
49.54     61.2146
49.56     74.1999
49.58     85.962
49.6     96.1426
49.62     104.351
49.64     110.266
49.66     113.726
49.68     114.724
49.7     113.359
49.72     109.767
49.74     104.102
49.76     96.5458
49.78     87.3462
49.8     76.8269
49.82     65.3461
49.84     53.2168
49.86     40.646
49.88     27.7286
49.9     14.5063
49.92     1.05583
49.94     -12.4705
49.96     -25.8774
49.98     -38.9919
50     -51.6917
50.02     -63.86
50.04     -75.317
50.06     -85.7874
50.08     -94.9439
50.1     -102.507
50.12     -108.315
50.14     -112.321
50.16     -114.554
50.18     -115.081
50.2     -113.992
50.22     -111.395
50.24     -107.411
50.26     -102.167
50.28     -95.7918
50.3     -88.4055
50.32     -80.1362
50.34     -71.1404
50.36     -61.6079
50.38     -51.7376
50.4     -41.6941
50.42     -31.5617
50.44     -21.3417
50.46     -11.0361
50.48     -0.758178
50.5     9.24246
50.52     18.6473
50.54     27.1697
50.56     34.6172
50.58     40.8898
50.6     45.9295
50.62     49.6637
50.64     51.9834
50.66     52.7551
50.68     51.8589
50.7     49.2336
50.72     44.9003
50.74     38.9528
50.76     31.5272
50.78     22.7638
50.8     12.778
50.82     1.66884
50.84     -10.4539
50.86     -23.4768
50.88     -37.2951
50.9     -51.787
50.92     -66.7863
50.94     -82.0824
50.96     -97.4372
50.98     -112.588
51     -127.227
51.02     -141.014
51.04     -153.619
51.06     -164.733
51.08     -174.082
51.1     -181.433
51.12     -186.609
51.14     -189.508
51.16     -190.128
51.18     -188.604
51.2     -185.205
51.22     -180.297
51.24     -174.277
51.26     -167.518
51.28     -160.334
51.3     -152.952
51.32     -145.481
51.34     -137.903
51.36     -130.139
51.38     -122.108
51.4     -113.75
51.42     -105.007
51.44     -95.825
51.46     -86.1752
51.48     -76.0795
51.5     -65.6281
51.52     -54.9922
51.54     -44.4527
51.56     -34.4015
51.58     -25.271
51.6     -17.4198
51.62     -11.0495
51.64     -6.1993
51.66     -2.79976
51.68     -0.742545
51.7     0.0724818
51.72     -0.263863
51.74     -1.64082
51.76     -3.91272
51.78     -6.92894
51.8     -10.5792
51.82     -14.8127
51.84     -19.6291
51.86     -25.0649
51.88     -31.1927
51.9     -38.1147
51.92     -45.9205
51.94     -54.6195
51.96     -64.0935
51.98     -74.1008
52     -84.322
52.02     -94.4195
52.04     -104.091
52.06     -113.107
52.08     -121.316
52.1     -128.606
52.12     -134.87
52.14     -140.014
52.16     -143.98
52.18     -146.758
52.2     -148.374
52.22     -148.863
52.24     -148.239
52.26     -146.504
52.28     -143.671
52.3     -139.749
52.32     -134.698
52.34     -128.466
52.36     -121.065
52.38     -112.637
52.4     -103.417
52.42     -93.6679
52.44     -83.6233
52.46     -73.4918
52.48     -63.5016
52.5     -53.9116
52.52     -44.9631
52.54     -36.814
52.56     -29.5262
52.58     -23.1101
52.6     -17.5618
52.62     -12.8658
52.64     -8.98049
52.66     -5.84441
52.68     -3.43003
52.7     -1.78435
52.72     -0.998854
52.74     -1.16682
52.76     -2.37713
52.78     -4.72
52.8     -8.27501
52.82     -13.081
52.84     -19.1013
52.86     -26.2025
52.88     -34.1703
52.9     -42.7533
52.92     -51.6983
52.94     -60.7625
52.96     -69.7147
52.98     -78.3374
53     -86.4273
53.02     -93.8041
53.04     -100.333
53.06     -105.938
53.08     -110.605
53.1     -114.361
53.12     -117.228
53.14     -119.185
53.16     -120.158
53.18     -120.067
53.2     -118.865
53.22     -116.557
53.24     -113.165
53.26     -108.72
53.28     -103.262
53.3     -96.8628
53.32     -89.634
53.34     -81.7235
53.36     -73.2876
53.38     -64.4704
53.4     -55.416
53.42     -46.2918
53.44     -37.2969
53.46     -28.6429
53.48     -20.4871
53.5     -12.8721
53.52     -5.74767
53.54     0.950418
53.56     7.22894
53.58     13.0131
53.6     18.1788
53.62     22.6107
53.64     26.2278
53.66     28.9575
53.68     30.7015
53.7     31.3404
53.72     30.7678
53.74     28.9091
53.76     25.7132
53.78     21.1385
53.8     15.1842
53.82     7.96304
53.84     -0.270903
53.86     -9.18974
53.88     -18.4898
53.9     -27.9307
53.92     -37.3027
53.94     -46.3802
53.96     -54.9182
53.98     -62.6934
54     -69.5411
54.02     -75.3581
54.04     -80.0959
54.06     -83.7645
54.08     -86.4371
54.1     -88.2199
54.12     -89.1964
54.14     -89.4
54.16     -88.8255
54.18     -87.4478
54.2     -85.2332
54.22     -82.1387
54.24     -78.1131
54.26     -73.1191
54.28     -67.1579
54.3     -60.2716
54.32     -52.5384
54.34     -44.0797
54.36     -35.0609
54.38     -25.6719
54.4     -16.1057
54.42     -6.55604
54.44     2.78261
54.46     11.7251
54.48     20.1121
54.5     27.822
54.52     34.767
54.54     40.8734
54.56     46.0684
54.58     50.2886
54.6     53.4768
54.62     55.5583
54.64     56.4321
54.66     55.998
54.68     54.2041
54.7     51.0681
54.72     46.6534
54.74     41.0425
54.76     34.3335
54.78     26.6469
54.8     18.1394
54.82     9.01652
54.84     -0.469262
54.86     -10.0452
54.88     -19.4638
54.9     -28.5447
54.92     -37.1836
54.94     -45.3237
54.96     -52.9205
54.98     -59.9243
55     -66.2878
55.02     -71.9755
55.04     -76.9541
55.06     -81.1722
55.08     -84.5489
55.1     -86.9809
55.12     -88.3536
55.14     -88.5444
55.16     -87.4336
55.18     -84.9287
55.2     -80.9916
55.22     -75.6595
55.24     -69.0517
55.26     -61.3576
55.28     -52.8087
55.3     -43.6441
55.32     -34.0878
55.34     -24.3442
55.36     -14.5976
55.38     -5.00778
55.4     4.29536
55.42     13.2056
55.44     21.6289
55.46     29.4816
55.48     36.6938
55.5     43.1936
55.52     48.8767
55.54     53.5905
55.56     57.1443
55.58     59.3403
55.6     60.0102
55.62     59.0364
55.64     56.3566
55.66     51.9585
55.68     45.8776
55.7     38.2036
55.72     29.0836
55.74     18.7096
55.76     7.29862
55.78     -4.91985
55.8     -17.7086
55.82     -30.8256
55.84     -44.0303
55.86     -57.1046
55.88     -69.878
55.9     -82.2241
55.92     -94.0364
55.94     -105.206
55.96     -115.609
55.98     -125.102
56     -133.516
56.02     -140.673
56.04     -146.409
56.06     -150.592
56.08     -153.12
56.1     -153.918
56.12     -152.927
56.14     -150.126
56.16     -145.566
56.18     -139.385
56.2     -131.769
56.22     -122.903
56.24     -112.972
56.26     -102.193
56.28     -90.8318
56.3     -79.157
56.32     -67.389
56.34     -55.6832
56.36     -44.1651
56.38     -32.9771
56.4     -22.2877
56.42     -12.2688
56.44     -3.07731
56.46     5.14506
56.48     12.2658
56.5     18.1588
56.52     22.7048
56.54     25.791
56.56     27.3201
56.58     27.2288
56.6     25.4956
56.62     22.14
56.64     17.2224
56.66     10.8398
56.68     3.12489
56.7     -5.751
56.72     -15.5839
56.74     -26.1555
56.76     -37.2542
56.78     -48.6839
56.8     -60.2516
56.82     -71.7489
56.84     -82.9626
56.86     -93.709
56.88     -103.848
56.9     -113.271
56.92     -121.871
56.94     -129.518
56.96     -136.071
56.98     -141.413
57     -145.465
57.02     -148.169
57.04     -149.481
57.06     -149.383
57.08     -147.887
57.1     -145.033
57.12     -140.875
57.14     -135.483
57.16     -128.952
57.18     -121.417
57.2     -113.037
57.22     -103.96
57.24     -94.2985
57.26     -84.1422
57.28     -73.5827
57.3     -62.7289
57.32     -51.6986
57.34     -40.6049
57.36     -29.5563
57.38     -18.6688
57.4     -8.07236
57.42     2.09641
57.44     11.6972
57.46     20.5696
57.48     28.5144
57.5     35.3083
57.52     40.7429
57.54     44.6469
57.56     46.8845
57.58     47.3502
57.6     45.9867
57.62     42.8205
57.64     37.9665
57.66     31.5881
57.68     23.8525
57.7     14.9245
57.72     4.98227
57.74     -5.77808
57.76     -17.1441
57.78     -28.9014
57.8     -40.8742
57.82     -52.9536
57.84     -65.0819
57.86     -77.201
57.88     -89.2026
57.9     -100.919
57.92     -112.156
57.94     -122.717
57.96     -132.41
57.98     -141.034
58     -148.374
58.02     -154.222
58.04     -158.383
58.06     -160.702
58.08     -161.077
58.1     -159.476
58.12     -155.933
58.14     -150.555
58.16     -143.53
58.18     -135.122
58.2     -125.628
58.22     -115.315
58.24     -104.389
58.26     -92.9954
58.28     -81.2663
58.3     -69.3525
58.32     -57.4062
58.34     -45.5566
58.36     -33.9125
58.38     -22.5796
58.4     -11.6795
58.42     -1.36377
58.44     8.18714
58.46     16.7774
58.48     24.1965
58.5     30.222
58.52     34.6541
58.54     37.351
58.56     38.2426
58.58     37.3392
58.6     34.7324
58.62     30.5901
58.64     25.1396
58.66     18.6383
58.68     11.342
58.7     3.48282
58.72     -4.73744
58.74     -13.1411
58.76     -21.5731
58.78     -29.9151
58.8     -38.1067
58.82     -46.1593
58.84     -54.1341
58.86     -62.083
58.88     -69.9922
58.9     -77.7619
58.92     -85.2225
58.94     -92.1769
58.96     -98.4398
58.98     -103.856
59     -108.299
59.02     -111.654
59.04     -113.81
59.06     -114.659
59.08     -114.145
59.1     -112.295
59.12     -109.234
59.14     -105.147
59.16     -100.241
59.18     -94.7114
59.2     -88.6949
59.22     -82.2422
59.24     -75.33
59.26     -67.9143
59.28     -59.9812
59.3     -51.5602
59.32     -42.7086
59.34     -33.4872
59.36     -23.9434
59.38     -14.1344
59.4     -4.17637
59.42     5.72583
59.44     15.2888
59.46     24.1944
59.48     32.1426
59.5     38.8888
59.52     44.2536
59.54     48.1191
59.56     50.4394
59.58     51.2592
59.6     50.6979
59.62     48.9038
59.64     46.0109
59.66     42.1255
59.68     37.3447
59.7     31.7801
59.72     25.5417
59.74     18.6884
59.76     11.2106
59.78     3.06949
59.8     -5.75111
59.82     -15.2273
59.84     -25.2984
59.86     -35.857
59.88     -46.7241
59.9     -57.6455
59.92     -68.3319
59.94     -78.5177
59.96     -87.9914
59.98     -96.5973
60     -104.185
