TIME/STEP     base_shear_x
0     0
0.02     0.05715
0.04     0.2345
0.06     0.2276
0.08     -1.335
0.1     -4.119
0.12     -5.499
0.14     -4.801
0.16     -4.183
0.18     -5.496
0.2     -7.818
0.22     -8.767
0.24     -8.322
0.26     -8.62
0.28     -9.551
0.3     -10.38
0.32     -10.54
0.34     -8.648
0.36     -5.038
0.38     -3.968
0.4     -9.456
0.42     -16.47
0.44     -16.16
0.46     -10.33
0.48     -7.403
0.5     -9.074
0.52     -9.651
0.54     -5.579
0.56     -1.462
0.58     -1.857
0.6     -6.182
0.62     -10.84
0.64     -12.96
0.66     -13.51
0.68     -13.91
0.7     -13.64
0.72     -10.84
0.74     -5.808
0.76     -2.172
0.78     0.3093
0.8     6.765
0.82     18.12
0.84     28.86
0.86     34.76
0.88     34.94
0.9     30.35
0.92     25.33
0.94     20.56
0.96     12.31
0.98     1.036
1     -9.003
1.02     -12.49
1.04     -8.323
1.06     -4.925
1.08     -8.956
1.1     -14.54
1.12     -15.22
1.14     -11.16
1.16     -4.942
1.18     -2.09
1.2     -10.08
1.22     -29.7
1.24     -51.96
1.26     -63.22
1.28     -59.79
1.3     -57.79
1.32     -66.8
1.34     -73.1
1.36     -66.3
1.38     -52.9
1.4     -41.71
1.42     -34.62
1.44     -24.61
1.46     -8.937
1.48     6.137
1.5     14.71
1.52     12.91
1.54     1.782
1.56     -11.26
1.58     -18.32
1.6     -15.35
1.62     -5.291
1.64     0.492
1.66     -1.946
1.68     -0.004483
1.7     14.2
1.72     28.16
1.74     29.03
1.76     24.31
1.78     25.78
1.8     31.23
1.82     32.03
1.84     24.06
1.86     13.42
1.88     5.875
1.9     -0.4247
1.92     -2.106
1.94     3.352
1.96     6.693
1.98     0.7816
2     -9.799
2.02     -16.93
2.04     -18.25
2.06     -21.68
2.08     -34.61
2.1     -47.42
2.12     -46.26
2.14     -34.41
2.16     -27.89
2.18     -35.18
2.2     -39.18
2.22     -27.66
2.24     -18.49
2.26     -19.58
2.28     -19.18
2.3     -11.24
2.32     -0.438
2.34     3.12
2.36     -0.2359
2.38     2.955
2.4     9.375
2.42     -0.265
2.44     -28.3
2.46     -59.07
2.48     -76.56
2.5     -73.67
2.52     -59.16
2.54     -52.67
2.56     -61.97
2.58     -75.43
2.6     -79.2
2.62     -73.75
2.64     -70.64
2.66     -67.02
2.68     -49.3
2.7     -19.29
2.72     10.33
2.74     17.89
2.76     -12.89
2.78     -63.02
2.8     -93.08
2.82     -79.23
2.84     -33.59
2.86     7.67
2.88     19.08
2.9     0.8268
2.92     -24.91
2.94     -36.28
2.96     -36.64
2.98     -45.76
3     -64.99
3.02     -66.86
3.04     -39.88
3.06     -19.28
3.08     -38.17
3.1     -71.6
3.12     -76.06
3.14     -49.44
3.16     -16.12
3.18     11.52
3.2     41.95
3.22     81.46
3.24     101.9
3.26     80.46
3.28     41.57
3.3     0.1486
3.32     -53.09
3.34     -112.3
3.36     -162.2
3.38     -183.7
3.4     -165.7
3.42     -135.4
3.44     -126.1
3.46     -129
3.48     -114.5
3.5     -70.82
3.52     -7.631
3.54     57.15
3.56     105
3.58     115.9
3.6     95.26
3.62     73.68
3.64     53.56
3.66     4.943
3.68     -72.69
3.7     -144.3
3.72     -186.3
3.74     -201.6
3.76     -213.7
3.78     -223.9
3.8     -184
3.82     -88.15
3.84     -6.492
3.86     20.64
3.88     9.445
3.9     -10.34
3.92     -9.313
3.94     14.16
3.96     36.96
3.98     48.52
4     33.84
4.02     -29.73
4.04     -121.5
4.06     -186.5
4.08     -192.5
4.1     -141.6
4.12     -64.36
4.14     2.063
4.16     41.1
4.18     44.33
4.2     14.38
4.22     -24.24
4.24     -38.63
4.26     -22.31
4.28     -10.89
4.3     -31.51
4.32     -73.78
4.34     -116
4.36     -150.6
4.38     -184.1
4.4     -199.8
4.42     -154.8
4.44     -54.82
4.46     14.07
4.48     -20.9
4.5     -119.9
4.52     -175.8
4.54     -151.5
4.56     -108.4
4.58     -102.5
4.6     -123.7
4.62     -144
4.64     -177
4.66     -240.3
4.68     -289
4.7     -257.1
4.72     -146.8
4.74     -23.88
4.76     65.04
4.78     114.2
4.8     121.8
4.82     94.88
4.84     54.06
4.86     18.87
4.88     -3.629
4.9     -21.25
4.92     -25.79
4.94     -1.496
4.96     34.23
4.98     59
5     84.42
5.02     126.4
5.04     177.1
5.06     211.6
5.08     227.5
5.1     277.4
5.12     377.1
5.14     433.7
5.16     364.5
5.18     209.9
5.2     66.78
5.22     -25.75
5.24     -93.49
5.26     -156.4
5.28     -157.6
5.3     -35.86
5.32     142.5
5.34     243.7
5.36     204.2
5.38     76.08
5.4     -29.84
5.42     -38.97
5.44     44.1
5.46     147.7
5.48     188.2
5.5     120.2
5.52     -41.16
5.54     -223.4
5.56     -352.2
5.58     -411.7
5.6     -426.1
5.62     -386.9
5.64     -271.1
5.66     -119.7
5.68     -7.631
5.7     29.12
5.72     -1.2
5.74     -69.56
5.76     -129
5.78     -124.5
5.8     -45.09
5.82     45.56
5.84     67.62
5.86     2.568
5.88     -105.3
5.9     -188.8
5.92     -200.1
5.94     -147
5.96     -78.2
5.98     1.163
6     134.5
6.02     295.9
6.04     379
6.06     320.3
6.08     154.6
6.1     -14.49
6.12     -77.11
6.14     -14.82
6.16     76.97
6.18     101.5
6.2     49.31
6.22     -19.54
6.24     -45.63
6.26     -30.13
6.28     -5.325
6.3     41.49
6.32     146
6.34     287.3
6.36     392
6.38     395.8
6.4     288.2
6.42     124
6.44     -26.41
6.46     -133.1
6.48     -176.2
6.5     -132.3
6.52     -38.91
6.54     19.68
6.56     14.33
6.58     0.7113
6.6     41.18
6.62     124.5
6.64     196.8
6.66     256.9
6.68     331.7
6.7     382.7
6.72     349
6.74     224.9
6.76     48.99
6.78     -119.3
6.8     -221.5
6.82     -242
6.84     -229.8
6.86     -241.9
6.88     -279.5
6.9     -295.1
6.92     -232.6
6.94     -98.56
6.96     18.41
6.98     51.29
7     26.55
7.02     4.366
7.04     -3.029
7.06     -30.61
7.08     -99.41
7.1     -179.9
7.12     -234.8
7.14     -263.8
7.16     -279.6
7.18     -284.1
7.2     -282.9
7.22     -276.3
7.24     -234.4
7.26     -140.4
7.28     -45.13
7.3     -13.66
7.32     -33.31
7.34     -35.75
7.36     -1.4
7.38     17.14
7.4     -16.63
7.42     -62.44
7.44     -69.72
7.46     -53.83
7.48     -47.72
7.5     -22.06
7.52     70.47
7.54     199.1
7.56     278.4
7.58     284.5
7.6     270.3
7.62     264.8
7.64     229.5
7.66     139
7.68     59.87
7.7     76.76
7.72     157
7.74     185.4
7.76     123.6
7.78     46.56
7.8     38.22
7.82     126.2
7.84     294
7.86     472.3
7.88     561.7
7.9     530.5
7.92     447.9
7.94     380.2
7.96     301.8
7.98     158.3
8     -33.13
8.02     -200.4
8.04     -297.6
8.06     -339.5
8.08     -363.4
8.1     -375.9
8.12     -354.1
8.14     -292.2
8.16     -201.2
8.18     -85.72
8.2     27.84
8.22     102.4
8.24     127
8.26     111.7
8.28     64.09
8.3     -42.59
8.32     -242.8
8.34     -492.4
8.36     -671.6
8.38     -717.5
8.4     -675.7
8.42     -606.5
8.44     -529.7
8.46     -456.6
8.48     -402.8
8.5     -354
8.52     -262.8
8.54     -116.2
8.56     33.29
8.58     117
8.6     103.4
8.62     4.732
8.64     -144.5
8.66     -310.5
8.68     -462.5
8.7     -539.4
8.72     -484.8
8.74     -327.2
8.76     -152.3
8.78     -16.66
8.8     79.7
8.82     159.1
8.84     234.1
8.86     308.8
8.88     382.1
8.9     444.9
8.92     490.5
8.94     504
8.96     441.4
8.98     262.4
9     6.181
9.02     -176.9
9.04     -138.3
9.06     98.83
9.08     362.7
9.1     533.4
9.12     636.6
9.14     737.7
9.16     815.6
9.18     795.9
9.2     694.8
9.22     636.4
9.24     701.9
9.26     812.9
9.28     802.4
9.3     617.7
9.32     384.3
9.34     244
9.36     204.5
9.38     180.6
9.4     158.2
9.42     253.4
9.44     536.2
9.46     852.6
9.48     937.5
9.5     697.6
9.52     329.6
9.54     113.6
9.56     106.7
9.58     131.1
9.6     50.79
9.62     -72.6
9.64     -157.8
9.66     -287.3
9.68     -563.3
9.7     -879.5
9.72     -969.4
9.74     -706.9
9.76     -292.4
9.78     -21.11
9.8     44.17
9.82     60.4
9.84     127.2
9.86     119.3
9.88     -116.2
9.9     -465.4
9.92     -620.7
9.94     -455.4
9.96     -196.8
9.98     -159.9
10     -389.5
10.02     -640.8
10.04     -667.5
10.06     -448.4
10.08     -135.9
10.1     126.3
10.12     317.5
10.14     501
10.16     676.8
10.18     757.8
10.2     687.3
10.22     480.7
10.24     195.7
10.26     -61.36
10.28     -183.2
10.3     -145.4
10.32     15.45
10.34     238.2
10.36     439.2
10.38     549.7
10.4     532.1
10.42     410.4
10.44     293.2
10.46     298.3
10.48     479.1
10.5     822.6
10.52     1211
10.54     1426
10.56     1303
10.58     839.4
10.6     211.6
10.62     -273.3
10.64     -384.8
10.66     -133.2
10.68     297.7
10.7     677.6
10.72     837.5
10.74     751.5
10.76     501.7
10.78     210
10.8     27.96
10.82     34.2
10.84     133.4
10.86     150.1
10.88     -34.82
10.9     -405.6
10.92     -831.7
10.94     -1176
10.96     -1359
10.98     -1352
11     -1123
11.02     -688.1
11.04     -205.3
11.06     126.5
11.08     243.5
11.1     205.5
11.12     95.16
11.14     -52.47
11.16     -283.9
11.18     -638.3
11.2     -1011
11.22     -1220
11.24     -1181
11.26     -964.4
11.28     -739
11.3     -607
11.32     -512.1
11.34     -316.1
11.36     75.1
11.38     624.7
11.4     1192
11.42     1636
11.44     1862
11.46     1775
11.48     1324
11.5     590.3
11.52     -250
11.54     -989
11.56     -1456
11.58     -1590
11.6     -1453
11.62     -1173
11.64     -891.8
11.66     -685.6
11.68     -482.8
11.7     -145.3
11.72     367.9
11.74     970.6
11.76     1499
11.78     1793
11.8     1749
11.82     1353
11.84     721.9
11.86     23.19
11.88     -647.2
11.9     -1221
11.92     -1538
11.94     -1417
11.96     -867.9
11.98     -146.3
12     431.9
12.02     724.8
12.04     826.2
12.06     927.1
12.08     1136
12.1     1417
12.12     1618
12.14     1598
12.16     1379
12.18     1053
12.2     652.7
12.22     225
12.24     -157.1
12.26     -428.7
12.28     -549.9
12.3     -549.2
12.32     -471.5
12.34     -318.3
12.36     -139.2
12.38     -80.29
12.4     -243.3
12.42     -582.4
12.44     -970.3
12.46     -1305
12.48     -1541
12.5     -1623
12.52     -1462
12.54     -1057
12.56     -553.6
12.58     -149.6
12.6     -9.424
12.62     -210.3
12.64     -639.1
12.66     -986.1
12.68     -987.6
12.7     -678.4
12.72     -367.9
12.74     -370
12.76     -738.4
12.78     -1257
12.8     -1639
12.82     -1727
12.84     -1515
12.86     -1036
12.88     -356.9
12.9     316.5
12.92     697.3
12.94     624.3
12.96     186.6
12.98     -339.4
13     -633
13.02     -540.9
13.04     -242.9
13.06     -108.5
13.08     -315.1
13.1     -666.8
13.12     -840.4
13.14     -717.7
13.16     -411.2
13.18     -65.63
13.2     250.6
13.22     526.3
13.24     721.8
13.26     711.7
13.28     409.3
13.3     -35.63
13.32     -340.9
13.34     -385
13.36     -257.4
13.38     -147.2
13.4     -173.1
13.42     -228.1
13.44     -97.21
13.46     300.6
13.48     842.9
13.5     1265
13.52     1346
13.54     1106
13.56     727.6
13.58     326.5
13.6     -88.85
13.62     -493.3
13.64     -740.4
13.66     -680.6
13.68     -414.8
13.7     -240.5
13.72     -296.7
13.74     -387.1
13.76     -233.3
13.78     178.8
13.8     632.3
13.82     981.5
13.84     1235
13.86     1373
13.88     1258
13.9     772
13.92     43.83
13.94     -543.8
13.96     -638.6
13.98     -218
14     378.5
14.02     719.6
14.04     669.8
14.06     476.4
14.08     433.5
14.1     566.8
14.12     694.8
14.14     699.2
14.16     638.6
14.18     612.5
14.2     547.9
14.22     217.6
14.24     -470.9
14.26     -1324
14.28     -2030
14.3     -2417
14.32     -2549
14.34     -2577
14.36     -2561
14.38     -2453
14.4     -2220
14.42     -1987
14.44     -1934
14.46     -2061
14.48     -2165
14.5     -2067
14.52     -1842
14.54     -1726
14.56     -1839
14.58     -2107
14.6     -2401
14.62     -2648
14.64     -2752
14.66     -2557
14.68     -1948
14.7     -990.6
14.72     76.08
14.74     1010
14.76     1714
14.78     2189
14.8     2412
14.82     2344
14.84     2064
14.86     1832
14.88     1890
14.9     2213
14.92     2540
14.94     2596
14.96     2330
14.98     1983
15     1922
15.02     2318
15.04     2968
15.06     3477
15.08     3619
15.1     3440
15.12     3003
15.14     2226
15.16     1073
15.18     -214.9
15.2     -1237
15.22     -1780
15.24     -1941
15.26     -1985
15.28     -2153
15.3     -2538
15.32     -3105
15.34     -3706
15.36     -4051
15.38     -3860
15.4     -3203
15.42     -2556
15.44     -2432
15.46     -2948
15.48     -3766
15.5     -4420
15.52     -4715
15.54     -4770
15.56     -4737
15.58     -4622
15.6     -4369
15.62     -3994
15.64     -3626
15.66     -3354
15.68     -3018
15.7     -2279
15.72     -992.7
15.74     528.1
15.76     1706
15.78     2194
15.8     2151
15.82     1994
15.84     1992
15.86     2143
15.88     2340
15.9     2568
15.92     2906
15.94     3316
15.96     3597
15.98     3642
16     3609
16.02     3772
16.04     4240
16.06     4832
16.08     5235
16.1     5266
16.12     4952
16.14     4369
16.16     3576
16.18     2694
16.2     1902
16.22     1309
16.24     889.9
16.26     584.1
16.28     354.7
16.3     129.3
16.32     -174.2
16.34     -567.1
16.36     -988.9
16.38     -1376
16.4     -1719
16.42     -2040
16.44     -2353
16.46     -2689
16.48     -3101
16.5     -3557
16.52     -3896
16.54     -3957
16.56     -3723
16.58     -3288
16.6     -2710
16.62     -1990
16.64     -1197
16.66     -494.8
16.68     -20.63
16.7     246.3
16.72     443.1
16.74     615.4
16.76     662.2
16.78     571.7
16.8     558.4
16.82     830.2
16.84     1322
16.86     1775
16.88     2056
16.9     2317
16.92     2777
16.94     3392
16.96     3879
16.98     4030
17     3881
17.02     3582
17.04     3161
17.06     2516
17.08     1651
17.1     774.6
17.12     99.76
17.14     -344.9
17.16     -677
17.18     -1002
17.2     -1307
17.22     -1541
17.24     -1739
17.26     -1966
17.28     -2192
17.3     -2335
17.32     -2395
17.34     -2499
17.36     -2769
17.38     -3200
17.4     -3587
17.42     -3615
17.44     -3124
17.46     -2275
17.48     -1422
17.5     -793.4
17.52     -320.8
17.54     183.5
17.56     737.3
17.58     1157
17.6     1321
17.62     1364
17.64     1513
17.66     1822
17.68     2106
17.7     2150
17.72     1995
17.74     1910
17.76     2138
17.78     2728
17.8     3538
17.82     4350
17.84     5009
17.86     5419
17.88     5505
17.9     5261
17.92     4783
17.94     4195
17.96     3579
17.98     2979
18     2457
18.02     2081
18.04     1799
18.06     1441
18.08     915.7
18.1     360.8
18.12     78.68
18.14     241.3
18.16     679
18.18     1073
18.2     1252
18.22     1151
18.24     659.2
18.26     -280.8
18.28     -1477
18.3     -2528
18.32     -3078
18.34     -3052
18.36     -2686
18.38     -2326
18.4     -2206
18.42     -2347
18.44     -2572
18.46     -2627
18.48     -2377
18.5     -1908
18.52     -1426
18.54     -1046
18.56     -740.1
18.58     -520.3
18.6     -509.9
18.62     -766.7
18.64     -1137
18.66     -1282
18.68     -922.1
18.7     -121.3
18.72     770.7
18.74     1418
18.76     1691
18.78     1704
18.8     1687
18.82     1787
18.84     2000
18.86     2258
18.88     2524
18.9     2795
18.92     3059
18.94     3250
18.96     3281
18.98     3137
19     2893
19.02     2675
19.04     2620
19.06     2804
19.08     3154
19.1     3456
19.12     3532
19.14     3404
19.16     3248
19.18     3185
19.2     3113
19.22     2881
19.24     2527
19.26     2218
19.28     1985
19.3     1721
19.32     1387
19.34     1059
19.36     817.1
19.38     688.7
19.4     656
19.42     675.5
19.44     657.9
19.46     481
19.48     69.17
19.5     -519
19.52     -1094
19.54     -1506
19.56     -1779
19.58     -2064
19.6     -2477
19.62     -2947
19.64     -3281
19.66     -3379
19.68     -3318
19.7     -3233
19.72     -3145
19.74     -2999
19.76     -2824
19.78     -2795
19.8     -3071
19.82     -3534
19.84     -3797
19.86     -3566
19.88     -2932
19.9     -2246
19.92     -1759
19.94     -1461
19.96     -1198
19.98     -896.3
20     -582.6
20.02     -258.8
20.04     76.04
20.06     348.9
20.08     497.6
20.1     614.2
20.12     884.8
20.14     1394
20.16     2065
20.18     2772
20.2     3470
20.22     4161
20.24     4773
20.26     5173
20.28     5311
20.3     5305
20.32     5290
20.34     5265
20.36     5155
20.38     4934
20.4     4647
20.42     4348
20.44     4064
20.46     3804
20.48     3599
20.5     3471
20.52     3316
20.54     2911
20.56     2135
20.58     1128
20.6     145.4
20.62     -707.4
20.64     -1509
20.66     -2360
20.68     -3255
20.7     -4065
20.72     -4645
20.74     -4946
20.76     -5034
20.78     -5083
20.8     -5278
20.82     -5667
20.84     -6122
20.86     -6495
20.88     -6759
20.9     -6906
20.92     -6809
20.94     -6277
20.96     -5278
20.98     -4027
21     -2806
21.02     -1729
21.04     -701.6
21.06     464
21.08     1912
21.1     3627
21.12     5379
21.14     6794
21.16     7594
21.18     7814
21.2     7745
21.22     7687
21.24     7771
21.26     8021
21.28     8386
21.3     8910
21.32     9548
21.34     10010
21.36     9934
21.38     9244
21.4     8296
21.42     7660
21.44     7584
21.46     7675
21.48     7214
21.5     5768
21.52     3520
21.54     999
21.56     -1455
21.58     -3806
21.6     -5992
21.62     -7747
21.64     -8827
21.66     -9387
21.68     -9992
21.7     -10770
21.72     -11100
21.74     -11430
21.76     -11500
21.78     -11490
21.8     -11260
21.82     -11070
21.84     -10980
21.86     -11160
21.88     -11590
21.9     -12240
21.92     -13010
21.94     -13690
21.96     -14100
21.98     -13800
22     -11770
22.02     -9025
22.04     -6383
22.06     -4184
22.08     -2357
22.1     -794.2
22.12     435.6
22.14     1282
22.16     1908
22.18     2534
22.2     3149
22.22     3469
22.24     3206
22.26     2455
22.28     1793
22.3     1920
22.32     3190
22.34     5432
22.36     8115
22.38     9041
22.4     9881
22.42     10800
22.44     11780
22.46     12440
22.48     12560
22.5     11400
22.52     9784
22.54     8139
22.56     6660
22.58     4963
22.6     2876
22.62     785.5
22.64     -703.3
22.66     -1329
22.68     -1322
22.7     -1158
22.72     -1208
22.74     -1552
22.76     -2031
22.78     -2429
22.8     -2699
22.82     -3078
22.84     -4003
22.86     -5759
22.88     -8101
22.9     -10320
22.92     -10850
22.94     -11140
22.96     -11590
22.98     -12210
23     -12650
23.02     -12040
23.04     -10200
23.06     -7965
23.08     -6311
23.1     -5356
23.12     -4557
23.14     -3386
23.16     -1945
23.18     -865.6
23.2     -510.2
23.22     -439.8
23.24     119.6
23.26     1352
23.28     2639
23.3     3301
23.32     3346
23.34     3417
23.36     4104
23.38     5339
23.4     6534
23.42     7236
23.44     7454
23.46     7359
23.48     6949
23.5     6134
23.52     5017
23.54     3925
23.56     3124
23.58     2502
23.6     1661
23.62     331.5
23.64     -1419
23.66     -3325
23.68     -5140
23.7     -6753
23.72     -8123
23.74     -9196
23.76     -9915
23.78     -10350
23.8     -10740
23.82     -11290
23.84     -11780
23.86     -11810
23.88     -11520
23.9     -11000
23.92     -10310
23.94     -9914
23.96     -9813
23.98     -9761
24     -9692
24.02     -9599
24.04     -9375
24.06     -8772
24.08     -7576
24.1     -5831
24.12     -3841
24.14     -1908
24.16     -142.3
24.18     1555
24.2     3356
24.22     5314
24.24     7271
24.26     8959
24.28     10010
24.3     10360
24.32     10380
24.34     10550
24.36     10700
24.38     10500
24.4     10150
24.42     9751
24.44     9501
24.46     9584
24.48     9934
24.5     10330
24.52     10650
24.54     10860
24.56     10630
24.58     10110
24.6     9248
24.62     8105
24.64     6738
24.66     5353
24.68     4180
24.7     3244
24.72     2327
24.74     1152
24.76     -349.7
24.78     -1932
24.8     -3213
24.82     -3947
24.84     -4164
24.86     -4111
24.88     -4095
24.9     -4335
24.92     -4853
24.94     -5477
24.96     -5952
24.98     -6140
25     -6098
25.02     -5974
25.04     -5860
25.06     -5741
25.08     -5598
25.1     -5481
25.12     -5419
25.14     -5325
25.16     -5013
25.18     -4327
25.2     -3249
25.22     -1931
25.24     -626.9
25.26     469.1
25.28     1323
25.3     2044
25.32     2820
25.34     3737
25.36     4619
25.38     5150
25.4     5217
25.42     4994
25.44     4692
25.46     4380
25.48     4032
25.5     3723
25.52     3707
25.54     4214
25.56     5148
25.58     6057
25.6     6465
25.62     6294
25.64     5829
25.66     5354
25.68     4904
25.7     4333
25.72     3532
25.74     2526
25.76     1404
25.78     252.9
25.8     -828.3
25.82     -1676
25.84     -2073
25.86     -1864
25.88     -1096
25.9     -63.68
25.92     815.8
25.94     1212
25.96     1031
25.98     456.5
26     -143.6
26.02     -469.4
26.04     -509.4
26.06     -487.4
26.08     -597.1
26.1     -832.7
26.12     -1067
26.14     -1170
26.16     -1023
26.18     -546.8
26.2     291.7
26.22     1454
26.24     2762
26.26     3883
26.28     4497
26.3     4531
26.32     4206
26.34     3887
26.36     3805
26.38     3881
26.4     3854
26.42     3581
26.44     3159
26.46     2824
26.48     2735
26.5     2805
26.52     2842
26.54     2783
26.56     2678
26.58     2518
26.6     2214
26.62     1703
26.64     1017
26.66     257.2
26.68     -462.4
26.7     -1039
26.72     -1427
26.74     -1728
26.76     -2127
26.78     -2649
26.8     -3120
26.82     -3390
26.84     -3487
26.86     -3520
26.88     -3486
26.9     -3325
26.92     -3129
26.94     -3150
26.96     -3462
26.98     -3687
27     -3320
27.02     -2273
27.04     -887.3
27.06     454.3
27.08     1612
27.1     2639
27.12     3590
27.14     4442
27.16     5159
27.18     5750
27.2     6209
27.22     6496
27.24     6633
27.26     6672
27.28     6599
27.3     6387
27.32     6111
27.34     5929
27.36     5943
27.38     6047
27.4     5962
27.42     5429
27.44     4390
27.46     3021
27.48     1559
27.5     100.3
27.52     -1412
27.54     -3050
27.56     -4766
27.58     -6395
27.6     -7783
27.62     -8895
27.64     -9746
27.66     -10250
27.68     -10020
27.7     -9027
27.72     -7696
27.74     -6597
27.76     -6210
27.78     -6506
27.8     -6835
27.82     -6816
27.84     -6347
27.86     -5517
27.88     -4413
27.9     -3118
27.92     -1771
27.94     -507.3
27.96     630.5
27.98     1772
28     3142
28.02     4892
28.04     6975
28.06     9118
28.08     10900
28.1     11290
28.12     11120
28.14     10500
28.16     9740
28.18     9242
28.2     9220
28.22     9423
28.24     9341
28.26     8805
28.28     7961
28.3     7005
28.32     5994
28.34     4906
28.36     3771
28.38     2737
28.4     1935
28.42     1249
28.44     324
28.46     -1140
28.48     -3069
28.5     -4964
28.52     -6259
28.54     -6807
28.56     -6976
28.58     -7233
28.6     -7715
28.62     -8232
28.64     -8614
28.66     -8893
28.68     -9166
28.7     -9391
28.72     -9368
28.74     -8937
28.76     -8189
28.78     -7387
28.8     -6683
28.82     -5994
28.84     -5145
28.86     -4075
28.88     -2852
28.9     -1567
28.92     -299.2
28.94     862.1
28.96     1839
28.98     2637
29     3348
29.02     4042
29.04     4667
29.06     5132
29.08     5469
29.1     5821
29.12     6292
29.14     6885
29.16     7542
29.18     8211
29.2     8811
29.22     9144
29.24     8977
29.26     8252
29.28     7159
29.3     5990
29.32     4868
29.34     3659
29.36     2194
29.38     472.8
29.4     -1312
29.42     -2886
29.44     -4039
29.46     -4720
29.48     -5047
29.5     -5212
29.52     -5396
29.54     -5730
29.56     -6305
29.58     -7149
29.6     -8193
29.62     -9333
29.64     -10110
29.66     -10620
29.68     -10940
29.7     -11460
29.72     -12070
29.74     -12690
29.76     -13130
29.78     -13150
29.8     -12140
29.82     -10440
29.84     -8537
29.86     -6770
29.88     -5346
29.9     -4358
29.92     -3780
29.94     -3453
29.96     -3126
29.98     -2576
30     -1754
30.02     -815.9
30.04     4.936
30.06     597.3
30.08     1046
30.1     1546
30.12     2290
30.14     3351
30.16     4622
30.18     5882
30.2     6937
30.22     7660
30.24     7946
30.26     7753
30.28     7188
30.3     6492
30.32     5910
30.34     5542
30.36     5294
30.38     4948
30.4     4325
30.42     3409
30.44     2325
30.46     1203
30.48     91.15
30.5     -1003
30.52     -2048
30.54     -2998
30.56     -3862
30.58     -4771
30.6     -5904
30.62     -7295
30.64     -8746
30.66     -9968
30.68     -10780
30.7     -11190
30.72     -11390
30.74     -11410
30.76     -11480
30.78     -11600
30.8     -11640
30.82     -11770
30.84     -11980
30.86     -12000
30.88     -11560
30.9     -10660
30.92     -9458
30.94     -8154
30.96     -6905
30.98     -5691
31     -4329
31.02     -2671
31.04     -791.9
31.06     1014
31.08     2461
31.1     3533
31.12     4484
31.14     5582
31.16     6912
31.18     8419
31.2     9607
31.22     10050
31.24     10440
31.26     10650
31.28     10960
31.3     10930
31.32     10920
31.34     11020
31.36     11360
31.38     11910
31.4     12400
31.42     12630
31.44     11440
31.46     9762
31.48     8139
31.5     7224
31.52     6725
31.54     6099
31.56     5164
31.58     4156
31.6     3336
31.62     2740
31.64     2250
31.66     1800
31.68     1523
31.7     1623
31.72     1976
31.74     1944
31.76     882.4
31.78     -1174
31.8     -3454
31.82     -5069
31.84     -5663
31.86     -5547
31.88     -5269
31.9     -5092
31.92     -4882
31.94     -4381
31.96     -3488
31.98     -2328
32     -1103
32.02     24.1
32.04     924.3
32.06     1432
32.08     1381
32.1     737.6
32.12     -293.8
32.14     -1283
32.16     -1746
32.18     -1373
32.2     -202.3
32.22     1389
32.24     2948
32.26     4229
32.28     5275
32.3     6249
32.32     7189
32.34     7867
32.36     7949
32.38     7273
32.4     5937
32.42     4244
32.44     2534
32.46     1031
32.48     -132.1
32.5     -784
32.52     -718.4
32.54     83.46
32.56     1255
32.58     2263
32.6     2828
32.62     3035
32.64     3066
32.66     2941
32.68     2543
32.7     1787
32.72     660.7
32.74     -810.6
32.76     -2472
32.78     -3947
32.8     -4754
32.82     -4631
32.84     -3742
32.86     -2423
32.88     -844.8
32.9     936.3
32.92     2737
32.94     4260
32.96     5298
32.98     5835
33     5997
33.02     5858
33.04     5338
33.06     4358
33.08     3052
33.1     1764
33.12     830.5
33.14     403.5
33.16     447.2
33.18     823.3
33.2     1368
33.22     1935
33.24     2408
33.26     2722
33.28     2804
33.3     2503
33.32     1680
33.34     376.3
33.36     -1161
33.38     -2614
33.4     -3832
33.42     -4959
33.44     -6220
33.46     -7570
33.48     -8611
33.5     -8891
33.52     -8338
33.54     -7394
33.56     -6605
33.58     -6084
33.6     -5537
33.62     -4841
33.64     -4351
33.66     -4475
33.68     -5065
33.7     -5467
33.72     -5228
33.74     -4580
33.76     -4126
33.78     -4110
33.8     -4116
33.82     -3509
33.84     -2076
33.86     -184.6
33.88     1598
33.9     2973
33.92     3970
33.94     4696
33.96     5142
33.98     5206
34     4864
34.02     4284
34.04     3705
34.06     3237
34.08     2805
34.1     2275
34.12     1656
34.14     1162
34.16     1014
34.18     1237
34.2     1650
34.22     1986
34.24     2014
34.26     1559
34.28     518.8
34.3     -1052
34.32     -2877
34.34     -4595
34.36     -5958
34.38     -6885
34.4     -7402
34.42     -7609
34.44     -7654
34.46     -7680
34.48     -7737
34.5     -7715
34.52     -7430
34.54     -6830
34.56     -6108
34.58     -5567
34.6     -5385
34.62     -5488
34.64     -5638
34.66     -5591
34.68     -5184
34.7     -4314
34.72     -2924
34.74     -1083
34.76     942.9
34.78     2762
34.8     4085
34.82     4934
34.84     5579
34.86     6266
34.88     7053
34.9     7848
34.92     8550
34.94     9136
34.96     9673
34.98     10270
35     11000
35.02     11820
35.04     11730
35.06     11630
35.08     11650
35.1     11910
35.12     12330
35.14     12330
35.16     11370
35.18     9569
35.2     7539
35.22     5862
35.24     4646
35.26     3604
35.28     2491
35.3     1377
35.32     448
35.34     -313
35.36     -1150
35.38     -2260
35.4     -3559
35.42     -4796
35.44     -5871
35.46     -6940
35.48     -8257
35.5     -9376
35.52     -9956
35.54     -10670
35.56     -11380
35.58     -12090
35.6     -12350
35.62     -12190
35.64     -11110
35.66     -9894
35.68     -8726
35.7     -7975
35.72     -7010
35.74     -5569
35.76     -3815
35.78     -2101
35.8     -583.1
35.82     854.1
35.84     2334
35.86     3763
35.88     4879
35.9     5466
35.92     5588
35.94     5657
35.96     6212
35.98     7511
36     8769
36.02     9461
36.04     9749
36.06     9958
36.08     10220
36.1     10600
36.12     10980
36.14     11040
36.16     10250
36.18     8727
36.2     6745
36.22     4467
36.24     1987
36.26     -498.7
36.28     -2647
36.3     -4214
36.32     -5300
36.34     -6326
36.36     -7700
36.38     -9423
36.4     -10750
36.42     -11070
36.44     -10970
36.46     -10700
36.48     -10320
36.5     -10160
36.52     -10280
36.54     -10710
36.56     -11240
36.58     -11950
36.6     -12770
36.62     -13530
36.64     -14040
36.66     -14160
36.68     -13270
36.7     -11380
36.72     -9150
36.74     -7253
36.76     -5752
36.78     -4403
36.8     -3001
36.82     -1563
36.84     -248.6
36.86     808.2
36.88     1511
36.9     1791
36.92     1697
36.94     1443
36.96     1327
36.98     1649
37     2630
37.02     4323
37.04     6577
37.06     8453
37.08     9157
37.1     9809
37.12     10420
37.14     10860
37.16     10960
37.18     9988
37.2     8681
37.22     7396
37.24     6442
37.26     5601
37.28     4733
37.3     4013
37.32     3689
37.34     3740
37.36     3896
37.38     3887
37.4     3622
37.42     3215
37.44     2873
37.46     2672
37.48     2472
37.5     2025
37.52     1177
37.54     12.79
37.56     -1130
37.58     -1857
37.6     -1973
37.62     -1586
37.64     -968.7
37.66     -380
37.68     52.34
37.7     331.7
37.72     542.4
37.74     759.3
37.76     997.4
37.78     1257
37.8     1569
37.82     1963
37.84     2413
37.86     2833
37.88     3137
37.9     3340
37.92     3550
37.94     3878
37.96     4336
37.98     4778
38     4974
38.02     4852
38.04     4601
38.06     4447
38.08     4404
38.1     4306
38.12     4024
38.14     3613
38.16     3238
38.18     2987
38.2     2768
38.22     2381
38.24     1727
38.26     952.4
38.28     295.8
38.3     -229.3
38.32     -873
38.34     -1787
38.36     -2718
38.38     -3216
38.4     -3152
38.42     -2944
38.44     -3175
38.46     -3969
38.48     -4895
38.5     -5446
38.52     -5550
38.54     -5599
38.56     -5962
38.58     -6533
38.6     -6779
38.62     -6257
38.64     -5077
38.66     -3836
38.68     -3029
38.7     -2543
38.72     -1851
38.74     -697.3
38.76     582.7
38.78     1466
38.8     1871
38.82     2224
38.84     2871
38.86     3681
38.88     4311
38.9     4680
38.92     5086
38.94     5887
38.96     7140
38.98     8521
39     9611
39.02     10230
39.04     10480
39.06     10460
39.08     10240
39.1     9918
39.12     9453
39.14     8861
39.16     8119
39.18     7269
39.2     6379
39.22     5524
39.24     4754
39.26     4088
39.28     3561
39.3     3218
39.32     2987
39.34     2648
39.36     1997
39.38     1005
39.4     -181.4
39.42     -1385
39.44     -2510
39.46     -3589
39.48     -4703
39.5     -5856
39.52     -6939
39.54     -7779
39.56     -8210
39.58     -8159
39.6     -7694
39.62     -6980
39.64     -6209
39.66     -5553
39.68     -5125
39.7     -4937
39.72     -4873
39.74     -4793
39.76     -4692
39.78     -4651
39.8     -4705
39.82     -4817
39.84     -4926
39.86     -4949
39.88     -4754
39.9     -4230
39.92     -3400
39.94     -2449
39.96     -1615
39.98     -1018
40     -607.2
40.02     -282.8
40.04     -22.42
40.06     87.6
40.08     -57.48
40.1     -468.7
40.12     -1068
40.14     -1761
40.16     -2448
40.18     -2991
40.2     -3199
40.22     -2908
40.24     -2157
40.26     -1269
40.28     -653.4
40.3     -448.2
40.32     -450.3
40.34     -380.2
40.36     -165.4
40.38     13.24
40.4     -67.49
40.42     -420.3
40.44     -866.3
40.46     -1285
40.48     -1698
40.5     -2037
40.52     -1977
40.54     -1161
40.56     382.4
40.58     2130
40.6     3449
40.62     4093
40.64     4282
40.66     4328
40.68     4284
40.7     3988
40.72     3358
40.74     2532
40.76     1687
40.78     817.8
40.8     -207.2
40.82     -1361
40.84     -2295
40.86     -2567
40.88     -2079
40.9     -1226
40.92     -566.5
40.94     -403.3
40.96     -690.9
40.98     -1244
41     -1959
41.02     -2866
41.04     -4040
41.06     -5453
41.08     -6936
41.1     -8307
41.12     -9469
41.14     -10380
41.16     -10990
41.18     -11190
41.2     -10910
41.22     -10160
41.24     -9121
41.26     -8115
41.28     -7317
41.3     -6681
41.32     -6105
41.34     -5572
41.36     -5157
41.38     -4921
41.4     -4828
41.42     -4757
41.44     -4566
41.46     -4147
41.48     -3463
41.5     -2543
41.52     -1461
41.54     -275.2
41.56     969.8
41.58     2166
41.6     3144
41.62     3832
41.64     4353
41.66     4871
41.68     5351
41.7     5569
41.72     5332
41.74     4696
41.76     3944
41.78     3357
41.8     3007
41.82     2777
41.84     2547
41.86     2312
41.88     2120
41.9     1968
41.92     1780
41.94     1438
41.96     858.7
41.98     79.12
42     -762.1
42.02     -1572
42.04     -2381
42.06     -3249
42.08     -4133
42.1     -4855
42.12     -5237
42.14     -5256
42.16     -5033
42.18     -4679
42.2     -4217
42.22     -3682
42.24     -3212
42.26     -2971
42.28     -2962
42.3     -2999
42.32     -2901
42.34     -2654
42.36     -2342
42.38     -1964
42.4     -1383
42.42     -467.3
42.44     774.8
42.46     2177
42.48     3531
42.5     4725
42.52     5778
42.54     6707
42.56     7393
42.58     7656
42.6     7483
42.62     7119
42.64     6918
42.66     7087
42.68     7535
42.7     7965
42.72     8146
42.74     8147
42.76     8251
42.78     8616
42.8     9071
42.82     9216
42.84     8755
42.86     7751
42.88     6535
42.9     5337
42.92     4079
42.94     2597
42.96     972.9
42.98     -435.3
43     -1339
43.02     -1844
43.04     -2301
43.06     -2841
43.08     -3269
43.1     -3397
43.12     -3302
43.14     -3238
43.16     -3424
43.18     -3884
43.2     -4474
43.22     -5042
43.24     -5546
43.26     -5978
43.28     -6265
43.3     -6310
43.32     -6058
43.34     -5474
43.36     -4545
43.38     -3318
43.4     -1897
43.42     -426.6
43.44     952.8
43.46     2160
43.48     3187
43.5     4069
43.52     4838
43.54     5517
43.56     6124
43.58     6681
43.6     7206
43.62     7702
43.64     8149
43.66     8497
43.68     8713
43.7     8866
43.72     9020
43.74     9219
43.76     9397
43.78     9409
43.8     9176
43.82     8718
43.84     8136
43.86     7531
43.88     6906
43.9     6166
43.92     5214
43.94     4056
43.96     2827
43.98     1680
44     661.1
44.02     -302.3
44.04     -1328
44.06     -2455
44.08     -3572
44.1     -4508
44.12     -5172
44.14     -5591
44.16     -5883
44.18     -6150
44.2     -6416
44.22     -6669
44.24     -6928
44.26     -7245
44.28     -7623
44.3     -7938
44.32     -7976
44.34     -7608
44.36     -6915
44.38     -6086
44.4     -5217
44.42     -4253
44.44     -3136
44.46     -1954
44.48     -854.2
44.5     167.6
44.52     1281
44.54     2580
44.56     3889
44.58     4866
44.6     5322
44.62     5456
44.64     5734
44.66     6460
44.68     7501
44.7     8496
44.72     9284
44.74     9960
44.76     10190
44.78     10300
44.8     10380
44.82     10290
44.84     9990
44.86     9590
44.88     9106
44.9     8466
44.92     7606
44.94     6537
44.96     5384
44.98     4346
45     3577
45.02     3046
45.04     2518
45.06     1686
45.08     390.5
45.1     -1227
45.12     -2761
45.14     -3832
45.16     -4414
45.18     -4830
45.2     -5429
45.22     -6255
45.24     -7013
45.26     -7376
45.28     -7311
45.3     -7019
45.32     -6639
45.34     -6150
45.36     -5578
45.38     -5124
45.4     -5027
45.42     -5285
45.44     -5549
45.46     -5404
45.48     -4730
45.5     -3702
45.52     -2557
45.54     -1452
45.56     -470.8
45.58     410.4
45.6     1324
45.62     2388
45.64     3572
45.66     4716
45.68     5612
45.7     6100
45.72     6142
45.74     5824
45.76     5279
45.78     4634
45.8     4029
45.82     3581
45.84     3303
45.86     3084
45.88     2749
45.9     2170
45.92     1352
45.94     402.7
45.96     -591.3
45.98     -1644
46     -2823
46.02     -4156
46.04     -5599
46.06     -7092
46.08     -8599
46.1     -10080
46.12     -11130
46.14     -11560
46.16     -11730
46.18     -11900
46.2     -11950
46.22     -11820
46.24     -11370
46.26     -11060
46.28     -10990
46.3     -11180
46.32     -11180
46.34     -10790
46.36     -10100
46.38     -9350
46.4     -8635
46.42     -7816
46.44     -6715
46.46     -5349
46.48     -3953
46.5     -2769
46.52     -1825
46.54     -929.8
46.56     107.7
46.58     1274
46.6     2357
46.62     3145
46.64     3610
46.66     3894
46.68     4132
46.7     4313
46.72     4334
46.74     4148
46.76     3835
46.78     3520
46.8     3237
46.82     2876
46.84     2276
46.86     1394
46.88     381.1
46.9     -550.2
46.92     -1312
46.94     -2004
46.96     -2787
46.98     -3731
47     -4768
47.02     -5791
47.04     -6738
47.06     -7580
47.08     -8287
47.1     -8811
47.12     -9127
47.14     -9281
47.16     -9403
47.18     -9608
47.2     -9868
47.22     -10010
47.24     -9858
47.26     -9397
47.28     -8764
47.3     -8098
47.32     -7412
47.34     -6605
47.36     -5596
47.38     -4422
47.4     -3206
47.42     -2042
47.44     -918.7
47.46     213.1
47.48     1320
47.5     2271
47.52     2976
47.54     3507
47.56     4044
47.58     4684
47.6     5351
47.62     5889
47.64     6233
47.66     6462
47.68     6685
47.7     6906
47.72     7009
47.74     6877
47.76     6473
47.78     5838
47.8     5029
47.82     4099
47.84     3106
47.86     2107
47.88     1158
47.9     309.9
47.92     -406.9
47.94     -1021
47.96     -1614
47.98     -2264
48     -2968
48.02     -3638
48.04     -4177
48.06     -4564
48.08     -4841
48.1     -5047
48.12     -5165
48.14     -5130
48.16     -4880
48.18     -4407
48.2     -3767
48.22     -3041
48.24     -2278
48.26     -1467
48.28     -586
48.3     333.3
48.32     1210
48.34     1983
48.36     2674
48.38     3384
48.4     4231
48.42     5258
48.44     6424
48.46     7659
48.48     8902
48.5     9739
48.52     10210
48.54     10380
48.56     10620
48.58     10800
48.6     10890
48.62     10890
48.64     10790
48.66     10450
48.68     9865
48.7     9180
48.72     8451
48.74     7820
48.76     7417
48.78     7247
48.8     7127
48.82     6769
48.84     6003
48.86     4904
48.88     3715
48.9     2624
48.92     1630
48.94     600.2
48.96     -556.8
48.98     -1797
49     -3007
49.02     -4110
49.04     -5083
49.06     -5873
49.08     -6366
49.1     -6480
49.12     -6282
49.14     -5960
49.16     -5704
49.18     -5581
49.2     -5532
49.22     -5456
49.24     -5274
49.26     -4953
49.28     -4509
49.3     -4004
49.32     -3471
49.34     -2856
49.36     -2063
49.38     -1042
49.4     200.4
49.42     1634
49.44     3224
49.46     4889
49.48     6473
49.5     7791
49.52     8739
49.54     9382
49.56     9890
49.58     10380
49.6     10690
49.62     10660
49.64     10600
49.66     10540
49.68     10520
49.7     10550
49.72     10590
49.74     10700
49.76     10900
49.78     11060
49.8     10810
49.82     10340
49.84     9593
49.86     8687
49.88     7611
49.9     6405
49.92     5200
49.94     4143
49.96     3283
49.98     2540
50     1792
50.02     1008
50.04     283.6
50.06     -248.1
50.08     -548.1
50.1     -719.5
50.12     -918.6
50.14     -1223
50.16     -1592
50.18     -1941
50.2     -2225
50.22     -2441
50.24     -2580
50.26     -2582
50.28     -2375
50.3     -1942
50.32     -1364
50.34     -782.6
50.36     -301
50.38     83.58
50.4     472.6
50.42     996.2
50.44     1727
50.46     2611
50.48     3481
50.5     4166
50.52     4599
50.54     4826
50.56     4948
50.58     5049
50.6     5170
50.62     5321
50.64     5490
50.66     5629
50.68     5647
50.7     5455
50.72     5033
50.74     4461
50.76     3878
50.78     3387
50.8     2979
50.82     2553
50.84     1985
50.86     1183
50.88     117.7
50.9     -1156
50.92     -2518
50.94     -3834
50.96     -5006
50.98     -5977
51     -6716
51.02     -7226
51.04     -7572
51.06     -7845
51.08     -8112
51.1     -8391
51.12     -8652
51.14     -8861
51.16     -9019
51.18     -9184
51.2     -9433
51.22     -9807
51.24     -10270
51.26     -10700
51.28     -10960
51.3     -11040
51.32     -10750
51.34     -9991
51.36     -8794
51.38     -7337
51.4     -5870
51.42     -4600
51.44     -3625
51.46     -2944
51.48     -2502
51.5     -2218
51.52     -2016
51.54     -1860
51.56     -1764
51.58     -1740
51.6     -1742
51.62     -1652
51.64     -1344
51.66     -753.7
51.68     79.7
51.7     1027
51.72     1918
51.74     2594
51.76     2941
51.78     2899
51.8     2476
51.82     1767
51.84     936.8
51.86     146
51.88     -534.8
51.9     -1141
51.92     -1740
51.94     -2336
51.96     -2853
51.98     -3202
52     -3359
52.02     -3389
52.04     -3407
52.06     -3531
52.08     -3847
52.1     -4381
52.12     -5097
52.14     -5914
52.16     -6724
52.18     -7404
52.2     -7843
52.22     -7985
52.24     -7844
52.26     -7511
52.28     -7112
52.3     -6710
52.32     -6269
52.34     -5728
52.36     -5116
52.38     -4558
52.4     -4167
52.42     -3946
52.44     -3793
52.46     -3607
52.48     -3365
52.5     -3095
52.52     -2774
52.54     -2303
52.56     -1601
52.58     -712.7
52.6     194.7
52.62     956.9
52.64     1517
52.66     1914
52.68     2169
52.7     2234
52.72     2063
52.74     1695
52.76     1238
52.78     791.5
52.8     393.6
52.82     31.99
52.84     -299
52.86     -563.1
52.88     -714.7
52.9     -759.5
52.92     -771.6
52.94     -850.7
52.96     -1064
52.98     -1423
53     -1889
53.02     -2414
53.04     -2963
53.06     -3511
53.08     -4027
53.1     -4471
53.12     -4789
53.14     -4927
53.16     -4858
53.18     -4607
53.2     -4240
53.22     -3828
53.24     -3412
53.26     -3012
53.28     -2651
53.3     -2355
53.32     -2124
53.34     -1915
53.36     -1643
53.38     -1239
53.4     -700.3
53.42     -96.39
53.44     480
53.46     978.1
53.48     1434
53.5     1946
53.52     2575
53.54     3286
53.56     3966
53.58     4507
53.6     4861
53.62     5046
53.64     5098
53.66     5025
53.68     4830
53.7     4559
53.72     4302
53.74     4120
53.76     3968
53.78     3716
53.8     3276
53.82     2717
53.84     2228
53.86     1945
53.88     1837
53.9     1750
53.92     1566
53.94     1279
53.96     941.9
53.98     570.6
54     128.3
54.02     -395.3
54.04     -931.5
54.06     -1377
54.08     -1686
54.1     -1891
54.12     -2039
54.14     -2131
54.16     -2110
54.18     -1911
54.2     -1511
54.22     -941.6
54.24     -268.6
54.26     432.4
54.28     1096
54.3     1685
54.32     2187
54.34     2600
54.36     2934
54.38     3225
54.4     3538
54.42     3928
54.44     4408
54.46     4953
54.48     5525
54.5     6097
54.52     6657
54.54     7175
54.56     7608
54.58     7921
54.6     8090
54.62     8090
54.64     7898
54.66     7517
54.68     7009
54.7     6473
54.72     5985
54.74     5570
54.76     5216
54.78     4898
54.8     4591
54.82     4277
54.84     3938
54.86     3554
54.88     3102
54.9     2558
54.92     1913
54.94     1186
54.96     425.3
54.98     -307.6
55     -958.6
55.02     -1483
55.04     -1840
55.06     -1990
55.08     -1928
55.1     -1692
55.12     -1353
55.14     -962.6
55.16     -539.1
55.18     -81.7
55.2     396.3
55.22     855.4
55.24     1249
55.26     1560
55.28     1815
55.3     2081
55.32     2427
55.34     2895
55.36     3493
55.38     4213
55.4     5033
55.42     5905
55.44     6752
55.46     7488
55.48     8060
55.5     8451
55.52     8658
55.54     8672
55.56     8484
55.58     8108
55.6     7594
55.62     7015
55.64     6434
55.66     5890
55.68     5389
55.7     4920
55.72     4462
55.74     3972
55.76     3388
55.78     2658
55.8     1764
55.82     738.3
55.84     -358.2
55.86     -1471
55.88     -2576
55.9     -3660
55.92     -4690
55.94     -5615
55.96     -6385
55.98     -6970
56     -7364
56.02     -7576
56.04     -7633
56.06     -7576
56.08     -7453
56.1     -7294
56.12     -7102
56.14     -6860
56.16     -6559
56.18     -6201
56.2     -5768
56.22     -5218
56.24     -4525
56.26     -3733
56.28     -2922
56.3     -2133
56.32     -1335
56.34     -465.1
56.36     481.9
56.38     1433
56.4     2295
56.42     3027
56.44     3637
56.46     4139
56.48     4512
56.5     4722
56.52     4769
56.54     4690
56.56     4538
56.58     4342
56.6     4087
56.62     3736
56.64     3273
56.66     2717
56.68     2108
56.7     1478
56.72     826.9
56.74     132.1
56.76     -631.6
56.78     -1469
56.8     -2352
56.82     -3235
56.84     -4085
56.86     -4902
56.88     -5693
56.9     -6442
56.92     -7095
56.94     -7594
56.96     -7922
56.98     -8117
57     -8229
57.02     -8266
57.04     -8201
57.06     -8025
57.08     -7763
57.1     -7453
57.12     -7096
57.14     -6659
57.16     -6110
57.18     -5464
57.2     -4766
57.22     -4036
57.24     -3251
57.26     -2375
57.28     -1402
57.3     -370.7
57.32     666.2
57.34     1674
57.36     2634
57.38     3525
57.4     4320
57.42     5004
57.44     5582
57.46     6063
57.48     6429
57.5     6657
57.52     6741
57.54     6698
57.56     6550
57.58     6307
57.6     5983
57.62     5622
57.64     5270
57.66     4927
57.68     4530
57.7     4007
57.72     3329
57.74     2512
57.76     1599
57.78     622.7
57.8     -417.5
57.82     -1541
57.84     -2744
57.86     -3972
57.88     -5134
57.9     -6151
57.92     -6989
57.94     -7651
57.96     -8130
57.98     -8408
58     -8491
58.02     -8433
58.04     -8313
58.06     -8188
58.08     -8059
58.1     -7893
58.12     -7653
58.14     -7333
58.16     -6966
58.18     -6586
58.2     -6171
58.22     -5641
58.24     -4901
58.26     -3913
58.28     -2734
58.3     -1471
58.32     -211.7
58.34     1003
58.36     2138
58.38     3140
58.4     3949
58.42     4543
58.44     4962
58.46     5274
58.48     5512
58.5     5647
58.52     5644
58.54     5517
58.56     5335
58.58     5176
58.6     5082
58.62     5044
58.64     5014
58.66     4933
58.68     4742
58.7     4386
58.72     3830
58.74     3074
58.76     2166
58.78     1183
58.8     192.8
58.82     -775.8
58.84     -1719
58.86     -2619
58.88     -3422
58.9     -4058
58.92     -4473
58.94     -4665
58.96     -4681
58.98     -4592
59     -4474
59.02     -4380
59.04     -4335
59.06     -4327
59.08     -4331
59.1     -4328
59.12     -4298
59.14     -4217
59.16     -4065
59.18     -3819
59.2     -3441
59.22     -2866
59.24     -2034
59.26     -955.5
59.28     272.1
59.3     1501
59.32     2602
59.34     3515
59.36     4253
59.38     4863
59.4     5372
59.42     5785
59.44     6104
59.46     6346
59.48     6537
59.5     6698
59.52     6839
59.54     6970
59.56     7124
59.58     7352
59.6     7666
59.62     7986
59.64     8163
59.66     8062
59.68     7643
59.7     6974
59.72     6154
59.74     5232
59.76     4212
59.78     3124
59.8     2052
59.82     1076
59.84     214.5
59.86     -566
59.88     -1277
59.9     -1879
59.92     -2329
59.94     -2649
59.96     -2942
59.98     -3322
60     -3819
