               0 -0.0024
            0.02 -0.0007
            0.04  0.0018
            0.06  0.0001
            0.08  0.0001
             0.1 -0.0016
            0.12 -0.0024
            0.14  0.0035
            0.16  0.0018
            0.18  0.0001
             0.2 -0.0033
            0.22  0.0001
            0.24  0.0035
            0.26  0.0018
            0.28 -0.0024
             0.3 -0.0024
            0.32  0.0035
            0.34  0.0018
            0.36  0.0035
            0.38 -0.0058
             0.4  0.0001
            0.42   0.001
            0.44  0.0018
            0.46  0.0018
            0.48  0.0001
             0.5 -0.0016
            0.52 -0.0049
            0.54  0.0018
            0.56   0.006
            0.58   0.006
             0.6 -0.0066
            0.62  0.0001
            0.64   0.001
            0.66  0.0018
            0.68  0.0027
             0.7  0.0018
            0.72   0.001
            0.74 -0.0024
            0.76 -0.0024
            0.78 -0.0024
             0.8  0.0001
            0.82 -0.0049
            0.84 -0.0041
            0.86 -0.0049
            0.88  0.0018
             0.9  0.0001
            0.92 -0.0033
            0.94  0.0018
            0.96  0.0077
            0.98  0.0077
               1  0.0052
            1.02 -0.0049
            1.04 -0.0024
            1.06  0.0094
            1.08   0.006
             1.1  0.0027
            1.12 -0.0041
            1.14 -0.0041
            1.16  0.0035
            1.18  0.0052
             1.2  0.0027
            1.22 -0.0033
            1.24 -0.0033
            1.26  0.0035
            1.28  0.0027
             1.3  0.0001
            1.32 -0.0033
            1.34 -0.0024
            1.36   0.006
            1.38  0.0035
             1.4 -0.0049
            1.42 -0.0083
            1.44 -0.0083
            1.46  0.0043
            1.48   0.006
             1.5  0.0001
            1.52 -0.0058
            1.54 -0.0007
            1.56  0.0086
            1.58  0.0145
             1.6  0.0086
            1.62 -0.0024
            1.64 -0.0049
            1.66  0.0035
            1.68 -0.0024
             1.7  0.0069
            1.72  0.0102
            1.74  0.0027
            1.76 -0.0058
            1.78   -0.01
             1.8  0.0001
            1.82   0.006
            1.84 -0.0066
            1.86 -0.0049
            1.88  0.0102
             1.9  0.0069
            1.92 -0.0066
            1.94 -0.0142
            1.96 -0.0091
            1.98 -0.0058
               2  0.0035
            2.02  0.0086
            2.04  0.0018
            2.06 -0.0033
            2.08  0.0018
             2.1  0.0102
            2.12  0.0195
            2.14  0.0145
            2.16  0.0086
            2.18   0.006
             2.2 -0.0075
            2.22 -0.0091
            2.24 -0.0058
            2.26 -0.0167
            2.28 -0.0049
             2.3  0.0052
            2.32   0.006
            2.34  0.0094
            2.36 -0.0058
            2.38 -0.0176
             2.4 -0.0151
            2.42  0.0077
            2.44  0.0094
            2.46  0.0111
            2.48  0.0128
             2.5  0.0178
            2.52  0.0102
            2.54  0.0204
            2.56  0.0086
            2.58   0.001
             2.6  0.0035
            2.62 -0.0041
            2.64  0.0027
            2.66 -0.0033
            2.68 -0.0091
             2.7 -0.0184
            2.72   0.001
            2.74   0.017
            2.76  0.0102
            2.78   0.001
             2.8 -0.0302
            2.82 -0.0218
            2.84 -0.0041
            2.86  0.0111
            2.88 -0.0041
             2.9 -0.0016
            2.92  0.0027
            2.94   0.017
            2.96  0.0187
            2.98  0.0136
               3  0.0288
            3.02  0.0178
            3.04  0.0187
            3.06  0.0187
            3.08  0.0018
             3.1 -0.0117
            3.12 -0.0167
            3.14 -0.0125
            3.16 -0.0201
            3.18 -0.0117
             3.2 -0.0007
            3.22 -0.0033
            3.24 -0.0049
            3.26  -0.021
            3.28 -0.0252
             3.3 -0.0049
            3.32   0.033
            3.34  0.0254
            3.36  0.0237
            3.38  0.0027
             3.4  0.0305
            3.42  0.0406
            3.44  0.0263
            3.46 -0.0134
            3.48  0.0018
             3.5  0.0018
            3.52 -0.0252
            3.54 -0.0328
            3.56 -0.0328
            3.58 -0.0142
             3.6  0.0027
            3.62   0.017
            3.64 -0.0033
            3.66  0.0077
            3.68 -0.0049
             3.7 -0.0193
            3.72   0.006
            3.74  0.0499
            3.76  0.0541
            3.78  0.0077
             3.8 -0.0226
            3.82 -0.0159
            3.84  0.0052
            3.86  0.0271
            3.88  0.0431
             3.9  0.0094
            3.92 -0.0294
            3.94 -0.0176
            3.96 -0.0117
            3.98 -0.0159
               4 -0.0193
            4.02 -0.0125
            4.04 -0.0049
            4.06  0.0263
            4.08  0.0347
             4.1 -0.0193
            4.12 -0.0218
            4.14 -0.0302
            4.16   0.001
            4.18  0.0355
             4.2  0.0364
            4.22   0.022
            4.24 -0.0058
            4.26  0.0119
            4.28   0.022
             4.3  0.0178
            4.32   0.001
            4.34  0.0237
            4.36  0.0263
            4.38  0.0237
             4.4 -0.0294
            4.42 -0.0707
            4.44 -0.0463
            4.46 -0.0201
            4.48   0.044
             4.5  0.0381
            4.52  0.0001
            4.54 -0.0066
            4.56  0.0035
            4.58  0.0204
             4.6   0.022
            4.62 -0.0007
            4.64 -0.0184
            4.66 -0.0041
            4.68  0.0035
             4.7   0.028
            4.72  0.0136
            4.74 -0.0041
            4.76 -0.0285
            4.78 -0.0269
             4.8 -0.0066
            4.82  0.0153
            4.84 -0.0117
            4.86  -0.021
            4.88  0.0482
             4.9  0.0634
            4.92  0.0271
            4.94 -0.0125
            4.96 -0.0463
            4.98 -0.0117
               5   0.001
            5.02 -0.0269
            5.04 -0.0496
            5.06 -0.0142
            5.08  0.0018
             5.1 -0.0058
            5.12 -0.0218
            5.14 -0.0091
            5.16   0.006
            5.18  0.0119
             5.2  0.0381
            5.22  0.0406
            5.24   0.044
            5.26  0.0457
            5.28 -0.0066
             5.3 -0.0572
            5.32 -0.0522
            5.34 -0.0176
            5.36  0.0178
            5.38  0.0204
             5.4 -0.0049
            5.42 -0.0125
            5.44  0.0052
            5.46  0.0018
            5.48  0.0077
             5.5  0.0035
            5.52  0.0161
            5.54  0.0212
            5.56  0.0322
            5.58  0.0086
             5.6   -0.01
            5.62 -0.0218
            5.64 -0.0024
            5.66  0.0212
            5.68 -0.0016
             5.7 -0.0336
            5.72  -0.026
            5.74  0.0027
            5.76  0.0819
            5.78  0.0457
             5.8 -0.0277
            5.82   -0.01
            5.84  0.0153
            5.86  0.0018
            5.88 -0.0049
             5.9   0.006
            5.92 -0.0108
            5.94 -0.0083
            5.96 -0.0159
            5.98 -0.0285
               6 -0.0471
            6.02 -0.0108
            6.04  0.0212
            6.06  0.0347
            6.08   0.017
             6.1  0.0254
            6.12  0.0608
            6.14  0.0507
            6.16  0.0305
            6.18   -0.01
             6.2 -0.0471
            6.22 -0.0513
            6.24 -0.0505
            6.26 -0.0117
            6.28 -0.0091
             6.3 -0.0252
            6.32  0.0094
            6.34  0.0094
            6.36 -0.0336
            6.38 -0.0218
             6.4 -0.0041
            6.42  0.0001
            6.44  0.0347
            6.46  0.0482
            6.48  0.0575
             6.5  0.0161
            6.52 -0.0387
            6.54 -0.0471
            6.56 -0.0007
            6.58  0.0398
             6.6  0.0086
            6.62 -0.0311
            6.64 -0.0412
            6.66 -0.0513
            6.68 -0.0302
             6.7  0.0406
            6.72  0.0355
            6.74  0.0271
            6.76  0.0364
            6.78  0.0136
             6.8   0.001
            6.82  0.0035
            6.84  0.0305
            6.86  0.0558
            6.88  0.0398
             6.9  0.0229
            6.92 -0.0134
            6.94 -0.0269
            6.96 -0.0041
            6.98 -0.0058
               7 -0.0623
            7.02 -0.0336
            7.04  0.0178
            7.06  0.0187
            7.08 -0.0336
             7.1 -0.0606
            7.12 -0.0345
            7.14  0.0381
            7.16  0.0701
            7.18  0.0355
             7.2  0.0178
            7.22 -0.0108
            7.24  0.0043
            7.26  0.0263
            7.28  0.0457
             7.3  0.0338
            7.32  0.0027
            7.34 -0.0083
            7.36  0.0195
            7.38  0.0566
             7.4  0.0178
            7.42  -0.053
            7.44 -0.0673
            7.46 -0.0184
            7.48 -0.0091
             7.5 -0.0167
            7.52 -0.0387
            7.54 -0.0151
            7.56 -0.0117
            7.58 -0.0108
             7.6 -0.0184
            7.62 -0.0075
            7.64  0.0094
            7.66  0.0086
            7.68  0.0094
             7.7  0.0355
            7.72  0.0566
            7.74   0.001
            7.76 -0.0125
            7.78  0.0043
             7.8   0.022
            7.82 -0.0252
            7.84 -0.0648
            7.86 -0.0437
            7.88  0.0237
             7.9  0.0204
            7.92 -0.0403
            7.94 -0.0564
            7.96  0.0052
            7.98  0.0448
               8  0.0347
            8.02  0.0457
            8.04  0.0583
            8.06  0.0372
            8.08 -0.0016
             8.1 -0.0412
            8.12 -0.0328
            8.14 -0.0058
            8.16  0.0043
            8.18 -0.0091
             8.2 -0.0193
            8.22 -0.0252
            8.24 -0.0471
            8.26  -0.037
            8.28 -0.0184
             8.3  0.0027
            8.32  0.0457
            8.34  0.0482
            8.36  0.0398
            8.38  0.0828
             8.4  0.0802
            8.42  0.0516
            8.44  0.0364
            8.46 -0.0007
            8.48 -0.0345
             8.5 -0.0176
            8.52 -0.0151
            8.54 -0.0167
            8.56 -0.0302
            8.58 -0.0361
             8.6 -0.0201
            8.62 -0.0673
            8.64 -0.0446
            8.66 -0.0302
            8.68   -0.01
             8.7 -0.0075
            8.72 -0.0589
            8.74  -0.096
            8.76  -0.096
            8.78  -0.053
             8.8  0.0204
            8.82  0.1064
            8.84  0.0912
            8.86  0.0592
            8.88  0.0423
             8.9   0.092
            8.92  0.1308
            8.94  0.0937
            8.96  0.0735
            8.98  0.0288
               9  0.0448
            9.02 -0.0033
            9.04 -0.1238
            9.06 -0.1534
            9.08 -0.1297
             9.1  -0.112
            9.12  -0.107
            9.14 -0.1205
            9.16 -0.1652
            9.18 -0.1475
             9.2 -0.1213
            9.22 -0.1028
            9.24 -0.0243
            9.26  0.0128
            9.28  0.1022
             9.3  0.1156
            9.32  0.0549
            9.34   0.001
            9.36 -0.0125
            9.38  0.0718
             9.4   0.184
            9.42   0.227
            9.44  0.1283
            9.46  0.0305
            9.48 -0.0403
             9.5 -0.0007
            9.52  0.0549
            9.54  0.0996
            9.56   0.135
            9.58   0.087
             9.6 -0.0285
            9.62 -0.1314
            9.64 -0.1483
            9.66 -0.1188
            9.68 -0.0724
             9.7  -0.026
            9.72 -0.0302
            9.74 -0.0884
            9.76 -0.1171
            9.78 -0.0547
             9.8 -0.0033
            9.82 -0.0066
            9.84  -0.107
            9.86 -0.1584
            9.88 -0.0429
             9.9  0.1696
            9.92  0.2531
            9.94  0.1907
            9.96  0.0524
            9.98 -0.0285
              10 -0.0361
           10.02 -0.0285
           10.04 -0.0454
           10.06 -0.0218
           10.08  0.0153
            10.1  0.0145
           10.12 -0.0311
           10.14 -0.0825
           10.16 -0.1163
           10.18 -0.1272
            10.2 -0.1129
           10.22 -0.0977
           10.24 -0.1534
           10.26 -0.2309
           10.28 -0.2402
            10.3 -0.0699
           10.32  0.1098
           10.34  0.1291
           10.36  0.0119
           10.38 -0.1643
            10.4 -0.2233
           10.42  -0.182
           10.44 -0.1415
           10.46 -0.0361
           10.48  0.0743
            10.5  0.1064
           10.52  0.0667
           10.54  0.0035
           10.56 -0.0007
           10.58  0.0364
            10.6  0.0954
           10.62  0.1216
           10.64  0.1401
           10.66  0.0575
           10.68  0.0246
            10.7  0.0785
           10.72   0.119
           10.74  0.1055
           10.76  0.0482
           10.78  0.0566
            10.8  0.0524
           10.82  0.0726
           10.84  0.1064
           10.86  0.0457
           10.88  0.0516
            10.9  0.0457
           10.92  0.0035
           10.94 -0.0994
           10.96 -0.0791
           10.98 -0.0319
              11  0.0861
           11.02  0.1182
           11.04   0.022
           11.06 -0.1272
           11.08 -0.2385
            11.1 -0.2368
           11.12 -0.1938
           11.14 -0.1415
           11.16 -0.1078
           11.18 -0.1348
            11.2 -0.2073
           11.22 -0.2731
           11.24 -0.3313
           11.26 -0.2394
           11.28  0.0035
            11.3   0.103
           11.32  0.0861
           11.34  0.0558
           11.36  0.0482
           11.38  0.0271
            11.4  0.0111
           11.42  0.0592
           11.44  0.0853
           11.46 -0.0151
           11.48 -0.2099
            11.5 -0.2832
           11.52   -0.22
           11.54  -0.096
           11.56   -0.08
           11.58 -0.0412
            11.6  0.0035
           11.62    0.06
           11.64  0.0423
           11.66  -0.021
           11.68 -0.0564
            11.7 -0.0918
           11.72  -0.107
           11.74 -0.1221
           11.76 -0.1669
           11.78 -0.1112
            11.8  0.0254
           11.82  0.0988
           11.84  0.0195
           11.86 -0.0184
           11.88  0.0625
            11.9  0.2362
           11.92  0.3054
           11.94  0.2548
           11.96  0.1772
           11.98   0.087
              12 -0.0673
           12.02  -0.236
           12.04 -0.1635
           12.06  0.0524
           12.08  0.2582
            12.1  0.3754
           12.12  0.2202
           12.14  -0.155
           12.16 -0.3895
           12.18 -0.4097
            12.2 -0.2562
           12.22 -0.0243
           12.24  0.1435
           12.26  0.1688
           12.28  0.1426
            12.3  0.1241
           12.32  0.1797
           12.34  0.2767
           12.36  0.2944
           12.38  0.1781
            12.4  0.0204
           12.42 -0.1348
           12.44 -0.0876
           12.46  0.0844
           12.48  0.2362
            12.5   0.248
           12.52  0.1452
           12.54  0.0465
           12.56 -0.0505
           12.58 -0.1424
            12.6 -0.1542
           12.62 -0.1095
           12.64 -0.0328
           12.66   0.017
           12.68  0.0642
            12.7  0.1393
           12.72   0.232
           12.74  0.1974
           12.76  0.1747
           12.78  0.1781
            12.8  0.1873
           12.82   0.114
           12.84 -0.0328
           12.86 -0.1787
           12.88  -0.182
            12.9  0.0136
           12.92  0.1848
           12.94  0.2143
           12.96  0.1452
           12.98  0.1005
              13  0.0904
           13.02  0.0246
           13.04 -0.1087
           13.06 -0.2487
           13.08 -0.3566
            13.1  -0.392
           13.12 -0.4485
           13.14 -0.4443
           13.16 -0.3203
           13.18  0.0642
            13.2  0.3804
           13.22  0.5128
           13.24   0.372
           13.26  0.0322
           13.28  -0.225
            13.3 -0.3692
           13.32 -0.4426
           13.34 -0.4333
           13.36 -0.3389
           13.38 -0.1415
            13.4  -0.026
           13.42  0.0634
           13.44  0.0288
           13.46 -0.0201
           13.48 -0.1196
            13.5 -0.1297
           13.52 -0.0657
           13.54 -0.0665
           13.56 -0.1171
           13.58 -0.2174
            13.6  -0.134
           13.62  0.0558
           13.64  0.1907
           13.66  0.2413
           13.68  0.1629
            13.7   0.076
           13.72  0.0726
           13.74  0.1468
           13.76  0.2008
           13.78   0.216
            13.8   0.022
           13.82 -0.1669
           13.84 -0.1601
           13.86   0.049
           13.88  0.2295
            13.9   0.227
           13.92  0.1831
           13.94   0.216
           13.96   0.254
           13.98  0.0726
              14  -0.107
           14.02 -0.1879
           14.04 -0.1399
           14.06 -0.0606
           14.08  0.0364
            14.1  0.0828
           14.12  0.2101
           14.14  0.3745
           14.16  0.3973
           14.18  0.2624
            14.2  0.0153
           14.22 -0.0935
           14.24 -0.0108
           14.26  0.1705
           14.28  0.2396
            14.3  0.1738
           14.32   0.065
           14.34 -0.0041
           14.36 -0.0016
           14.38 -0.0901
            14.4 -0.2149
           14.42 -0.2976
           14.44 -0.2141
           14.46 -0.1019
           14.48  0.0372
            14.5  0.1038
           14.52  0.0507
           14.54 -0.0285
           14.56 -0.0909
           14.58 -0.0581
            14.6   0.071
           14.62  0.1966
           14.64  0.2118
           14.66  0.2059
           14.68  0.1216
            14.7  0.0322
           14.72 -0.0555
           14.74 -0.0437
           14.76 -0.0884
           14.78 -0.1559
            14.8 -0.1475
           14.82 -0.0994
           14.84  0.0398
           14.86  0.1443
           14.88  0.2185
            14.9  0.2421
           14.92  0.2649
           14.94  0.2211
           14.96  0.1241
           14.98  0.1485
              15  0.1823
           15.02  0.1511
           15.04  0.0836
           15.06 -0.0167
           15.08  -0.155
            15.1 -0.1888
           15.12 -0.0909
           15.14 -0.0226
           15.16 -0.0269
           15.18   -0.01
            15.2 -0.0277
           15.22 -0.1087
           15.24  -0.139
           15.26 -0.0969
           15.28 -0.0926
            15.3 -0.0673
           15.32 -0.0353
           15.34  0.0018
           15.36 -0.0547
           15.38  -0.069
            15.4 -0.0724
           15.42 -0.1694
           15.44  0.0128
           15.46   0.318
           15.48  0.5356
            15.5  0.5719
           15.52  0.4859
           15.54   0.302
           15.56  0.1553
           15.58  0.1384
            15.6  0.1941
           15.62  0.2438
           15.64  0.1958
           15.66  0.0828
           15.68  0.0229
            15.7  0.1047
           15.72  0.1983
           15.74  0.1325
           15.76 -0.0842
           15.78 -0.3532
            15.8 -0.5219
           15.82 -0.5851
           15.84 -0.5193
           15.86 -0.4097
           15.88 -0.3262
            15.9 -0.2512
           15.92 -0.1981
           15.94 -0.1491
           15.96 -0.1348
           15.98 -0.2183
              16 -0.3085
           16.02 -0.3094
           16.04 -0.2318
           16.06 -0.1323
           16.08 -0.0479
            16.1 -0.0496
           16.12  0.0305
           16.14  0.1308
           16.16  0.1806
           16.18  0.1519
            16.2  0.0836
           16.22  0.0532
           16.24  0.0794
           16.26  0.1974
           16.28  0.2826
            16.3  0.2944
           16.32  0.2194
           16.34  0.1308
           16.36  0.1081
           16.38  0.0996
            16.4  0.1528
           16.42  0.0364
           16.44 -0.1424
           16.46 -0.2841
           16.48  -0.311
            16.5 -0.2385
           16.52   -0.08
           16.54 -0.0151
           16.56 -0.0387
           16.58  -0.026
            16.6  0.0136
           16.62  0.0684
           16.64  0.0423
           16.66 -0.0243
           16.68 -0.0285
            16.7  0.0524
           16.72 -0.0058
           16.74 -0.1171
           16.76 -0.2368
           16.78 -0.2343
            16.8 -0.1297
           16.82 -0.0294
           16.84  0.0836
           16.86  0.1072
           16.88  0.1587
            16.9  0.2497
           16.92  0.2927
           16.94  0.2801
           16.96  0.1932
           16.98  0.0794
              17 -0.0395
           17.02  0.0263
           17.04  0.1511
           17.06  0.1182
           17.08  0.0355
            17.1 -0.0252
           17.12  0.1055
           17.14  0.2852
           17.16  0.4091
           17.18  0.4083
            17.2  0.4235
           17.22   0.372
           17.24   0.184
           17.26  0.0145
           17.28 -0.1188
            17.3 -0.0884
           17.32  0.0322
           17.34  0.0355
           17.36 -0.0336
           17.38  0.0077
            17.4  0.0532
           17.42  0.0069
           17.44 -0.0791
           17.46 -0.1694
           17.48 -0.1727
            17.5 -0.0741
           17.52  0.0212
           17.54  0.0988
           17.56  0.1055
           17.58  0.0566
            17.6  0.0431
           17.62  0.0583
           17.64  0.0204
           17.66 -0.0707
           17.68 -0.2208
            17.7  -0.424
           17.72 -0.4333
           17.74 -0.2647
           17.76   -0.08
           17.78 -0.1028
            17.8 -0.2765
           17.82 -0.4974
           17.84 -0.6914
           17.86 -0.7175
           17.88 -0.5801
            17.9 -0.2832
           17.92  0.0549
           17.94  0.2666
           17.96  0.3079
           17.98  0.1772
              18  0.1519
           18.02  0.1443
           18.04  0.2084
           18.06   0.243
           18.08  0.1924
            18.1  0.0313
           18.12 -0.1272
           18.14 -0.1938
           18.16 -0.1534
           18.18  0.0102
            18.2  0.2607
           18.22  0.3686
           18.24  0.3526
           18.26  0.3965
           18.28  0.5086
            18.3   0.598
           18.32  0.6182
           18.34  0.5213
           18.36  0.3197
           18.38  0.2506
            18.4  0.2607
           18.42  0.1806
           18.44  0.1418
           18.46   0.135
           18.48  0.1578
            18.5  0.0414
           18.52 -0.1188
           18.54 -0.1297
           18.56 -0.0597
           18.58  0.0735
            18.6  0.1662
           18.62  0.1005
           18.64 -0.0825
           18.66 -0.2891
           18.68 -0.4224
            18.7 -0.3507
           18.72 -0.0471
           18.74  0.2944
           18.76  0.4083
           18.78  0.2717
            18.8  0.0195
           18.82 -0.0817
           18.84 -0.0758
           18.86 -0.0952
           18.88 -0.1719
            18.9 -0.2664
           18.92 -0.3794
           18.94 -0.3979
           18.96 -0.3144
           18.98 -0.2967
              19 -0.3018
           19.02 -0.3195
           19.04 -0.2664
           19.06 -0.1846
           19.08 -0.2115
            19.1 -0.2832
           19.12 -0.3153
           19.14 -0.2014
           19.16 -0.0808
           19.18 -0.0387
            19.2 -0.0926
           19.22 -0.1643
           19.24 -0.1534
           19.26 -0.0682
           19.28  0.0861
            19.3  0.2177
           19.32  0.2784
           19.34  0.2986
           19.36  0.1764
           19.38  0.0102
            19.4 -0.0918
           19.42 -0.1593
           19.44 -0.1989
           19.46 -0.1466
           19.48 -0.1019
            19.5 -0.0893
           19.52 -0.1508
           19.54 -0.2335
           19.56  -0.209
           19.58 -0.1382
            19.6 -0.1247
           19.62 -0.2276
           19.64 -0.2031
           19.66 -0.0269
           19.68  0.0844
            19.7  0.0052
           19.72 -0.1761
           19.74 -0.2773
           19.76  -0.225
           19.78 -0.1314
            19.8 -0.1297
           19.82 -0.1795
           19.84  -0.193
           19.86 -0.1787
           19.88   -0.15
            19.9 -0.1997
           19.92 -0.1567
           19.94  0.0035
           19.96  0.1637
           19.98   0.275
              20  0.1671
           20.02 -0.0479
           20.04 -0.2335
           20.06 -0.1432
           20.08  0.1064
            20.1  0.1983
           20.12  0.0001
           20.14 -0.2689
           20.16 -0.3448
           20.18 -0.2596
            20.2 -0.1837
           20.22 -0.1188
           20.24 -0.0943
           20.26 -0.0395
           20.28  0.0499
            20.3  0.1949
           20.32  0.3678
           20.34  0.4884
           20.36  0.4386
           20.38   0.254
            20.4 -0.0682
           20.42 -0.2124
           20.44 -0.1584
           20.46 -0.0673
           20.48 -0.0218
            20.5 -0.0471
           20.52 -0.0547
           20.54 -0.0302
           20.56 -0.0732
           20.58 -0.2124
            20.6 -0.3954
           20.62 -0.5092
           20.64 -0.5328
           20.66 -0.4569
           20.68 -0.3844
            20.7 -0.3827
           20.72  -0.435
           20.74  -0.489
           20.76 -0.3768
           20.78  -0.263
            20.8 -0.1888
           20.82 -0.1609
           20.84 -0.0926
           20.86   0.049
           20.88  0.2885
            20.9  0.4631
           20.92  0.4673
           20.94  0.4656
           20.96  0.5086
           20.98  0.5887
              21  0.7144
           21.02  0.8122
           21.04  0.8383
           21.06  0.7877
           21.08  0.5348
            21.1  0.1688
           21.12 -0.1171
           21.14 -0.2664
           21.16 -0.3144
           21.18 -0.3237
            21.2 -0.3186
           21.22 -0.3245
           21.24 -0.1601
           21.26 -0.0446
           21.28  0.0372
            21.3  0.1646
           21.32   0.318
           21.34  0.4875
           21.36   0.544
           21.38  0.5525
            21.4  0.4656
           21.42  0.2506
           21.44  0.0448
           21.46 -0.0024
           21.48  0.2143
            21.5  0.3678
           21.52  0.4041
           21.54  0.1603
           21.56 -0.0977
           21.58 -0.1449
            21.6 -0.0538
           21.62  0.2784
           21.64  0.4454
           21.66  0.4538
           21.68  0.4462
            21.7  0.3686
           21.72   0.415
           21.74  0.3838
           21.76  0.1983
           21.78  -0.107
            21.8 -0.3659
           21.82 -0.5134
           21.84 -0.6627
           21.86 -0.8423
           21.88 -0.9587
            21.9      -1
           21.92 -0.7867
           21.94  -0.537
           21.96 -0.3718
           21.98 -0.3827
              22 -0.3937
           22.02 -0.3262
           22.04  -0.236
           22.06 -0.1837
           22.08  -0.139
            22.1  0.0204
           22.12  0.1654
           22.14  0.3079
           22.16  0.3332
           22.18  0.2919
            22.2   0.254
           22.22  0.1258
           22.24 -0.0564
           22.26 -0.1837
           22.28 -0.2394
            22.3 -0.2115
           22.32 -0.1281
           22.34  -0.123
           22.36 -0.0977
           22.38 -0.0083
            22.4  0.1224
           22.42  0.1258
           22.44  0.0423
           22.46 -0.0732
           22.48 -0.1913
            22.5 -0.1373
           22.52 -0.0766
           22.54 -0.0876
           22.56   -0.08
           22.58 -0.0479
            22.6  0.0735
           22.62  0.2017
           22.64  0.2388
           22.66  0.2253
           22.68  0.1797
            22.7  0.1907
           22.72  0.1907
           22.74  0.1916
           22.76  0.2034
           22.78  0.2624
            22.8  0.2801
           22.82  0.1932
           22.84  0.0575
           22.86 -0.0479
           22.88 -0.0167
            22.9  0.0499
           22.92   0.022
           22.94  0.0263
           22.96  0.1781
           22.98  0.4175
              23  0.5752
           23.02  0.5634
           23.04  0.4175
           23.06  0.2084
           23.08  0.0684
            23.1  0.0701
           23.12  0.0819
           23.14  0.0617
           23.16 -0.0083
           23.18  0.0153
            23.2 -0.0378
           23.22 -0.1112
           23.24 -0.0277
           23.26   0.022
           23.28  0.0254
            23.3 -0.0134
           23.32 -0.0791
           23.34  0.0027
           23.36  0.0617
           23.38  0.1899
            23.4  0.2261
           23.42  0.0844
           23.44  0.0001
           23.46  0.0642
           23.48   0.189
            23.5  0.3509
           23.52  0.4277
           23.54  0.4563
           23.56  0.4412
           23.58  0.3467
            23.6  0.2632
           23.62  0.1629
           23.64  0.1089
           23.66  0.0929
           23.68  0.0178
            23.7 -0.0252
           23.72  0.0482
           23.74  0.0549
           23.76 -0.0564
           23.78 -0.2377
            23.8 -0.3228
           23.82 -0.2115
           23.84 -0.0269
           23.86  0.0752
           23.88  0.0271
            23.9 -0.0471
           23.92 -0.1044
           23.94 -0.1761
           23.96 -0.2318
           23.98 -0.2908
              24 -0.2503
           24.02 -0.1356
           24.04 -0.1095
           24.06 -0.0867
           24.08 -0.0184
            24.1  0.1089
           24.12  0.2784
           24.14  0.3239
           24.16  0.3433
           24.18  0.3442
            24.2  0.2405
           24.22 -0.0091
           24.24 -0.2706
           24.26 -0.4485
           24.28 -0.4519
            24.3  -0.365
           24.32 -0.2588
           24.34 -0.2731
           24.36 -0.3566
           24.38 -0.4106
            24.4 -0.4519
           24.42 -0.4991
           24.44  -0.618
           24.46 -0.6011
           24.48  -0.446
            24.5 -0.3043
           24.52 -0.1365
           24.54 -0.0969
           24.56 -0.0538
           24.58 -0.0075
            24.6  0.1367
           24.62   0.297
           24.64  0.4175
           24.66  0.4007
           24.68  0.3703
            24.7  0.3214
           24.72   0.372
           24.74  0.3948
           24.76  0.4344
           24.78  0.4251
            24.8  0.2607
           24.82   0.065
           24.84 -0.1981
           24.86 -0.3836
           24.88 -0.4924
            24.9  -0.462
           24.92 -0.3119
           24.94 -0.2056
           24.96 -0.1281
           24.98  0.0592
              25  0.1916
           25.02  0.1916
           25.04  0.1629
           25.06  0.0558
           25.08  0.0043
            25.1   -0.01
           25.12 -0.1053
           25.14  -0.112
           25.16 -0.0226
           25.18  0.0381
            25.2  0.1055
           25.22  0.1578
           25.24   0.173
           25.26  0.1376
           25.28   0.044
            25.3 -0.0581
           25.32 -0.0201
           25.34  0.0516
           25.36  0.0777
           25.38 -0.0108
            25.4  -0.037
           25.42  0.0086
           25.44  0.1165
           25.46  0.0752
           25.48 -0.1466
            25.5 -0.3515
           25.52 -0.5109
           25.54 -0.5548
           25.56 -0.5058
           25.58   -0.29
            25.6  -0.155
           25.62 -0.1761
           25.64 -0.2706
           25.66  -0.311
           25.68  -0.263
            25.7 -0.1221
           25.72 -0.0353
           25.74  0.0895
           25.76  0.2253
           25.78  0.2059
            25.8  0.0254
           25.82 -0.2039
           25.84 -0.3937
           25.86 -0.4367
           25.88 -0.3928
            25.9  -0.333
           25.92 -0.3819
           25.94  -0.403
           25.96 -0.4493
           25.98 -0.3043
              26  0.0246
           26.02  0.3787
           26.04  0.6545
           26.06  0.8029
           26.08  0.8063
            26.1  0.7464
           26.12  0.5508
           26.14  0.3678
           26.16  0.1856
           26.18  0.1156
            26.2  0.2388
           26.22  0.4293
           26.24  0.5736
           26.26  0.5415
           26.28  0.4066
            26.3  0.2885
           26.32   0.076
           26.34 -0.1938
           26.36 -0.4864
           26.38 -0.6391
            26.4 -0.7361
           26.42 -0.6956
           26.44 -0.5193
           26.46 -0.2664
           26.48 -0.1382
            26.5 -0.1441
           26.52 -0.2183
           26.54 -0.4114
           26.56 -0.4375
           26.58 -0.3186
            26.6   -0.15
           26.62 -0.0589
           26.64 -0.0935
           26.66 -0.0901
           26.68 -0.2014
            26.7 -0.2073
           26.72  -0.177
           26.74  -0.053
           26.76  0.0996
           26.78  0.1359
            26.8  0.1013
           26.82  0.0406
           26.84   0.076
           26.86  0.1907
           26.88  0.2109
            26.9 -0.0159
           26.92 -0.2596
           26.94 -0.4544
           26.96 -0.3794
           26.98 -0.0311
              27  0.2286
           27.02  0.3973
           27.04  0.4159
           27.06  0.3374
           27.08  0.0634
            27.1 -0.2343
           27.12 -0.3718
           27.14 -0.4325
           27.16  -0.381
           27.18 -0.2891
            27.2 -0.2352
           27.22 -0.1896
           27.24  0.0946
           27.26  0.3779
           27.28  0.6275
            27.3   0.711
           27.32  0.6461
           27.34  0.5398
           27.36  0.4268
           27.38  0.3922
            27.4  0.3324
           27.42  0.1696
           27.44  -0.064
           27.46 -0.2697
           27.48 -0.4055
            27.5  -0.381
           27.52 -0.2503
           27.54 -0.1744
           27.56 -0.1449
           27.58 -0.1213
            27.6 -0.0648
           27.62 -0.0218
           27.64 -0.0066
           27.66  0.0457
           27.68  0.1435
            27.7  0.2168
           27.72  0.1064
           27.74 -0.2191
           27.76 -0.4552
           27.78 -0.5075
            27.8 -0.3085
           27.82 -0.0606
           27.84  0.1662
           27.86  0.1899
           27.88  0.1494
            27.9   0.141
           27.92  0.1536
           27.94   0.259
           27.96  0.3627
           27.98   0.474
              28  0.5634
           28.02  0.6435
           28.04  0.6241
           28.06  0.4437
           28.08   0.254
            28.1  0.2523
           28.12  0.3484
           28.14  0.4951
           28.16  0.5297
           28.18  0.4808
            28.2  0.3998
           28.22  0.2767
           28.24  0.1882
           28.26  0.1612
           28.28   0.114
            28.3 -0.0496
           28.32 -0.3009
           28.34 -0.4679
           28.36 -0.5109
           28.38 -0.5016
            28.4 -0.5615
           28.42 -0.7108
           28.44 -0.8592
           28.46 -0.7917
           28.48 -0.4418
            28.5 -0.2225
           28.52 -0.3186
           28.54 -0.5025
           28.56 -0.5261
           28.58 -0.5387
            28.6 -0.4864
           28.62 -0.4772
           28.64 -0.4392
           28.66 -0.3296
           28.68 -0.2158
            28.7   -0.08
           28.72 -0.0285
           28.74   0.022
           28.76  0.1401
           28.78  0.2911
            28.8  0.3872
           28.82  0.3341
           28.84  0.1038
           28.86   -0.08
           28.88  0.0457
            28.9  0.4133
           28.92  0.6874
           28.94  0.8594
           28.96   0.792
           28.98  0.3256
              29 -0.0851
           29.02 -0.2082
           29.04 -0.0834
           29.06  0.1216
           29.08  0.2852
            29.1   0.383
           29.12  0.3998
           29.14  0.3796
           29.16  0.3315
           29.18  0.2674
            29.2  0.0853
           29.22  0.0001
           29.24  0.1148
           29.26  0.3341
           29.28   0.474
            29.3  0.4816
           29.32  0.3535
           29.34  0.1654
           29.36  0.0516
           29.38  0.0271
            29.4   0.103
           29.42  0.2034
           29.44    0.27
           29.46  0.2379
           29.48  0.1241
            29.5 -0.0016
           29.52  0.0355
           29.54  0.2067
           29.56  0.3349
           29.58  0.3602
            29.6  0.2489
           29.62  0.1856
           29.64  0.1974
           29.66  0.2666
           29.68  0.2927
            29.7  0.2632
           29.72   0.157
           29.74 -0.0184
           29.76 -0.1635
           29.78 -0.2588
            29.8 -0.1677
           29.82 -0.0058
           29.84  0.1393
           29.86  0.1865
           29.88  0.1258
            29.9  0.0642
           29.92 -0.0243
           29.94 -0.1314
           29.96 -0.3102
           29.98 -0.3338
              30 -0.1888
           30.02  0.0288
           30.04  0.2236
           30.06  0.2008
           30.08  0.0406
            30.1 -0.0952
           30.12  -0.026
           30.14  0.1173
           30.16  0.1637
           30.18  0.1376
            30.2  0.0853
           30.22  0.0254
           30.24 -0.0446
           30.26 -0.1415
           30.28 -0.2664
            30.3 -0.3389
           30.32 -0.3372
           30.34 -0.3616
           30.36 -0.4139
           30.38 -0.2073
            30.4  0.1047
           30.42  0.3939
           30.44  0.3965
           30.46  0.2877
           30.48   0.248
            30.5  0.3771
           30.52  0.4386
           30.54  0.0052
           30.56 -0.3945
           30.58 -0.5826
            30.6 -0.5328
           30.62 -0.3431
           30.64  -0.193
           30.66 -0.0066
           30.68  0.0136
            30.7 -0.0058
           30.72 -0.0775
           30.74 -0.0361
           30.76  0.1098
           30.78  0.3155
            30.8  0.5078
           30.82  0.5086
           30.84  0.3467
           30.86  0.1123
           30.88 -0.0867
            30.9 -0.2242
           30.92 -0.1989
           30.94 -0.1517
           30.96 -0.1677
           30.98 -0.2933
              31 -0.4443
           31.02 -0.4578
           31.04 -0.1103
           31.06  0.3239
           31.08  0.5879
            31.1  0.7262
           31.12  0.7102
           31.14  0.5963
           31.16  0.2396
           31.18 -0.1567
            31.2 -0.4165
           31.22 -0.3802
           31.24 -0.2124
           31.26 -0.1028
           31.28 -0.2031
            31.3 -0.4224
           31.32 -0.3743
           31.34 -0.1711
           31.36 -0.1314
           31.38 -0.2773
            31.4 -0.4822
           31.42 -0.5649
           31.44 -0.5657
           31.46  -0.516
           31.48 -0.4957
            31.5 -0.4873
           31.52 -0.4173
           31.54 -0.3363
           31.56 -0.2655
           31.58 -0.2739
            31.6 -0.2411
           31.62 -0.0589
           31.64  0.3062
           31.66  0.7329
           31.68  0.9454
            31.7  0.8493
           31.72  0.5693
           31.74  0.2894
           31.76  0.1949
           31.78  0.0263
            31.8 -0.3119
           31.82 -0.6281
           31.84 -0.7512
           31.86 -0.5345
           31.88 -0.1196
            31.9  0.3315
           31.92  0.5432
           31.94  0.4251
           31.96  0.2497
           31.98  0.2118
              32  0.2388
           32.02  0.0608
           32.04 -0.2765
           32.06 -0.4224
           32.08 -0.2832
            32.1 -0.1534
           32.12 -0.2242
           32.14 -0.3734
           32.16 -0.4628
           32.18 -0.3237
            32.2 -0.1002
           32.22  0.0617
           32.24  0.2017
           32.26  0.3543
           32.28  0.4572
            32.3  0.5626
           32.32  0.4184
           32.34 -0.0505
           32.36 -0.3802
           32.38 -0.4856
            32.4 -0.3937
           32.42 -0.3043
           32.44 -0.3743
           32.46 -0.5531
           32.48 -0.6475
            32.5  -0.559
           32.52  -0.209
           32.54  0.1949
           32.56  0.4496
           32.58  0.4825
            32.6  0.2978
           32.62  0.0937
           32.64 -0.0353
           32.66 -0.1053
           32.68 -0.1053
            32.7 -0.0943
           32.72 -0.0547
           32.74 -0.0867
           32.76 -0.1221
           32.78 -0.1356
            32.8 -0.0142
           32.82  0.2025
           32.84  0.3197
           32.86   0.065
           32.88 -0.3288
            32.9 -0.5902
           32.92 -0.6307
           32.94 -0.3347
           32.96  0.0625
           32.98  0.1553
              33 -0.0463
           33.02 -0.4502
           33.04 -0.6846
           33.06 -0.7698
           33.08 -0.7445
            33.1 -0.7074
           33.12 -0.7327
           33.14 -0.6357
           33.16 -0.4139
           33.18 -0.1584
            33.2  0.1123
           33.22  0.2632
           33.24  0.1789
           33.26 -0.0184
           33.28 -0.1179
            33.3  0.0111
           33.32  0.2388
           33.34  0.3096
           33.36  0.0701
           33.38 -0.1753
            33.4 -0.1525
           33.42 -0.0007
           33.44  0.0853
           33.46  0.0887
           33.48 -0.1171
            33.5 -0.3237
           33.52  -0.263
           33.54 -0.0522
           33.56  0.0237
           33.58 -0.1221
            33.6 -0.2158
           33.62 -0.0716
           33.64  0.1064
           33.66  0.2852
           33.68  0.4116
            33.7  0.4268
           33.72  0.3863
           33.74  0.3998
           33.76  0.4074
           33.78   0.388
            33.8  0.3281
           33.82  0.2767
           33.84   0.329
           33.86  0.3383
           33.88  0.4024
            33.9  0.3206
           33.92  0.0145
           33.94 -0.4215
           33.96 -0.7057
           33.98 -0.6686
              34 -0.5379
           34.02  -0.494
           34.04 -0.6104
           34.06 -0.6897
           34.08 -0.5851
            34.1 -0.3667
           34.12 -0.1297
           34.14  0.0516
           34.16  0.0988
           34.18  0.0642
            34.2  0.0018
           34.22 -0.1593
           34.24  -0.333
           34.26 -0.3363
           34.28 -0.2461
            34.3 -0.0673
           34.32  0.1494
           34.34  0.2405
           34.36  0.2894
           34.38  0.3889
            34.4  0.5929
           34.42    0.77
           34.44  0.8552
           34.46  0.7936
           34.48  0.3712
            34.5   -0.15
           34.52 -0.5463
           34.54 -0.6914
           34.56 -0.4898
           34.58  0.0052
            34.6  0.4327
           34.62  0.5525
           34.64  0.5314
           34.66  0.4875
           34.68  0.4116
            34.7  0.4142
           34.72  0.3678
           34.74  0.3332
           34.76  0.3678
           34.78  0.4319
            34.8  0.4513
           34.82  0.2438
           34.84  0.0794
           34.86  0.0558
           34.88  0.1266
            34.9  0.0777
           34.92 -0.0547
           34.94 -0.2537
           34.96 -0.4283
           34.98 -0.4645
              35  -0.392
           35.02   -0.15
           35.04  0.2025
           35.06  0.4774
           35.08  0.6149
            35.1  0.5128
           35.12  0.2177
           35.14 -0.0918
           35.16 -0.2959
           35.18 -0.4148
            35.2 -0.4569
           35.22 -0.5354
           35.24 -0.6382
           35.26 -0.7108
           35.28  -0.699
            35.3 -0.3903
           35.32  0.0693
           35.34  0.3189
           35.36  0.2927
           35.38  0.0254
            35.4 -0.0825
           35.42 -0.0623
           35.44 -0.0218
           35.46 -0.0943
           35.48 -0.0606
            35.5  0.0811
           35.52  0.1671
           35.54  0.1646
           35.56  0.1165
           35.58  0.1005
            35.6  0.1308
           35.62  0.2371
           35.64  0.3796
           35.66   0.453
           35.68  0.5415
            35.7  0.5887
           35.72  0.5727
           35.74  0.4412
           35.76   0.313
           35.78  0.3307
            35.8  0.3138
           35.82  0.0271
           35.84 -0.4173
           35.86 -0.7487
           35.88 -0.7386
            35.9 -0.2824
           35.92  0.2109
           35.94  0.4622
           35.96  0.3147
           35.98  0.0069
              36 -0.0091
           36.02  0.2438
           36.04  0.5339
           36.06  0.5719
           36.08  0.3273
            36.1  0.1098
           36.12  0.0617
           36.14  0.1536
           36.16  0.1561
           36.18  0.0887
            36.2  0.1283
           36.22   0.259
           36.24  0.4268
           36.26  0.5677
           36.28  0.5997
            36.3  0.5542
           36.32   0.523
           36.34  0.2986
           36.36  0.0558
           36.38  -0.053
            36.4 -0.0201
           36.42  0.1755
           36.44  0.3163
           36.46  0.2776
           36.48  0.1283
            36.5  0.0111
           36.52  0.0153
           36.54  0.0389
           36.56 -0.0083
           36.58 -0.1475
            36.6 -0.1896
           36.62 -0.1163
           36.64 -0.0682
           36.66 -0.1011
           36.68 -0.1896
            36.7 -0.3136
           36.72 -0.3363
           36.74 -0.3473
           36.76 -0.4038
           36.78 -0.4148
            36.8  -0.408
           36.82 -0.4097
           36.84 -0.3937
           36.86 -0.2908
           36.88 -0.1921
            36.9 -0.0454
           36.92  0.2244
           36.94  0.3855
           36.96  0.4386
           36.98  0.4235
              37  0.3391
           37.02  0.2228
           37.04  0.1216
           37.06  0.0769
           37.08 -0.0454
            37.1 -0.3068
           37.12 -0.5075
           37.14 -0.4822
           37.16 -0.2478
           37.18 -0.0749
            37.2   0.017
           37.22  0.0263
           37.24   0.092
           37.26  0.2725
           37.28  0.3636
            37.3  0.2076
           37.32 -0.1694
           37.34 -0.3363
           37.36 -0.2933
           37.38 -0.2124
            37.4 -0.1323
           37.42 -0.0724
           37.44  0.0752
           37.46  0.1983
           37.48  0.2008
            37.5    0.06
           37.52  -0.139
           37.54 -0.2444
           37.56 -0.2377
           37.58 -0.1787
            37.6  -0.182
           37.62 -0.0985
           37.64 -0.0193
           37.66  0.0338
           37.68  0.0701
            37.7  0.2042
           37.72  0.4293
           37.74  0.5719
           37.76  0.7152
           37.78   0.749
            37.8  0.6714
           37.82  0.5365
           37.84  0.3526
           37.86  0.1713
           37.88   0.071
            37.9  0.1013
           37.92  0.0684
           37.94 -0.0446
           37.96 -0.1787
           37.98 -0.2158
              38 -0.0893
           38.02  0.1646
           38.04  0.2413
           38.06  0.0794
           38.08 -0.1702
            38.1 -0.3313
           38.12  -0.435
           38.14 -0.5016
           38.16 -0.5042
           38.18 -0.4181
            38.2 -0.3321
           38.22  -0.322
           38.24  -0.349
           38.26 -0.4333
           38.28 -0.3718
            38.3 -0.0817
           38.32  0.1958
           38.34  0.2877
           38.36  0.1772
           38.38  0.0617
            38.4   0.071
           38.42  0.2312
           38.44  0.3973
           38.46  0.5626
           38.48  0.6621
            38.5  0.5415
           38.52     0.2
           38.54  -0.064
           38.56 -0.1255
           38.58  0.0861
            38.6  0.2034
           38.62  0.1865
           38.64  0.0777
           38.66  0.0145
           38.68  0.1055
            38.7  0.2877
           38.72  0.2911
           38.74  -0.069
           38.76 -0.4839
           38.78 -0.7892
            38.8 -0.8077
           38.82 -0.5337
           38.84   0.033
           38.86  0.4833
           38.88  0.6452
            38.9  0.6031
           38.92  0.3315
           38.94 -0.0176
           38.96  -0.279
           38.98 -0.4207
              39 -0.3861
           39.02 -0.1727
           39.04  0.1553
           39.06  0.3669
           39.08  0.4547
            39.1  0.5887
           39.12  0.6562
           39.14  0.7675
           39.16  0.8544
           39.18  0.8746
            39.2  0.8417
           39.22  0.7861
           39.24  0.7287
           39.26  0.3239
           39.28  -0.139
            39.3 -0.5084
           39.32 -0.6728
           39.34 -0.5008
           39.36 -0.1399
           39.38  0.1089
            39.4  0.0996
           39.42 -0.0859
           39.44 -0.1061
           39.46   0.033
           39.48   0.227
            39.5  0.1907
           39.52  0.0035
           39.54 -0.2368
           39.56 -0.3777
           39.58 -0.3288
            39.6 -0.1601
           39.62   0.001
           39.64  0.0018
           39.66 -0.0943
           39.68 -0.1711
            39.7 -0.2436
           39.72 -0.2326
           39.74 -0.1432
           39.76 -0.1812
           39.78 -0.2512
            39.8 -0.3321
           39.82 -0.3304
           39.84 -0.1778
           39.86  0.0102
           39.88  0.1789
            39.9  0.2514
           39.92  0.1983
           39.94  0.0541
           39.96 -0.0606
           39.98  0.0229
              40  0.1418
           40.02  0.0145
           40.04 -0.2495
           40.06 -0.4755
           40.08 -0.5632
            40.1 -0.5548
           40.12 -0.5438
           40.14 -0.6526
           40.16 -0.7715
           40.18 -0.8684
            40.2 -0.8752
           40.22  -0.747
           40.24 -0.4308
           40.26  -0.112
           40.28  0.0136
            40.3 -0.0589
           40.32 -0.2613
           40.34 -0.4814
           40.36  -0.645
           40.38 -0.7183
            40.4 -0.6526
           40.42 -0.3667
           40.44 -0.1129
           40.46 -0.0226
           40.48 -0.0977
            40.5 -0.1534
           40.52 -0.2048
           40.54  -0.177
           40.56 -0.0952
           40.58 -0.0758
            40.6 -0.1778
           40.62 -0.2638
           40.64 -0.2174
           40.66  -0.112
           40.68 -0.0083
            40.7  0.1005
           40.72   0.103
           40.74 -0.0901
           40.76 -0.3068
           40.78 -0.3751
            40.8 -0.3228
           40.82 -0.1171
           40.84  0.1814
           40.86  0.3838
           40.88  0.4656
            40.9  0.5204
           40.92  0.5643
           40.94  0.5407
           40.96   0.431
           40.98  0.2658
              41  0.1114
           41.02 -0.0471
           41.04 -0.2908
           41.06 -0.4966
           41.08 -0.5607
            41.1 -0.4106
           41.12 -0.1449
           41.14 -0.0066
           41.16  0.0263
           41.18 -0.0479
            41.2 -0.1078
           41.22 -0.1028
           41.24 -0.0614
           41.26 -0.0926
           41.28 -0.1871
            41.3 -0.1871
           41.32 -0.1247
           41.34 -0.0538
           41.36  0.0532
           41.38  0.1022
            41.4  0.0094
           41.42  -0.139
           41.44 -0.2419
           41.46 -0.3094
           41.48 -0.1938
            41.5  0.0507
           41.52  0.2219
           41.54  0.2514
           41.56  0.2464
           41.58  0.2421
            41.6  0.2464
           41.62  0.2244
           41.64  0.1519
           41.66  0.0979
           41.68    0.13
            41.7  0.2109
           41.72  0.2632
           41.74  0.2135
           41.76  0.1426
           41.78  0.0996
            41.8  0.0895
           41.82  0.0878
           41.84  0.1266
           41.86  0.1764
           41.88   0.216
            41.9  0.2565
           41.92  0.3501
           41.94  0.4471
           41.96  0.5187
           41.98   0.566
              42  0.5837
           42.02   0.313
           42.04 -0.1095
           42.06 -0.3996
           42.08 -0.5328
            42.1 -0.4612
           42.12 -0.3355
           42.14 -0.2916
           42.16  -0.349
           42.18 -0.4198
            42.2 -0.4055
           42.22 -0.3667
           42.24 -0.2512
           42.26   -0.08
           42.28  0.0136
            42.3  0.0684
           42.32  0.1376
           42.34  0.1941
           42.36  0.2396
           42.38  0.2438
            42.4  0.1275
           42.42  -0.037
           42.44 -0.1179
           42.46 -0.0631
           42.48 -0.0125
            42.5  0.0381
           42.52  0.0077
           42.54 -0.1491
           42.56 -0.3355
           42.58 -0.4645
            42.6 -0.5008
           42.62 -0.4561
           42.64 -0.3228
           42.66  -0.096
           42.68  0.0937
            42.7  0.1983
           42.72  0.2329
           42.74  0.2118
           42.76  0.1966
           42.78  0.2059
            42.8  0.1924
           42.82  0.0541
           42.84 -0.1736
           42.86 -0.2874
           42.88 -0.2427
            42.9 -0.2849
           42.92 -0.3844
           42.94 -0.4139
           42.96 -0.2967
           42.98 -0.0994
              43 -0.0277
           43.02 -0.1685
           43.04 -0.2596
           43.06 -0.0412
           43.08  0.2902
            43.1  0.4951
           43.12  0.4032
           43.14  0.1241
           43.16  0.0136
           43.18  0.0954
            43.2  0.2599
           43.22  0.2236
           43.24 -0.0176
           43.26 -0.2579
           43.28 -0.3886
            43.3 -0.3937
           43.32 -0.3633
           43.34 -0.2883
           43.36 -0.2621
           43.38 -0.2014
            43.4 -0.0479
           43.42  0.0625
           43.44  0.0802
           43.46 -0.0319
           43.48 -0.1036
            43.5 -0.0471
           43.52  0.0288
           43.54  0.0726
           43.56  0.0558
           43.58  0.0473
            43.6  0.1477
           43.62  0.3197
           43.64   0.474
           43.66  0.3475
           43.68 -0.0311
            43.7 -0.2706
           43.72 -0.3288
           43.74  -0.225
           43.76 -0.0606
           43.78  0.0499
            43.8  0.1022
           43.82  0.2202
           43.84  0.3577
           43.86  0.3889
           43.88  0.3526
            43.9  0.2599
           43.92  0.1629
           43.94  0.1646
           43.96   0.248
           43.98  0.2506
              44  0.1722
           44.02  0.0322
           44.04 -0.1399
           44.06 -0.2436
           44.08 -0.3465
            44.1 -0.4097
           44.12 -0.3228
           44.14 -0.0623
           44.16  0.1148
           44.18  0.1772
            44.2  0.1207
           44.22 -0.0041
           44.24 -0.1044
           44.26 -0.1997
           44.28 -0.3102
            44.3 -0.3962
           44.32 -0.3574
           44.34 -0.1373
           44.36  0.0996
           44.38  0.3239
            44.4  0.4639
           44.42  0.4243
           44.44  0.2632
           44.46  0.1182
           44.48  0.0305
            44.5 -0.0547
           44.52 -0.0673
           44.54 -0.0395
           44.56 -0.0075
           44.58 -0.0336
            44.6 -0.1407
           44.62 -0.2672
           44.64 -0.3001
           44.66   -0.22
           44.68 -0.0901
            44.7 -0.0336
           44.72 -0.0142
           44.74  0.0684
           44.76  0.2362
           44.78  0.3602
            44.8  0.4547
           44.82  0.4842
           44.84  0.4066
           44.86  0.2877
           44.88  0.1705
            44.9  0.0912
           44.92  0.1241
           44.94  0.2211
           44.96  0.3155
           44.98  0.3484
              45  0.3855
           45.02  0.4201
           45.04  0.4327
           45.06  0.3324
           45.08  0.1317
            45.1 -0.0429
           45.12 -0.0403
           45.14  0.0912
           45.16  0.2236
           45.18   0.318
            45.2  0.3906
           45.22  0.3981
           45.24  0.2405
           45.26 -0.0151
           45.28 -0.2174
            45.3 -0.3001
           45.32 -0.3094
           45.34 -0.3009
           45.36 -0.2554
           45.38 -0.1618
            45.4 -0.0808
           45.42  0.0094
           45.44  0.0752
           45.46  0.1089
           45.48   0.157
            45.5  0.1755
           45.52  0.1232
           45.54  0.1081
           45.56  0.1376
           45.58   0.184
            45.6  0.1806
           45.62  0.1772
           45.64  0.2346
           45.66  0.1789
           45.68  0.0263
            45.7 -0.1643
           45.72 -0.3077
           45.74 -0.3094
           45.76 -0.2301
           45.78 -0.1761
            45.8 -0.2343
           45.82  -0.279
           45.84 -0.2073
           45.86 -0.1002
           45.88  -0.064
            45.9 -0.1163
           45.92 -0.1609
           45.94 -0.1609
           45.96 -0.1028
           45.98 -0.0909
              46 -0.1272
           46.02 -0.1955
           46.04 -0.2174
           46.06 -0.1137
           46.08  0.0701
            46.1  0.2725
           46.12  0.4184
           46.14  0.4344
           46.16  0.3509
           46.18  0.3071
            46.2  0.3408
           46.22  0.3729
           46.24  0.3838
           46.26  0.3906
           46.28  0.3712
            46.3   0.345
           46.32  0.2868
           46.34  0.2059
           46.36  0.0912
           46.38 -0.0336
            46.4 -0.2082
           46.42 -0.4139
           46.44 -0.6104
           46.46 -0.7487
           46.48 -0.6914
            46.5 -0.4055
           46.52 -0.0319
           46.54  0.2868
           46.56  0.4985
           46.58  0.5854
            46.6  0.4951
           46.62  0.2582
           46.64  0.0558
           46.66 -0.0952
           46.68 -0.1635
            46.7 -0.1475
           46.72 -0.0488
           46.74  0.0929
           46.76  0.1662
           46.78  0.1603
            46.8  0.1055
           46.82  0.0769
           46.84  0.0996
           46.86   0.146
           46.88   0.184
            46.9  0.2143
           46.92  0.2792
           46.94   0.372
           46.96  0.4353
           46.98  0.4783
              47  0.4816
           47.02  0.3939
           47.04  0.2582
           47.06  0.1629
           47.08  0.1317
            47.1  0.1738
           47.12  0.2396
           47.14  0.2362
           47.16  0.1047
           47.18 -0.0547
            47.2  -0.112
           47.22 -0.0345
           47.24  0.0904
           47.26   0.146
           47.28  0.1376
            47.3   0.044
           47.32  0.0035
           47.34  0.0828
           47.36   0.146
           47.38  0.0811
            47.4 -0.0909
           47.42 -0.2461
           47.44  -0.295
           47.46 -0.2554
           47.48 -0.2174
            47.5 -0.2512
           47.52 -0.2765
           47.54  -0.177
           47.56 -0.0353
           47.58  0.0161
            47.6 -0.1044
           47.62 -0.2866
           47.64 -0.3574
           47.66 -0.2916
           47.68 -0.1989
            47.7 -0.1677
           47.72 -0.2023
           47.74 -0.2352
           47.76  -0.209
           47.78 -0.0741
            47.8  0.0769
           47.82  0.1814
           47.84  0.2017
           47.86  0.1629
           47.88  0.1275
            47.9  0.1106
           47.92  0.1131
           47.94  0.0946
           47.96  0.0566
           47.98  0.0128
              48 -0.0926
           48.02 -0.2301
           48.04  -0.365
           48.06 -0.4224
           48.08 -0.3895
            48.1 -0.2891
           48.12 -0.2267
           48.14 -0.2183
           48.16 -0.1921
           48.18 -0.0775
            48.2  0.1055
           48.22   0.227
           48.24  0.2303
           48.26  0.1418
           48.28  0.0558
            48.3    0.06
           48.32  0.1038
           48.34   0.017
           48.36 -0.1112
           48.38 -0.1584
            48.4 -0.1238
           48.42 -0.0269
           48.44  0.0263
           48.46  0.0296
           48.48  0.0043
            48.5  0.0499
           48.52  0.1291
           48.54  0.1553
           48.56  0.0558
           48.58 -0.0783
            48.6 -0.1491
           48.62 -0.1576
           48.64 -0.1399
           48.66 -0.0985
           48.68  0.0153
            48.7  0.1772
           48.72  0.3062
           48.74  0.3475
           48.76  0.3138
           48.78  0.1899
            48.8 -0.0429
           48.82  -0.263
           48.84 -0.4131
           48.86 -0.5008
           48.88  -0.559
            48.9  -0.607
           48.92 -0.6113
           48.94  -0.478
           48.96   -0.22
           48.98 -0.0024
              49  0.1098
           49.02  0.1283
           49.04   0.087
           49.06   0.044
           49.08  0.0423
            49.1  0.0937
           49.12  0.1494
           49.14  0.1005
           49.16 -0.0547
           49.18 -0.2217
            49.2 -0.3254
           49.22 -0.3397
           49.24 -0.2959
           49.26 -0.2672
           49.28 -0.2723
            49.3 -0.2697
           49.32 -0.1736
           49.34 -0.0614
           49.36 -0.0285
           49.38 -0.0775
            49.4 -0.1272
           49.42  -0.139
           49.44 -0.1837
           49.46 -0.2841
           49.48 -0.3971
            49.5 -0.4848
           49.52 -0.4772
           49.54 -0.3844
           49.56 -0.2782
           49.58 -0.2436
            49.6 -0.3153
           49.62 -0.4055
           49.64 -0.4662
           49.66 -0.5042
           49.68 -0.5463
            49.7 -0.5919
           49.72  -0.618
           49.74 -0.5944
           49.76 -0.4814
           49.78 -0.2916
            49.8 -0.1238
           49.82  0.0052
           49.84  0.1384
           49.86  0.3012
           49.88  0.4479
            49.9  0.5179
           49.92  0.4884
           49.94  0.3872
           49.96  0.2708
           49.98  0.1468
              50 -0.0134
           50.02 -0.1736
           50.04 -0.2857
           50.06 -0.3068
           50.08 -0.2857
            50.1 -0.2916
           50.12 -0.3456
           50.14 -0.3928
           50.16 -0.3709
           50.18 -0.2478
            50.2 -0.0834
           50.22  0.0389
           50.24  0.0726
           50.26  0.0473
           50.28 -0.0108
            50.3 -0.0699
           50.32 -0.1407
           50.34 -0.2073
           50.36 -0.2765
           50.38 -0.3355
            50.4 -0.3414
           50.42 -0.2723
           50.44 -0.1626
           50.46 -0.1011
           50.48 -0.0876
            50.5 -0.0302
           50.52  0.1182
           50.54  0.2944
           50.56  0.4833
           50.58   0.614
            50.6  0.6376
           50.62  0.5584
           50.64  0.3922
           50.66  0.2126
           50.68  0.0743
            50.7 -0.0353
           50.72 -0.1483
           50.74 -0.2588
           50.76 -0.3127
           50.78 -0.2891
            50.8 -0.1736
           50.82  0.0161
           50.84  0.1814
           50.86  0.2683
           50.88  0.2548
            50.9  0.1781
           50.92  0.1401
           50.94  0.1325
           50.96  0.0887
           50.98 -0.0269
              51 -0.1213
           51.02 -0.1475
           51.04 -0.1095
           51.06 -0.0867
           51.08 -0.0716
            51.1 -0.0395
           51.12  0.0288
           51.14  0.0895
           51.16  0.0996
           51.18  0.0296
            51.2  -0.064
           51.22 -0.1297
           51.24 -0.1483
           51.26 -0.1365
           51.28 -0.0513
            51.3   0.103
           51.32  0.2792
           51.34  0.3922
           51.36   0.426
           51.38  0.4108
            51.4  0.3754
           51.42  0.3357
           51.44  0.2995
           51.46  0.2228
           51.48  0.1241
            51.5   0.044
           51.52 -0.0049
           51.54  0.0043
           51.56  0.0254
           51.58  0.0524
            51.6  0.0904
           51.62  0.1114
           51.64   0.141
           51.66  0.1848
           51.68  0.2177
            51.7   0.184
           51.72  0.0735
           51.74 -0.0597
           51.76 -0.1989
           51.78 -0.2824
            51.8 -0.2697
           51.82 -0.1137
           51.84  0.0878
           51.86  0.1924
           51.88  0.2042
            51.9  0.1705
           51.92  0.1426
           51.94  0.1452
           51.96  0.1283
           51.98  0.1089
              52  0.1098
           52.02  0.1418
           52.04  0.1688
           52.06  0.1553
           52.08  0.1393
            52.1  0.1216
           52.12  0.1089
           52.14   0.103
           52.16  0.1148
           52.18  0.1376
            52.2  0.1688
           52.22  0.2219
           52.24    0.27
           52.26  0.2371
           52.28  0.1401
            52.3  0.0794
           52.32  0.0743
           52.34  0.0667
           52.36   0.049
           52.38  0.0423
            52.4  0.0752
           52.42  0.1561
           52.44  0.2362
           52.46  0.2649
           52.48  0.2455
            52.5  0.2084
           52.52  0.2135
           52.54  0.2582
           52.56  0.2894
           52.58  0.2911
            52.6  0.2784
           52.62  0.2835
           52.64  0.3003
           52.66  0.2986
           52.68  0.2185
            52.7  0.1114
           52.72  0.0398
           52.74  0.0052
           52.76  0.0077
           52.78  0.0018
            52.8 -0.0479
           52.82 -0.1272
           52.84 -0.1609
           52.86 -0.1264
           52.88 -0.0412
            52.9  0.0229
           52.92  0.0448
           52.94  0.0448
           52.96  0.0575
           52.98  0.0558
              53   0.033
           53.02   0.001
           53.04 -0.0412
           53.06 -0.0454
           53.08 -0.0235
            53.1  0.0229
           53.12  0.0634
           53.14  0.0558
           53.16 -0.0049
           53.18 -0.0825
            53.2 -0.1154
           53.22 -0.0758
           53.24  0.0204
           53.26  0.1435
           53.28  0.2438
            53.3  0.3045
           53.32  0.3281
           53.34  0.3113
           53.36  0.2742
           53.38  0.2295
            53.4  0.1831
           53.42  0.1199
           53.44  0.0516
           53.46   0.017
           53.48  0.0018
            53.5   -0.01
           53.52 -0.0184
           53.54 -0.0125
           53.56  0.0389
           53.58  0.1317
            53.6  0.2253
           53.62  0.2877
           53.64  0.2902
           53.66  0.2278
           53.68  0.1705
            53.7  0.1797
           53.72  0.2514
           53.74   0.318
           53.76  0.3433
           53.78  0.3206
            53.8  0.2742
           53.82  0.2531
           53.84  0.2683
           53.86  0.2927
           53.88  0.3079
            53.9  0.3155
           53.92  0.3062
           53.94  0.2809
           53.96  0.2447
           53.98  0.1924
              54   0.146
           54.02  0.1241
           54.04  0.1317
           54.06  0.1283
           54.08  0.0811
            54.1  0.0355
           54.12   0.022
           54.14  0.0381
           54.16  0.0448
           54.18 -0.0007
            54.2 -0.0766
           54.22 -0.1365
           54.24 -0.1677
           54.26 -0.1719
           54.28 -0.1727
            54.3 -0.1702
           54.32 -0.1593
           54.34 -0.1424
           54.36 -0.1179
           54.38  -0.096
            54.4 -0.0842
           54.42 -0.0682
           54.44 -0.0387
           54.46 -0.0083
           54.48  0.0288
            54.5  0.0659
           54.52  0.0659
           54.54  0.0271
           54.56 -0.0033
           54.58  0.0027
            54.6  0.0381
           54.62  0.0482
           54.64   0.006
           54.66 -0.0454
           54.68 -0.0454
            54.7 -0.0007
           54.72  0.0381
           54.74  0.0499
           54.76  0.0701
           54.78  0.1148
            54.8  0.1494
           54.82  0.1435
           54.84  0.0811
           54.86 -0.0007
           54.88 -0.0454
            54.9 -0.0547
           54.92 -0.0505
           54.94 -0.0454
           54.96 -0.0294
           54.98 -0.0184
              55 -0.0243
           55.02 -0.0285
           55.04 -0.0193
           55.06  0.0178
           55.08  0.0271
            55.1 -0.0041
           55.12 -0.0522
           55.14 -0.0716
           55.16 -0.0564
           55.18 -0.0285
            55.2 -0.0142
           55.22 -0.0285
           55.24 -0.0724
           55.26 -0.1281
           55.28 -0.1753
            55.3 -0.2141
           55.32 -0.2512
           55.34 -0.2874
           55.36 -0.3144
           55.38 -0.3431
            55.4 -0.3625
           55.42 -0.3912
           55.44   -0.43
           55.46 -0.4713
           55.48 -0.5084
            55.5 -0.5278
           55.52 -0.5185
           55.54 -0.4772
           55.56 -0.4283
           55.58 -0.3802
            55.6 -0.3372
           55.62 -0.3035
           55.64 -0.2731
           55.66 -0.2352
           55.68 -0.1964
            55.7 -0.1669
           55.72 -0.1584
           55.74 -0.1744
           55.76 -0.1905
           55.78 -0.1761
            55.8 -0.1306
           55.82 -0.0749
           55.84 -0.0463
           55.86 -0.0471
           55.88 -0.0538
            55.9 -0.0429
           55.92 -0.0311
           55.94 -0.0328
           55.96 -0.0522
           55.98 -0.0791
              56 -0.0969
           56.02 -0.0918
           56.04 -0.0741
           56.06 -0.0581
           56.08 -0.0454
            56.1  -0.053
           56.12 -0.0682
           56.14 -0.0732
           56.16 -0.0842
           56.18 -0.1129
            56.2 -0.1584
           56.22 -0.2124
           56.24 -0.2444
           56.26  -0.252
           56.28  -0.225
            56.3 -0.1913
           56.32 -0.1491
           56.34 -0.1036
           56.36 -0.0699
           56.38 -0.0522
            56.4 -0.0437
           56.42 -0.0311
           56.44  0.0018
           56.46  0.0406
           56.48  0.0718
            56.5  0.0946
           56.52  0.1165
           56.54  0.1342
           56.56  0.1452
           56.58  0.1426
            56.6  0.1367
           56.62  0.1342
           56.64   0.141
           56.66  0.1435
           56.68   0.135
            56.7  0.1308
           56.72  0.1367
           56.74  0.1342
           56.76  0.0971
           56.78  0.0431
            56.8  0.0372
           56.82   0.065
           56.84  0.0752
           56.86  0.0423
           56.88 -0.0184
            56.9 -0.0791
           56.92 -0.0977
           56.94 -0.0741
           56.96 -0.0387
           56.98 -0.0235
              57 -0.0041
           57.02  0.0271
           57.04  0.0583
           57.06  0.0887
           57.08  0.1047
            57.1  0.1022
           57.12  0.0853
           57.14  0.0659
           57.16  0.0625
           57.18  0.0726
            57.2  0.0777
           57.22   0.065
           57.24  0.0414
           57.26 -0.0066
           57.28 -0.0665
            57.3 -0.1171
           57.32 -0.1576
           57.34 -0.1862
           57.36 -0.2132
           57.38 -0.2461
            57.4 -0.2638
           57.42 -0.2605
           57.44 -0.2402
           57.46 -0.2326
           57.48 -0.2512
            57.5 -0.2883
           57.52 -0.3271
           57.54 -0.3524
           57.56 -0.3507
           57.58 -0.3245
            57.6 -0.2613
           57.62 -0.1449
           57.64 -0.0302
           57.66   0.033
           57.68  0.0313
            57.7  0.0111
           57.72  0.0001
           57.74  0.0052
           57.76  0.0018
           57.78 -0.0108
            57.8 -0.0387
           57.82 -0.0623
           57.84 -0.0657
           57.86 -0.0446
           57.88  0.0001
            57.9  0.0457
           57.92  0.0853
           57.94  0.1098
           57.96  0.1089
           57.98  0.0878
              58  0.0726
           58.02  0.0802
           58.04  0.1165
           58.06  0.1553
           58.08  0.1688
            58.1  0.1561
           58.12  0.1224
           58.14  0.0676
           58.16  0.0027
           58.18 -0.0564
            58.2 -0.0943
           58.22 -0.0985
           58.24  -0.053
           58.26  0.0035
           58.28  0.0305
            58.3  0.0372
           58.32  0.0128
           58.34 -0.0437
           58.36 -0.1087
           58.38 -0.1643
            58.4 -0.1812
           58.42 -0.1238
           58.44 -0.0269
           58.46  0.0448
           58.48  0.0828
            58.5  0.0979
           58.52  0.0954
           58.54  0.0583
           58.56 -0.0049
           58.58 -0.0867
            58.6  -0.134
           58.62 -0.1103
           58.64  -0.053
           58.66 -0.0041
           58.68  0.0237
            58.7  0.0364
           58.72  0.0305
           58.74  0.0119
           58.76  0.0187
           58.78  0.0575
            58.8  0.1038
           58.82  0.1334
           58.84  0.1283
           58.86  0.0988
           58.88   0.071
            58.9  0.0355
           58.92   0.006
           58.94 -0.0024
           58.96 -0.0024
           58.98 -0.0302
              59 -0.1171
           59.02 -0.2259
           59.04 -0.2807
           59.06 -0.2335
           59.08 -0.1221
            59.1 -0.0319
           59.12 -0.0049
           59.14 -0.0159
           59.16 -0.0125
           59.18  0.0204
            59.2  0.0473
           59.22  0.0549
           59.24  0.0457
           59.26  0.0406
           59.28  0.0398
            59.3   0.033
           59.32  0.0119
           59.34 -0.0083
           59.36 -0.0269
           59.38  -0.037
            59.4 -0.0345
           59.42  -0.026
           59.44  -0.021
           59.46 -0.0083
           59.48  0.0119
            59.5  0.0457
           59.52  0.0904
           59.54  0.1342
           59.56  0.1612
           59.58  0.1713
            59.6   0.162
           59.62  0.1452
           59.64   0.087
           59.66   0.006
           59.68 -0.0403
            59.7 -0.0395
           59.72 -0.0108
           59.74 -0.0134
           59.76 -0.0454
           59.78 -0.0749
            59.8 -0.0707
           59.82 -0.0513
           59.84 -0.0547
           59.86 -0.0817
           59.88 -0.1053
            59.9 -0.1095
           59.92  -0.112
           59.94 -0.1306
           59.96 -0.1348
           59.98 -0.0909
              60 -0.0167
