               0  -0.002
            0.02 -0.0002
            0.04 -0.0002
            0.06  0.0007
            0.08  0.0042
             0.1 -0.0002
            0.12 -0.0002
            0.14 -0.0002
            0.16  0.0024
            0.18  0.0016
             0.2  0.0007
            0.22 -0.0011
            0.24  0.0024
            0.26  0.0016
            0.28 -0.0011
             0.3  0.0024
            0.32  -0.002
            0.34  -0.002
            0.36 -0.0029
            0.38   0.006
             0.4   0.006
            0.42 -0.0037
            0.44 -0.0064
            0.46  0.0033
            0.48  0.0016
             0.5 -0.0002
            0.52 -0.0064
            0.54 -0.0011
            0.56  0.0042
            0.58  0.0016
             0.6  0.0051
            0.62  0.0016
            0.64   0.006
            0.66  0.0051
            0.68  0.0024
             0.7  -0.002
            0.72 -0.0064
            0.74 -0.0029
            0.76  0.0007
            0.78 -0.0064
             0.8  -0.009
            0.82 -0.0064
            0.84  -0.002
            0.86 -0.0037
            0.88  0.0033
             0.9  0.0016
            0.92 -0.0029
            0.94   0.006
            0.96  0.0042
            0.98  0.0051
               1  0.0042
            1.02 -0.0011
            1.04  0.0024
            1.06  0.0139
            1.08  0.0086
             1.1  0.0024
            1.12  0.0077
            1.14  0.0016
            1.16  0.0007
            1.18  0.0042
             1.2  0.0139
            1.22  0.0095
            1.24  0.0051
            1.26  -0.017
            1.28 -0.0082
             1.3  0.0077
            1.32 -0.0046
            1.34 -0.0152
            1.36 -0.0029
            1.38 -0.0046
             1.4 -0.0046
            1.42  -0.009
            1.44  -0.017
            1.46 -0.0002
            1.48 -0.0029
             1.5  0.0042
            1.52   0.006
            1.54  0.0077
            1.56  0.0042
            1.58   0.006
             1.6 -0.0002
            1.62  0.0086
            1.64  0.0201
            1.66  0.0095
            1.68 -0.0055
             1.7  0.0024
            1.72  0.0184
            1.74  0.0139
            1.76 -0.0011
            1.78  0.0042
             1.8  0.0033
            1.82  0.0007
            1.84 -0.0055
            1.86 -0.0197
            1.88 -0.0073
             1.9  -0.009
            1.92 -0.0214
            1.94 -0.0099
            1.96  0.0024
            1.98  0.0042
               2  0.0042
            2.02  0.0033
            2.04  0.0042
            2.06  0.0175
            2.08  0.0122
             2.1 -0.0064
            2.12 -0.0064
            2.14  0.0016
            2.16  0.0139
            2.18  0.0122
             2.2 -0.0223
            2.22  0.0122
            2.24   0.021
            2.26 -0.0029
            2.28 -0.0055
             2.3 -0.0108
            2.32 -0.0073
            2.34 -0.0011
            2.36 -0.0197
            2.38 -0.0258
             2.4  0.0113
            2.42  0.0237
            2.44  0.0254
            2.46  0.0237
            2.48   0.013
             2.5 -0.0011
            2.52  0.0051
            2.54  0.0148
            2.56  0.0113
            2.58  0.0077
             2.6  0.0051
            2.62   0.013
            2.64  0.0166
            2.66 -0.0152
            2.68 -0.0126
             2.7 -0.0152
            2.72 -0.0205
            2.74   0.013
            2.76   0.013
            2.78 -0.0046
             2.8 -0.0214
            2.82 -0.0364
            2.84 -0.0188
            2.86 -0.0029
            2.88  0.0148
             2.9  0.0272
            2.92  0.0113
            2.94   0.013
            2.96  0.0254
            2.98  0.0458
               3  0.0272
            3.02 -0.0002
            3.04  0.0113
            3.06  0.0404
            3.08  0.0175
             3.1 -0.0356
            3.12 -0.0241
            3.14 -0.0029
            3.16  0.0033
            3.18 -0.0152
             3.2 -0.0435
            3.22 -0.0471
            3.24  0.0122
            3.26 -0.0197
            3.28  -0.017
             3.3  0.0387
            3.32  0.0466
            3.34  0.0413
            3.36  0.0413
            3.38 -0.0073
             3.4 -0.0064
            3.42  0.0281
            3.44  0.0263
            3.46  0.0042
            3.48  0.0033
             3.5 -0.0099
            3.52 -0.0135
            3.54 -0.0276
            3.56  -0.009
            3.58  0.0122
             3.6 -0.0276
            3.62 -0.0497
            3.64 -0.0152
            3.66  0.0157
            3.68  0.0051
             3.7  0.0299
            3.72   0.044
            3.74  0.0537
            3.76  0.0714
            3.78  0.0024
             3.8 -0.0753
            3.82  0.0033
            3.84  0.0396
            3.86  0.0254
            3.88  0.0431
             3.9  0.0166
            3.92 -0.0232
            3.94 -0.0205
            3.96 -0.0435
            3.98 -0.0541
               4  0.0104
            4.02  0.0334
            4.04 -0.0037
            4.06 -0.0258
            4.08 -0.0347
             4.1 -0.0382
            4.12  0.0113
            4.14  0.0254
            4.16   0.044
            4.18  0.0626
             4.2  0.0334
            4.22  0.0086
            4.24 -0.0258
            4.26  0.0166
            4.28  0.0608
             4.3  0.0493
            4.32  0.0307
            4.34  0.0007
            4.36 -0.0002
            4.38  0.0095
             4.4 -0.0364
            4.42 -0.0639
            4.44 -0.0126
            4.46  0.0767
            4.48  0.0767
             4.5 -0.0029
            4.52 -0.0674
            4.54 -0.0258
            4.56  0.0033
            4.58 -0.0037
             4.6 -0.0197
            4.62   0.013
            4.64  0.0732
            4.66  0.0466
            4.68 -0.0364
             4.7  -0.063
            4.72 -0.0241
            4.74  0.0095
            4.76 -0.0135
            4.78  0.0024
             4.8  0.0192
            4.82  0.0051
            4.84  0.0219
            4.86  0.0219
            4.88  0.0555
             4.9  0.0537
            4.92 -0.0144
            4.94 -0.0453
            4.96 -0.0418
            4.98  -0.063
               5 -0.0603
            5.02 -0.0108
            5.04  0.0299
            5.06  0.0749
            5.08  0.0104
             5.1 -0.1116
            5.12 -0.0692
            5.14  0.0237
            5.16  0.0431
            5.18   0.006
             5.2  0.0192
            5.22  0.0431
            5.24  0.0696
            5.26  0.0422
            5.28 -0.0939
             5.3 -0.0913
            5.32 -0.0099
            5.34  0.0316
            5.36  0.0661
            5.38  0.0334
             5.4  0.0122
            5.42 -0.0356
            5.44 -0.0647
            5.46 -0.0568
            5.48 -0.0329
             5.5  0.0245
            5.52  0.0316
            5.54  0.0016
            5.56 -0.0064
            5.58  0.0387
             5.6  0.0626
            5.62  0.0051
            5.64  -0.002
            5.66  0.0069
            5.68 -0.0356
             5.7 -0.0506
            5.72  -0.017
            5.74  0.0493
            5.76  0.0511
            5.78  0.0086
             5.8 -0.0232
            5.82 -0.0144
            5.84 -0.0232
            5.86 -0.0179
            5.88 -0.0055
             5.9 -0.0152
            5.92  -0.025
            5.94  0.0148
            5.96  0.0458
            5.98 -0.0258
               6 -0.0656
            6.02  0.0139
            6.04  0.0564
            6.06  0.0714
            6.08  0.0802
             6.1  0.0316
            6.12 -0.0409
            6.14  -0.025
            6.16  0.0104
            6.18  0.0095
             6.2   0.006
            6.22 -0.0241
            6.24 -0.0294
            6.26  0.0042
            6.28 -0.0037
             6.3  -0.063
            6.32 -0.0674
            6.34 -0.0444
            6.36 -0.0356
            6.38 -0.0223
             6.4 -0.0117
            6.42 -0.0135
            6.44  0.0404
            6.46  0.0776
            6.48  0.0069
             6.5 -0.0444
            6.52 -0.0037
            6.54  0.0184
            6.56 -0.0029
            6.58 -0.0435
             6.6 -0.0356
            6.62  0.0254
            6.64  0.0343
            6.66 -0.0418
            6.68 -0.0258
             6.7  0.0343
            6.72  0.0148
            6.74  0.0086
            6.76   0.006
            6.78 -0.0099
             6.8 -0.0241
            6.82  0.0077
            6.84  0.0802
            6.86    0.09
            6.88  0.0723
             6.9  0.0033
            6.92 -0.0877
            6.94 -0.0586
            6.96   0.006
            6.98  0.0201
               7 -0.0011
            7.02  -0.009
            7.04 -0.0135
            7.06 -0.0179
            7.08 -0.0409
             7.1 -0.0541
            7.12 -0.0064
            7.14  0.0272
            7.16  0.0122
            7.18  0.0016
             7.2  0.0316
            7.22  0.0352
            7.24  0.0095
            7.26  0.0466
            7.28  0.1059
             7.3  0.0979
            7.32  0.0024
            7.34 -0.0488
            7.36 -0.0223
            7.38  0.0316
             7.4  0.0122
            7.42 -0.0373
            7.44 -0.0258
            7.46   0.013
            7.48 -0.0258
             7.5  -0.116
            7.52 -0.1222
            7.54   -0.04
            7.56   0.021
            7.58 -0.0188
             7.6 -0.0267
            7.62  0.0237
            7.64  0.1023
            7.66  0.0802
            7.68 -0.0276
             7.7  -0.063
            7.72  0.0184
            7.74   0.059
            7.76  0.0237
            7.78  -0.009
             7.8 -0.0117
            7.82 -0.0594
            7.84 -0.1063
            7.86 -0.0426
            7.88  0.0299
             7.9  0.0157
            7.92 -0.0453
            7.94 -0.0409
            7.96  0.0201
            7.98  0.0422
               8   0.044
            8.02   0.059
            8.04   0.067
            8.06  0.0599
            8.08  0.0104
             8.1 -0.0364
            8.12 -0.0426
            8.14  0.0184
            8.16  0.0024
            8.18  -0.017
             8.2 -0.0117
            8.22  -0.055
            8.24 -0.0639
            8.26 -0.0745
            8.28 -0.0347
             8.3  0.0643
            8.32  0.1218
            8.34  0.0573
            8.36 -0.0179
            8.38  0.0157
             8.4  0.0396
            8.42  0.0316
            8.44  0.0537
            8.46  0.0997
            8.48  0.1182
             8.5  0.0475
            8.52 -0.0276
            8.54 -0.0338
            8.56 -0.0082
            8.58  0.0139
             8.6  0.0201
            8.62  0.0122
            8.64 -0.0029
            8.66  0.0051
            8.68  0.0086
             8.7 -0.0656
            8.72 -0.0586
            8.74 -0.0258
            8.76 -0.0152
            8.78 -0.0356
             8.8   -0.04
            8.82 -0.0126
            8.84  0.0201
            8.86   0.029
            8.88  0.0307
             8.9  0.0086
            8.92 -0.0426
            8.94 -0.0338
            8.96   0.036
            8.98  0.1209
               9  0.1076
            9.02 -0.0329
            9.04 -0.1257
            9.06 -0.0745
            9.08 -0.0223
             9.1 -0.0471
            9.12 -0.0948
            9.14 -0.0798
            9.16 -0.0011
            9.18  0.0307
             9.2 -0.0692
            9.22 -0.1531
            9.24 -0.1673
            9.26 -0.0603
            9.28  0.0122
             9.3 -0.0444
            9.32 -0.1089
            9.34 -0.0603
            9.36  0.0723
            9.38  0.1686
             9.4  0.0767
            9.42 -0.1231
            9.44 -0.1726
            9.46 -0.0364
            9.48  0.1218
             9.5  0.1554
            9.52   0.029
            9.54 -0.0382
            9.56  0.0299
            9.58  0.0829
             9.6 -0.0144
            9.62 -0.1213
            9.64 -0.0117
            9.66  0.1837
            9.68  0.1722
             9.7 -0.0214
            9.72 -0.2574
            9.74 -0.2132
            9.76 -0.0002
            9.78  0.0422
             9.8  -0.086
            9.82 -0.2371
            9.84 -0.1708
            9.86  0.0847
            9.88  0.1987
             9.9  0.0732
            9.92  -0.086
            9.94 -0.0674
            9.96  0.0723
            9.98   0.128
              10  0.0758
           10.02  0.0192
           10.04  0.0484
           10.06   0.097
           10.08   0.097
            10.1  0.0785
           10.12 -0.0073
           10.14 -0.0656
           10.16 -0.0418
           10.18 -0.0718
            10.2  -0.101
           10.22 -0.0161
           10.24  0.0864
           10.26  0.0679
           10.28  0.0245
            10.3 -0.0824
           10.32 -0.2451
           10.34 -0.2707
           10.36 -0.1876
           10.38 -0.0258
            10.4  0.1837
           10.42  0.2234
           10.44  0.1395
           10.46  -0.002
           10.48 -0.1885
            10.5 -0.3697
           10.52 -0.3017
           10.54 -0.1266
           10.56  0.0599
           10.58  0.2765
            10.6  0.2844
           10.62  0.1368
           10.64  0.0458
           10.66 -0.0506
           10.68 -0.1293
            10.7 -0.1142
           10.72 -0.1028
           10.74 -0.0983
           10.76 -0.0135
           10.78  0.0431
            10.8  0.0254
           10.82  0.1607
           10.84  0.2615
           10.86  0.2659
           10.88  0.1704
            10.9 -0.0435
           10.92 -0.1991
           10.94   -0.23
           10.96 -0.1514
           10.98 -0.0515
              11 -0.0833
           11.02 -0.0603
           11.04  0.0122
           11.06 -0.0364
           11.08 -0.0983
            11.1  -0.078
           11.12 -0.0373
           11.14  0.0696
           11.16  0.2358
           11.18   0.257
            11.2  0.1032
           11.22 -0.0029
           11.24 -0.0939
           11.26  -0.032
           11.28  0.1076
            11.3  0.1713
           11.32  0.1713
           11.34  0.0511
           11.36 -0.1178
           11.38 -0.2433
            11.4 -0.3193
           11.42 -0.3237
           11.44 -0.2079
           11.46  0.0608
           11.48  0.2075
            11.5  0.3295
           11.52  0.3976
           11.54  0.3808
           11.56  0.3039
           11.58  0.1881
            11.6  0.0564
           11.62 -0.0665
           11.64 -0.0426
           11.66 -0.0409
           11.68 -0.1036
            11.7 -0.1098
           11.72  -0.139
           11.74 -0.2159
           11.76 -0.2681
           11.78  -0.345
            11.8 -0.3131
           11.82 -0.2928
           11.84 -0.2937
           11.86 -0.1275
           11.88  0.1501
            11.9  0.2924
           11.92  0.2119
           11.94  0.0652
           11.96  0.0095
           11.98  0.0581
              12  0.1695
           12.02  0.2447
           12.04  0.2676
           12.06  0.2058
           12.08  0.0953
            12.1 -0.0621
           12.12 -0.0586
           12.14 -0.1469
           12.16 -0.2857
           12.18 -0.2468
            12.2  -0.261
           12.22 -0.2716
           12.24 -0.1231
           12.26  0.0343
           12.28  0.2358
            12.3   0.364
           12.32  0.2243
           12.34 -0.0029
           12.36 -0.0453
           12.38  0.0608
            12.4  0.1775
           12.42  0.3074
           12.44  0.3666
           12.46  0.3375
           12.48  0.1828
            12.5 -0.1355
           12.52 -0.4334
           12.54 -0.5014
           12.56 -0.4908
           12.58  -0.352
            12.6 -0.0745
           12.62  0.2296
           12.64  0.2915
           12.66  0.1333
           12.68 -0.0029
            12.7 -0.0426
           12.72  0.0626
           12.74  0.1545
           12.76  0.1828
           12.78  0.1731
            12.8  0.1448
           12.82   0.219
           12.84  0.2022
           12.86  0.1492
           12.88  0.1403
            12.9  0.2287
           12.92  0.2473
           12.94  0.1598
           12.96  0.0387
           12.98 -0.0921
              13 -0.2831
           13.02 -0.2769
           13.04 -0.0683
           13.06  0.1492
           13.08  0.0749
            13.1 -0.1505
           13.12 -0.2999
           13.14 -0.2539
           13.16 -0.1726
           13.18 -0.0462
            13.2  0.0749
           13.22  0.1059
           13.24   0.143
           13.26  0.2349
           13.28  0.2296
            13.3  0.0608
           13.32  0.0617
           13.34  0.1165
           13.36   0.105
           13.38  0.1642
            13.4  0.0573
           13.42 -0.1655
           13.44 -0.2804
           13.46  -0.307
           13.48 -0.2168
            13.5  0.0626
           13.52  0.2208
           13.54  0.1881
           13.56  0.1598
           13.58  0.1165
            13.6  0.0484
           13.62 -0.0877
           13.64 -0.3326
           13.66 -0.3777
           13.68  -0.124
            13.7  0.1085
           13.72  0.1359
           13.74 -0.0197
           13.76 -0.0267
           13.78  0.0864
            13.8  0.0793
           13.82 -0.1469
           13.84  -0.291
           13.86 -0.2574
           13.88 -0.0462
            13.9  0.1448
           13.92   0.135
           13.94  -0.025
           13.96 -0.1761
           13.98 -0.1929
              14 -0.0152
           14.02  0.1952
           14.04  0.1465
           14.06  0.0033
           14.08 -0.0497
            14.1  0.0404
           14.12  0.1306
           14.14   0.158
           14.16  0.1121
           14.18  0.0537
            14.2  0.1359
           14.22  0.2111
           14.24  0.1916
           14.26  0.2208
           14.28  0.2871
            14.3    0.41
           14.32  0.4338
           14.34  0.2676
           14.36   0.029
           14.38 -0.2239
            14.4 -0.2504
           14.42 -0.0409
           14.44  0.0882
           14.46  0.0661
           14.48  -0.124
            14.5 -0.1965
           14.52 -0.1178
           14.54 -0.0568
           14.56 -0.0639
           14.58 -0.0285
            14.6  0.0767
           14.62  0.1377
           14.64  0.0192
           14.66 -0.1249
           14.68 -0.2212
            14.7 -0.1699
           14.72 -0.0745
           14.74 -0.0745
           14.76 -0.0992
           14.78 -0.0144
            14.8  0.2172
           14.82  0.4312
           14.84  0.3994
           14.86   0.097
           14.88 -0.1903
            14.9 -0.3432
           14.92 -0.3123
           14.94 -0.0983
           14.96  0.1006
           14.98  0.1209
              15 -0.0303
           15.02 -0.0983
           15.04 -0.0267
           15.06    0.09
           15.08  0.0325
            15.1 -0.0267
           15.12  0.0802
           15.14  0.2314
           15.16   0.257
           15.18  0.1448
            15.2  0.1209
           15.22   0.196
           15.24  0.1633
           15.26  0.1324
           15.28  0.0979
            15.3  0.1792
           15.32  0.3852
           15.34  0.4029
           15.36  0.0634
           15.38 -0.3388
            15.4 -0.4219
           15.42 -0.2424
           15.44  0.0033
           15.46  0.0679
           15.48 -0.0276
            15.5 -0.1461
           15.52 -0.0453
           15.54  0.1236
           15.56  0.2553
           15.58  0.3746
            15.6   0.364
           15.62  0.3057
           15.64  0.2394
           15.66  0.1492
           15.68 -0.0877
            15.7 -0.2689
           15.72 -0.2477
           15.74 -0.0347
           15.76  0.1678
           15.78  0.1253
            15.8 -0.0639
           15.82 -0.1355
           15.84 -0.1293
           15.86  -0.093
           15.88  -0.116
            15.9 -0.2689
           15.92 -0.3423
           15.94 -0.1638
           15.96  0.0555
           15.98  0.1182
              16  0.0891
           16.02  0.0139
           16.04  0.0254
           16.06  0.0484
           16.08  0.0254
            16.1 -0.1266
           16.12 -0.1779
           16.14 -0.0674
           16.16  0.0192
           16.18  0.0254
            16.2  0.0157
           16.22  0.0873
           16.24  0.0847
           16.26 -0.0692
           16.28 -0.1885
            16.3 -0.1894
           16.32 -0.1655
           16.34 -0.0806
           16.36  0.0148
           16.38  0.1244
            16.4  0.1784
           16.42  0.0944
           16.44 -0.0205
           16.46 -0.0515
           16.48 -0.0603
            16.5 -0.1531
           16.52 -0.3017
           16.54 -0.3414
           16.56 -0.2822
           16.58 -0.2318
            16.6 -0.2769
           16.62 -0.2787
           16.64 -0.1814
           16.66 -0.0762
           16.68 -0.0232
            16.7 -0.0806
           16.72 -0.0762
           16.74  0.1492
           16.76  0.3534
           16.78  0.2579
            16.8  0.0113
           16.82 -0.0709
           16.84  0.0652
           16.86  0.2482
           16.88  0.2659
            16.9  0.1138
           16.92   0.021
           16.94  0.1227
           16.96  0.1624
           16.98  0.1262
              17  0.0369
           17.02   0.006
           17.04  0.1262
           17.06  0.1589
           17.08  0.0254
            17.1 -0.1089
           17.12 -0.0815
           17.14  0.0254
           17.16  0.1059
           17.18  0.1032
            17.2  0.0069
           17.22  0.0493
           17.24  0.1624
           17.26  0.1474
           17.28  0.0422
            17.3  -0.101
           17.32 -0.1134
           17.34 -0.0983
           17.36 -0.0524
           17.38 -0.0532
            17.4  -0.284
           17.42 -0.5775
           17.44 -0.7224
           17.46 -0.6208
           17.48 -0.3706
            17.5 -0.2194
           17.52 -0.2115
           17.54 -0.1664
           17.56 -0.0188
           17.58  0.2075
            17.6  0.2517
           17.62  0.2013
           17.64  0.1633
           17.66  0.1598
           17.68   0.273
            17.7   0.318
           17.72  0.2747
           17.74  0.2818
           17.76  0.2234
           17.78  0.0891
            17.8  -0.101
           17.82 -0.3158
           17.84 -0.4687
           17.86 -0.4449
           17.88 -0.3538
            17.9 -0.3459
           17.92 -0.3565
           17.94 -0.3237
           17.96 -0.2689
           17.98 -0.2274
              18 -0.3317
           18.02 -0.3971
           18.04 -0.2689
           18.06 -0.0435
           18.08  0.1474
            18.1  0.1872
           18.12  0.0634
           18.14  0.0528
           18.16  0.1006
           18.18  -0.009
            18.2 -0.1346
           18.22  0.0148
           18.24   0.326
           18.26  0.4692
           18.28  0.3711
            18.3  0.1103
           18.32 -0.1832
           18.34  -0.337
           18.36 -0.3511
           18.38 -0.2831
            18.4 -0.1195
           18.42  0.0042
           18.44  0.0184
           18.46 -0.0373
           18.48 -0.0126
            18.5  0.0811
           18.52  0.0847
           18.54 -0.1425
           18.56  -0.413
           18.58 -0.4351
            18.6 -0.2857
           18.62 -0.0197
           18.64  0.2473
           18.66  0.2659
           18.68  0.2553
            18.7  0.2252
           18.72  0.1377
           18.74  0.0882
           18.76  0.1306
           18.78  0.0979
            18.8  0.0626
           18.82  0.0369
           18.84  0.0016
           18.86 -0.0479
           18.88 -0.0798
            18.9 -0.1673
           18.92 -0.2893
           18.94 -0.3794
           18.96 -0.4449
           18.98 -0.3971
              19 -0.2557
           19.02 -0.1284
           19.04 -0.1691
           19.06 -0.3317
           19.08 -0.4113
            19.1  -0.398
           19.12 -0.3573
           19.14 -0.3264
           19.16 -0.3264
           19.18 -0.1638
            19.2  0.0997
           19.22  0.1881
           19.24  0.1253
           19.26  0.1121
           19.28   0.219
            19.3  0.1439
           19.32 -0.0435
           19.34 -0.1584
           19.36 -0.1664
           19.38 -0.1249
            19.4 -0.0815
           19.42 -0.0488
           19.44  0.0652
           19.46  0.1633
           19.48  0.2429
            19.5  0.1315
           19.52 -0.0709
           19.54 -0.1735
           19.56 -0.1991
           19.58 -0.0497
            19.6  0.0634
           19.62  0.0573
           19.64  0.0608
           19.66  0.1067
           19.68  0.2146
            19.7   0.242
           19.72  0.1819
           19.74  0.1704
           19.76  0.2252
           19.78   0.387
            19.8  0.4524
           19.82  0.2058
           19.84  -0.093
           19.86 -0.2504
           19.88 -0.1761
            19.9 -0.0921
           19.92 -0.0665
           19.94  -0.063
           19.96 -0.0515
           19.98  0.0643
              20  0.0307
           20.02  -0.009
           20.04  0.0811
           20.06  0.2243
           20.08   0.158
            20.1 -0.1638
           20.12 -0.4563
           20.14 -0.5801
           20.16 -0.4944
           20.18 -0.3264
            20.2 -0.2256
           20.22 -0.0798
           20.24 -0.0002
           20.26  0.0431
           20.28  -0.086
            20.3   -0.23
           20.32 -0.2186
           20.34 -0.1593
           20.36 -0.1779
           20.38 -0.2256
            20.4 -0.2141
           20.42 -0.1054
           20.44  0.0661
           20.46  0.1907
           20.48  0.1943
            20.5  0.1359
           20.52  0.2623
           20.54  0.3737
           20.56  0.3666
           20.58  0.2013
            20.6  0.0988
           20.62   0.135
           20.64  0.1571
           20.66  0.2226
           20.68   0.219
            20.7  0.1121
           20.72 -0.0232
           20.74 -0.2186
           20.76 -0.2884
           20.78 -0.1416
            20.8   0.105
           20.82  0.2394
           20.84  0.2137
           20.86  0.2058
           20.88  0.1191
            20.9 -0.0674
           20.92  -0.398
           20.94 -0.6588
           20.96 -0.7419
           20.98 -0.6623
              21 -0.5668
           21.02 -0.4608
           21.04 -0.3414
           21.06   -0.36
           21.08 -0.4838
            21.1 -0.6553
           21.12 -0.6331
           21.14  -0.398
           21.16 -0.1576
           21.18  0.0113
            21.2  0.1147
           21.22  0.2553
           21.24   0.387
           21.26  0.4064
           21.28  0.2641
            21.3  0.1227
           21.32  0.1748
           21.34  0.3613
           21.36  0.5054
           21.38  0.5717
            21.4   0.242
           21.42 -0.2601
           21.44 -0.5103
           21.46 -0.4307
           21.48 -0.1514
            21.5   0.074
           21.52  0.1253
           21.54   0.257
           21.56  0.5638
           21.58  0.7185
            21.6  0.6336
           21.62  0.3339
           21.64  0.1015
           21.66  0.1863
           21.68  0.4515
            21.7  0.4603
           21.72  0.2615
           21.74   0.219
           21.76  0.4002
           21.78  0.6681
            21.8  0.7627
           21.82  0.7308
           21.84  0.6769
           21.86  0.7158
           21.88  0.7485
            21.9  0.7017
           21.92   0.471
           21.94  0.0714
           21.96 -0.2026
           21.98 -0.2451
              22 -0.2336
           22.02 -0.2734
           22.04 -0.4369
           22.06 -0.5863
           22.08 -0.5836
            22.1 -0.2468
           22.12  0.1731
           22.14  0.3322
           22.16  0.2765
           22.18  0.1607
            22.2   0.128
           22.22  0.2199
           22.24  0.3967
           22.26  0.4038
           22.28  0.3198
            22.3  0.1748
           22.32  0.0617
           22.34 -0.1319
           22.36 -0.3414
           22.38 -0.3768
            22.4 -0.3962
           22.42 -0.4723
           22.44 -0.4908
           22.46   -0.52
           22.48 -0.5368
            22.5 -0.4802
           22.52 -0.3459
           22.54  -0.108
           22.56  0.0157
           22.58  0.1678
            22.6  0.2668
           22.62   0.349
           22.64  0.5284
           22.66  0.5434
           22.68   0.356
            22.7  0.1916
           22.72  0.2013
           22.74  0.4011
           22.76  0.5081
           22.78  0.3242
            22.8 -0.0267
           22.82  -0.246
           22.84 -0.0179
           22.86  0.2782
           22.88  0.3446
            22.9  0.2712
           22.92  0.1607
           22.94  0.0891
           22.96  0.0378
           22.98  0.0661
              23 -0.0214
           23.02  -0.192
           23.04 -0.2654
           23.06 -0.2362
           23.08 -0.1125
            23.1  -0.032
           23.12 -0.1036
           23.14 -0.2636
           23.16 -0.1708
           23.18  0.0139
            23.2 -0.0603
           23.22 -0.3538
           23.24 -0.4519
           23.26  -0.093
           23.28  0.3711
            23.3  0.6151
           23.32  0.6654
           23.34  0.6133
           23.36  0.6752
           23.38  0.8749
            23.4  0.8475
           23.42  0.5311
           23.44  0.2659
           23.46   0.326
           23.48  0.5081
            23.5  0.5063
           23.52  0.2615
           23.54 -0.0762
           23.56 -0.1788
           23.58  0.0617
            23.6  0.3092
           23.62  0.3923
           23.64  0.4294
           23.66  0.4365
           23.68  0.5152
            23.7  0.5859
           23.72  0.5806
           23.74  0.4321
           23.76  0.1819
           23.78  0.0687
            23.8  0.0838
           23.82  0.0988
           23.84  0.0069
           23.86 -0.0824
           23.88 -0.1028
            23.9 -0.0099
           23.92  0.1236
           23.94  0.1545
           23.96  0.0466
           23.98  -0.017
              24  0.1015
           24.02  0.2694
           24.04  0.3826
           24.06  0.3454
           24.08  0.1819
            24.1  0.0608
           24.12 -0.1328
           24.14  -0.261
           24.16 -0.2963
           24.18 -0.3167
            24.2   -0.36
           24.22 -0.4051
           24.24 -0.3945
           24.26 -0.3715
           24.28 -0.3971
            24.3 -0.4599
           24.32 -0.5059
           24.34 -0.4475
           24.36 -0.1912
           24.38  0.0802
            24.4  0.2402
           24.42  0.3136
           24.44  0.3083
           24.46  0.2217
           24.48   0.044
            24.5 -0.1134
           24.52 -0.2106
           24.54 -0.2734
           24.56  -0.307
           24.58 -0.4086
            24.6 -0.5306
           24.62 -0.5067
           24.64 -0.4714
           24.66 -0.4174
           24.68 -0.3697
            24.7  -0.314
           24.72 -0.2848
           24.74 -0.2283
           24.76 -0.1832
           24.78 -0.1266
            24.8 -0.0488
           24.82 -0.0232
           24.84 -0.0453
           24.86 -0.0895
           24.88  -0.017
            24.9  0.0785
           24.92  0.1465
           24.94  0.0281
           24.96 -0.1496
           24.98 -0.2159
              25 -0.1876
           25.02 -0.0435
           25.04  0.0219
           25.06  0.0502
           25.08  0.1306
            25.1  0.2146
           25.12  0.3048
           25.14  0.3684
           25.16  0.3481
           25.18  0.2349
            25.2 -0.0258
           25.22 -0.2336
           25.24  -0.345
           25.26 -0.3485
           25.28 -0.2177
            25.3 -0.1638
           25.32 -0.2442
           25.34 -0.2407
           25.36 -0.0135
           25.38  0.2067
            25.4  0.2252
           25.42  0.2261
           25.44  0.2287
           25.46  0.2659
           25.48    0.28
            25.5  0.1527
           25.52 -0.1089
           25.54 -0.3043
           25.56 -0.3176
           25.58 -0.1098
            25.6  0.0175
           25.62 -0.0647
           25.64 -0.1107
           25.66 -0.1726
           25.68 -0.1841
            25.7 -0.2583
           25.72 -0.3352
           25.74 -0.3476
           25.76 -0.2601
           25.78 -0.1982
            25.8 -0.1629
           25.82 -0.2477
           25.84 -0.3556
           25.86 -0.4882
           25.88   -0.52
            25.9 -0.4714
           25.92  -0.345
           25.94 -0.1655
           25.96  -0.002
           25.98  0.0051
              26 -0.1558
           26.02 -0.2698
           26.04 -0.2468
           26.06 -0.1549
           26.08 -0.1169
            26.1 -0.0851
           26.12   0.013
           26.14  0.0617
           26.16  0.0811
           26.18  0.1174
            26.2  0.0422
           26.22 -0.0921
           26.24 -0.2124
           26.26 -0.2415
           26.28 -0.2769
            26.3 -0.3246
           26.32 -0.3847
           26.34 -0.4634
           26.36 -0.3971
           26.38 -0.1805
            26.4  0.0007
           26.42  0.0475
           26.44 -0.0064
           26.46 -0.1797
           26.48 -0.1938
            26.5  0.0095
           26.52  0.1996
           26.54  0.3269
           26.56  0.4701
           26.58  0.5514
            26.6  0.4542
           26.62  0.2889
           26.64  0.1271
           26.66  0.0599
           26.68 -0.0223
            26.7 -0.1841
           26.72 -0.3193
           26.74 -0.2177
           26.76 -0.0939
           26.78 -0.0762
            26.8  -0.063
           26.82 -0.0126
           26.84   0.021
           26.86 -0.1443
           26.88 -0.4272
            26.9 -0.5005
           26.92 -0.2654
           26.94  0.1536
           26.96  0.1262
           26.98 -0.2875
              27 -0.5863
           27.02 -0.6305
           27.04 -0.5951
           27.06  -0.543
           27.08 -0.5306
            27.1  -0.474
           27.12 -0.4351
           27.14 -0.3803
           27.16 -0.3131
           27.18 -0.1257
            27.2  0.1969
           27.22  0.3463
           27.24  0.2181
           27.26  0.0962
           27.28  0.0723
            27.3  0.1403
           27.32  0.2676
           27.34  0.3711
           27.36  0.4657
           27.38  0.5709
            27.4  0.6645
           27.42  0.7662
           27.44  0.7759
           27.46  0.6787
           27.48  0.5629
            27.5  0.4489
           27.52  0.3587
           27.54  0.2924
           27.56  0.2332
           27.58  0.1616
            27.6  0.1359
           27.62    0.09
           27.64 -0.0753
           27.66 -0.4537
           27.68 -0.8126
            27.7      -1
           27.72 -0.9638
           27.74 -0.7622
           27.76 -0.5333
           27.78 -0.4413
            27.8 -0.4493
           27.82 -0.4581
           27.84  -0.436
           27.86 -0.4396
           27.88 -0.4201
            27.9 -0.2495
           27.92 -0.1178
           27.94  0.0219
           27.96  0.1253
           27.98  0.2164
              28   0.349
           28.02  0.3808
           28.04   0.295
           28.06  0.1103
           28.08  0.0175
            28.1  0.1103
           28.12  0.2615
           28.14   0.273
           28.16    0.09
           28.18 -0.1204
            28.2  -0.086
           28.22  0.0661
           28.24  0.1633
           28.26  0.0873
           28.28 -0.0285
            28.3 -0.0683
           28.32 -0.0241
           28.34  0.0758
           28.36  0.1686
           28.38  0.0537
            28.4 -0.0992
           28.42 -0.1832
           28.44 -0.1593
           28.46 -0.0409
           28.48 -0.0294
            28.5 -0.1823
           28.52 -0.3432
           28.54 -0.2795
           28.56 -0.1107
           28.58 -0.0117
            28.6 -0.0373
           28.62 -0.0276
           28.64  0.0962
           28.66  0.2234
           28.68  0.2862
            28.7  0.2712
           28.72  0.1633
           28.74  0.1059
           28.76  0.0988
           28.78  0.0095
            28.8 -0.1478
           28.82 -0.2398
           28.84 -0.1478
           28.86  0.0537
           28.88   0.143
            28.9    0.12
           28.92  0.0714
           28.94  0.0528
           28.96  0.0175
           28.98  -0.078
              29 -0.1593
           29.02 -0.1054
           29.04  0.1191
           29.06  0.2738
           29.08  0.2915
            29.1  0.2535
           29.12  0.1368
           29.14 -0.0462
           29.16 -0.2787
           29.18 -0.4802
            29.2  -0.451
           29.22 -0.1461
           29.24  0.1748
           29.26  0.3622
           29.28  0.3525
            29.3  0.2615
           29.32  0.3613
           29.34  0.4895
           29.36  0.5788
           29.38  0.5868
            29.4  0.4524
           29.42  0.2217
           29.44 -0.0205
           29.46 -0.1142
           29.48 -0.0479
            29.5  0.0926
           29.52  0.1969
           29.54   0.204
           29.56  0.1571
           29.58  0.0281
            29.6 -0.0144
           29.62  0.1015
           29.64    0.25
           29.66  0.4162
           29.68  0.5655
            29.7  0.5355
           29.72  0.4568
           29.74  0.4825
           29.76  0.5213
           29.78   0.486
            29.8  0.3985
           29.82  0.2517
           29.84  0.0661
           29.86  0.0387
           29.88   0.158
            29.9  0.3048
           29.92  0.4162
           29.94    0.41
           29.96  0.2986
           29.98  0.1448
              30  0.0095
           30.02  -0.086
           30.04 -0.1664
           30.06 -0.2415
           30.08 -0.1761
            30.1 -0.0276
           30.12   0.151
           30.14  0.3428
           30.16  0.4648
           30.18  0.4215
            30.2   0.181
           30.22 -0.0241
           30.24 -0.1178
           30.26 -0.1399
           30.28 -0.1363
            30.3 -0.1204
           30.32 -0.1054
           30.34 -0.0647
           30.36   0.029
           30.38  0.1854
            30.4  0.3163
           30.42  0.3834
           30.44  0.4135
           30.46   0.455
           30.48  0.4984
            30.5  0.4665
           30.52  0.4038
           30.54  0.2897
           30.56  0.2367
           30.58  0.3269
            30.6   0.471
           30.62   0.532
           30.64  0.5143
           30.66  0.4418
           30.68  0.2942
            30.7  0.1315
           30.72  0.1067
           30.74  0.1704
           30.76  0.2977
           30.78  0.4259
            30.8  0.4276
           30.82  0.2933
           30.84  0.1819
           30.86  0.1916
           30.88  0.1501
            30.9 -0.0276
           30.92 -0.1973
           30.94 -0.2115
           30.96 -0.1858
           30.98 -0.2362
              31 -0.3582
           31.02 -0.4201
           31.04 -0.3255
           31.06 -0.0488
           31.08  0.1695
            31.1  0.1536
           31.12 -0.0621
           31.14 -0.3335
           31.16 -0.6013
           31.18 -0.8117
            31.2 -0.9372
           31.22 -0.8391
           31.24 -0.3237
           31.26  0.0838
           31.28  0.2862
            31.3  0.2482
           31.32  0.0192
           31.34 -0.2088
           31.36 -0.2831
           31.38 -0.1629
            31.4 -0.0329
           31.42   0.029
           31.44  0.0617
           31.46 -0.0046
           31.48  -0.162
            31.5  -0.246
           31.52 -0.2132
           31.54 -0.2787
           31.56 -0.3945
           31.58 -0.4502
            31.6 -0.4785
           31.62 -0.6119
           31.64 -0.7321
           31.66 -0.8214
           31.68 -0.9116
            31.7 -0.9496
           31.72 -0.5562
           31.74   0.074
           31.76  0.4471
           31.78  0.3861
            31.8  0.0847
           31.82 -0.1876
           31.84 -0.2566
           31.86  -0.101
           31.88  0.0192
            31.9   0.029
           31.92 -0.0594
           31.94 -0.1858
           31.96 -0.2645
           31.98 -0.2424
              32 -0.1434
           32.02 -0.0126
           32.04   0.082
           32.06  0.0855
           32.08 -0.0046
            32.1   -0.07
           32.12 -0.0718
           32.14 -0.0577
           32.16 -0.0957
           32.18 -0.2787
            32.2 -0.4015
           32.22 -0.4325
           32.24 -0.3626
           32.26 -0.2539
           32.28  -0.177
            32.3  -0.154
           32.32 -0.0745
           32.34  0.1598
           32.36  0.3693
           32.38  0.5726
            32.4  0.6566
           32.42  0.5266
           32.44  0.3446
           32.46  0.2279
           32.48  0.1076
            32.5 -0.0356
           32.52 -0.2787
           32.54 -0.3105
           32.56 -0.1965
           32.58 -0.1708
            32.6 -0.3158
           32.62 -0.4758
           32.64 -0.5288
           32.66 -0.5501
           32.68 -0.6588
            32.7 -0.7534
           32.72 -0.6102
           32.74 -0.3184
           32.76 -0.1195
           32.78 -0.1549
            32.8 -0.3273
           32.82 -0.2716
           32.84 -0.0586
           32.86 -0.0594
           32.88 -0.2247
            32.9 -0.3538
           32.92 -0.3582
           32.94 -0.3927
           32.96 -0.3503
           32.98 -0.2795
              33 -0.1841
           33.02  0.0387
           33.04  0.2508
           33.06  0.3171
           33.08  0.2588
            33.1  0.1845
           33.12  0.2252
           33.14  0.3065
           33.16  0.3755
           33.18  0.4648
            33.2  0.5037
           33.22  0.5284
           33.24   0.448
           33.26  0.2553
           33.28  0.1713
            33.3  0.1943
           33.32  0.1943
           33.34  0.0661
           33.36 -0.1912
           33.38 -0.4829
            33.4 -0.4537
           33.42   -0.07
           33.44  0.3887
           33.46  0.6009
           33.48  0.4577
            33.5  0.0847
           33.52 -0.0515
           33.54  0.0679
           33.56  0.1731
           33.58 -0.0479
            33.6 -0.2672
           33.62 -0.1381
           33.64  0.2376
           33.66  0.4294
           33.68  0.2429
            33.7 -0.0329
           33.72 -0.0303
           33.74  0.1943
           33.76  0.3675
           33.78  0.2208
            33.8 -0.0877
           33.82  -0.276
           33.84 -0.2451
           33.86 -0.0444
           33.88  0.1076
            33.9  0.1863
           33.92  0.2305
           33.94  0.2394
           33.96  0.1748
           33.98  0.1518
              34  0.1023
           34.02  0.1182
           34.04  0.2155
           34.06  0.3304
           34.08   0.455
            34.1  0.5099
           34.12   0.471
           34.14  0.3737
           34.16  0.3454
           34.18  0.2668
            34.2  0.1377
           34.22 -0.0082
           34.24 -0.0515
           34.26   0.128
           34.28  0.4109
            34.3  0.5549
           34.32  0.4745
           34.34  0.2995
           34.36  0.0696
           34.38 -0.1982
            34.4 -0.3927
           34.42 -0.4183
           34.44 -0.2619
           34.46  0.0042
           34.48  0.2367
            34.5  0.2942
           34.52  0.2924
           34.54   0.288
           34.56  0.3295
           34.58  0.2791
            34.6  0.1076
           34.62 -0.1363
           34.64 -0.3423
           34.66 -0.4201
           34.68 -0.4201
            34.7  -0.413
           34.72 -0.4113
           34.74  -0.383
           34.76 -0.2486
           34.78 -0.0709
            34.8  0.0449
           34.82 -0.0099
           34.84 -0.0895
           34.86 -0.1567
           34.88 -0.2495
            34.9 -0.3406
           34.92 -0.4519
           34.94   -0.52
           34.96 -0.6119
           34.98 -0.6959
              35 -0.6968
           35.02 -0.5333
           35.04 -0.2751
           35.06  -0.108
           35.08 -0.1257
            35.1  -0.284
           35.12  -0.291
           35.14 -0.1028
           35.16  0.1377
           35.18  0.3057
            35.2  0.2526
           35.22  0.0953
           35.24  0.0175
           35.26  0.0431
           35.28 -0.0082
            35.3 -0.0426
           35.32 -0.0046
           35.34  0.0661
           35.36  0.1227
           35.38  0.1006
            35.4  0.0696
           35.42  0.1916
           35.44  0.3879
           35.46  0.4939
           35.48  0.4984
            35.5  0.4701
           35.52  0.4701
           35.54  0.5081
           35.56    0.25
           35.58 -0.1408
            35.6 -0.4086
           35.62 -0.4855
           35.64 -0.4086
           35.66 -0.2548
           35.68 -0.2247
            35.7 -0.2831
           35.72 -0.4174
           35.74 -0.5942
           35.76 -0.7207
           35.78 -0.7357
            35.8 -0.6738
           35.82 -0.5103
           35.84 -0.3211
           35.86  -0.238
           35.88 -0.1337
            35.9  0.1297
           35.92  0.4285
           35.94  0.5815
           35.96  0.4621
           35.98  0.2208
              36  0.0413
           36.02  0.0988
           36.04  0.2844
           36.06  0.3622
           36.08   0.288
            36.1  0.3004
           36.12  0.3932
           36.14  0.4789
           36.16  0.5479
           36.18   0.585
            36.2   0.577
           36.22  0.5346
           36.24  0.4427
           36.26  0.1952
           36.28 -0.0312
            36.3 -0.0639
           36.32  0.1112
           36.34  0.5222
           36.36  0.8175
           36.38  0.8546
            36.4  0.6867
           36.42  0.4347
           36.44  0.2226
           36.46  0.1174
           36.48  0.1386
            36.5  0.2146
           36.52  0.3048
           36.54  0.3675
           36.56  0.3552
           36.58  0.3569
            36.6  0.3711
           36.62   0.372
           36.64  0.3224
           36.66   0.189
           36.68 -0.0868
            36.7 -0.3909
           36.72 -0.5677
           36.74 -0.5041
           36.76 -0.2124
           36.78  0.1297
            36.8  0.3613
           36.82  0.4391
           36.84  0.3039
           36.86  0.2119
           36.88  0.2367
            36.9  0.2588
           36.92  0.0785
           36.94 -0.1363
           36.96 -0.2725
           36.98 -0.2778
              37 -0.1496
           37.02  -0.017
           37.04 -0.0559
           37.06 -0.1063
           37.08 -0.1001
            37.1 -0.0037
           37.12  0.1474
           37.14  0.1536
           37.16  0.0626
           37.18 -0.0462
            37.2 -0.1576
           37.22  -0.238
           37.24 -0.3149
           37.26 -0.4139
           37.28 -0.5174
            37.3 -0.5501
           37.32  -0.337
           37.34 -0.1549
           37.36 -0.1487
           37.38 -0.2504
            37.4 -0.3043
           37.42 -0.3989
           37.44 -0.4731
           37.46 -0.5518
           37.48 -0.6305
            37.5 -0.6384
           37.52 -0.5359
           37.54  -0.413
           37.56 -0.3856
           37.58 -0.4201
            37.6 -0.4413
           37.62 -0.4307
           37.64 -0.3273
           37.66 -0.1664
           37.68  0.0157
            37.7  0.0926
           37.72  0.0475
           37.74  0.0086
           37.76 -0.0232
           37.78 -0.0665
            37.8 -0.1655
           37.82 -0.2963
           37.84 -0.4705
           37.86 -0.5545
           37.88 -0.5456
            37.9 -0.4537
           37.92  -0.261
           37.94 -0.1098
           37.96 -0.0002
           37.98  0.1412
              38  0.2128
           38.02   0.036
           38.04 -0.2088
           38.06 -0.3211
           38.08 -0.2398
            38.1 -0.0833
           38.12  0.0475
           38.14  0.1112
           38.16   0.128
           38.18  0.1616
            38.2  0.2411
           38.22  0.3631
           38.24  0.3357
           38.26  0.1103
           38.28 -0.0568
            38.3  0.0272
           38.32  0.2243
           38.34  0.1837
           38.36 -0.1302
           38.38 -0.4325
            38.4  -0.413
           38.42 -0.0073
           38.44  0.3357
           38.46  0.3569
           38.48  0.1854
            38.5  -0.025
           38.52  0.0458
           38.54  0.2641
           38.56  0.4215
           38.58  0.2544
            38.6 -0.1867
           38.62 -0.6093
           38.64   -0.68
           38.66 -0.3565
           38.68 -0.0603
            38.7 -0.0488
           38.72 -0.1717
           38.74  -0.185
           38.76  -0.116
           38.78 -0.1231
            38.8  -0.375
           38.82 -0.5306
           38.84 -0.3768
           38.86 -0.1567
           38.88 -0.1142
            38.9 -0.2159
           38.92 -0.3149
           38.94 -0.3078
           38.96 -0.1903
           38.98 -0.0683
              39 -0.0842
           39.02 -0.2062
           39.04 -0.2477
           39.06 -0.1779
           39.08 -0.1523
            39.1 -0.1434
           39.12   -0.07
           39.14 -0.0232
           39.16 -0.0312
           39.18 -0.0532
            39.2 -0.1231
           39.22 -0.2097
           39.24 -0.2407
           39.26 -0.2398
           39.28 -0.3344
            39.3 -0.4042
           39.32  -0.337
           39.34  -0.215
           39.36 -0.1346
           39.38 -0.1213
            39.4 -0.1195
           39.42 -0.1328
           39.44 -0.0983
           39.46  0.0387
           39.48  0.1828
            39.5  0.3065
           39.52  0.3507
           39.54  0.2756
           39.56  0.0988
           39.58 -0.0479
            39.6 -0.0948
           39.62 -0.0674
           39.64  0.0325
           39.66  0.1474
           39.68  0.2155
            39.7  0.1828
           39.72  0.0299
           39.74   0.044
           39.76  0.1837
           39.78  0.2906
            39.8  0.3507
           39.82  0.4144
           39.84  0.4816
           39.86  0.4948
           39.88  0.4772
            39.9  0.5063
           39.92  0.6274
           39.94  0.7494
           39.96  0.7919
           39.98  0.6265
              40  0.3843
           40.02  0.1881
           40.04  0.1121
           40.06  0.2022
           40.08  0.3048
            40.1  0.3852
           40.12  0.4347
           40.14  0.4383
           40.16  0.3437
           40.18  0.1642
            40.2 -0.1443
           40.22 -0.4307
           40.24 -0.5014
           40.26 -0.2928
           40.28   -0.07
            40.3 -0.0126
           40.32 -0.0524
           40.34 -0.0886
           40.36 -0.0488
           40.38   0.082
            40.4  0.1395
           40.42  0.0325
           40.44   -0.04
           40.46  0.0493
           40.48  0.1686
            40.5  0.0555
           40.52 -0.2521
           40.54 -0.4864
           40.56 -0.4546
           40.58 -0.1982
            40.6 -0.0214
           40.62 -0.0683
           40.64 -0.1761
           40.66 -0.1558
           40.68  0.0307
            40.7  0.2093
           40.72  0.2588
           40.74  0.2349
           40.76  0.3127
           40.78  0.5169
            40.8   0.722
           40.82  0.7415
           40.84  0.5364
           40.86  0.3216
           40.88  0.2906
            40.9  0.3525
           40.92  0.3357
           40.94  0.2199
           40.96   0.097
           40.98  0.0228
              41  0.0184
           41.02    0.12
           41.04   0.303
           41.06  0.3976
           41.08  0.4312
            41.1   0.425
           41.12   0.356
           41.14  0.3083
           41.16  0.3295
           41.18   0.402
            41.2  0.4356
           41.22  0.4444
           41.24  0.4948
           41.26  0.4754
           41.28  0.2588
            41.3   0.082
           41.32 -0.0294
           41.34 -0.0815
           41.36  -0.086
           41.38 -0.0886
            41.4 -0.0603
           41.42  0.0086
           41.44  0.0634
           41.46  0.1182
           41.48  0.1607
            41.5  0.2314
           41.52   0.295
           41.54  0.2721
           41.56  0.2632
           41.58   0.349
            41.6  0.4365
           41.62  0.3401
           41.64  0.1182
           41.66 -0.0108
           41.68  0.0431
            41.7  0.1987
           41.72  0.3463
           41.74  0.3278
           41.76  0.2146
           41.78  0.1015
            41.8  0.0758
           41.82  0.0935
           41.84  0.0767
           41.86   0.036
           41.88 -0.0205
            41.9  -0.116
           41.92  -0.177
           41.94 -0.0939
           41.96  0.0502
           41.98  0.1244
              42  0.1191
           42.02  0.0855
           42.04  0.0237
           42.06 -0.0577
           42.08 -0.1416
            42.1 -0.2336
           42.12 -0.2327
           42.14 -0.1602
           42.16 -0.1302
           42.18 -0.1735
            42.2 -0.1823
           42.22 -0.0524
           42.24  0.1881
           42.26  0.3233
           42.28  0.2137
            42.3 -0.0002
           42.32 -0.1319
           42.34 -0.1478
           42.36 -0.1638
           42.38 -0.2654
            42.4 -0.4122
           42.42 -0.5288
           42.44 -0.5695
           42.46 -0.4829
           42.48  -0.337
            42.5 -0.2407
           42.52 -0.2318
           42.54  -0.192
           42.56 -0.0656
           42.58  0.0237
            42.6  0.0086
           42.62 -0.1443
           42.64 -0.3644
           42.66 -0.5067
           42.68 -0.4811
            42.7  -0.238
           42.72 -0.0382
           42.74 -0.0426
           42.76 -0.1761
           42.78 -0.2919
            42.8 -0.2548
           42.82 -0.0612
           42.84  0.0891
           42.86  0.0281
           42.88 -0.1655
            42.9 -0.2203
           42.92 -0.1134
           42.94   0.021
           42.96  0.0493
           42.98 -0.0126
              43  -0.009
           43.02  0.1244
           43.04  0.0749
           43.06 -0.2071
           43.08 -0.3883
            43.1 -0.3671
           43.12 -0.2831
           43.14 -0.2256
           43.16 -0.2115
           43.18 -0.2424
            43.2 -0.2486
           43.22 -0.1496
           43.24 -0.0426
           43.26 -0.0435
           43.28 -0.0824
            43.3 -0.0656
           43.32 -0.0692
           43.34 -0.1443
           43.36 -0.1973
           43.38 -0.2256
            43.4 -0.2097
           43.42 -0.1204
           43.44 -0.0586
           43.46  -0.055
           43.48 -0.1399
            43.5 -0.2654
           43.52 -0.4015
           43.54 -0.5067
           43.56 -0.5589
           43.58 -0.5501
            43.6 -0.4829
           43.62 -0.3662
           43.64 -0.1797
           43.66  0.0891
           43.68  0.2544
            43.7  0.2305
           43.72  0.1342
           43.74  0.0413
           43.76 -0.0674
           43.78 -0.1664
            43.8 -0.2062
           43.82 -0.2521
           43.84 -0.3131
           43.86 -0.3308
           43.88 -0.2663
            43.9 -0.1231
           43.92  0.0237
           43.94  0.0475
           43.96 -0.0753
           43.98  -0.223
              44 -0.3317
           44.02 -0.2946
           44.04 -0.0824
           44.06    0.09
           44.08  0.1563
            44.1  0.1368
           44.12  0.0192
           44.14  -0.063
           44.16 -0.0524
           44.18 -0.0205
            44.2   0.013
           44.22  0.0449
           44.24   0.097
           44.26  0.1739
           44.28  0.2402
            44.3  0.2234
           44.32  0.1059
           44.34  0.0192
           44.36 -0.0683
           44.38 -0.2009
            44.4 -0.3794
           44.42 -0.4749
           44.44 -0.3626
           44.46 -0.0904
           44.48  0.0519
            44.5  -0.078
           44.52 -0.3176
           44.54 -0.4369
           44.56 -0.3273
           44.58 -0.0665
            44.6  0.0864
           44.62 -0.0338
           44.64 -0.2999
           44.66 -0.3847
           44.68  -0.223
            44.7  -0.086
           44.72 -0.1107
           44.74 -0.1266
           44.76 -0.0426
           44.78  0.0608
            44.8  0.0307
           44.82  -0.116
           44.84 -0.1788
           44.86 -0.1178
           44.88 -0.0895
            44.9 -0.1646
           44.92 -0.2663
           44.94 -0.3273
           44.96 -0.3635
           44.98 -0.3777
              45 -0.3777
           45.02 -0.2902
           45.04 -0.0975
           45.06  0.1739
           45.08  0.3949
            45.1  0.3808
           45.12  0.0723
           45.14 -0.2177
           45.16 -0.2928
           45.18 -0.1443
            45.2  0.0617
           45.22  0.0873
           45.24 -0.0886
           45.26 -0.2548
           45.28  -0.253
            45.3 -0.2274
           45.32  -0.253
           45.34  -0.192
           45.36 -0.0391
           45.38   0.128
            45.4  0.2341
           45.42  0.1456
           45.44  -0.017
           45.46 -0.0117
           45.48  0.0953
            45.5  0.0855
           45.52 -0.0214
           45.54 -0.0303
           45.56  0.0449
           45.58   0.067
            45.6  0.0307
           45.62  0.0263
           45.64  0.0352
           45.66  0.0316
           45.68    0.09
            45.7  0.1315
           45.72  0.1448
           45.74  0.1766
           45.76  0.2676
           45.78  0.3534
            45.8  0.3914
           45.82  0.4162
           45.84  0.4497
           45.86   0.478
           45.88  0.5355
            45.9  0.5647
           45.92  0.5762
           45.94  0.5921
           45.96  0.6566
           45.98  0.7291
              46  0.7238
           46.02  0.6301
           46.04   0.509
           46.06  0.4135
           46.08  0.3843
            46.1  0.3622
           46.12  0.3083
           46.14  0.2243
           46.16  0.1103
           46.18  -0.017
            46.2 -0.1134
           46.22 -0.1169
           46.24  0.0192
           46.26  0.1501
           46.28  0.1819
            46.3  0.1244
           46.32  0.0387
           46.34  0.0184
           46.36  0.1085
           46.38  0.2358
            46.4  0.3163
           46.42  0.3313
           46.44  0.3224
           46.46  0.3481
           46.48  0.4179
            46.5  0.5028
           46.52  0.5328
           46.54  0.5037
           46.56  0.4312
           46.58  0.3711
            46.6  0.3278
           46.62  0.3065
           46.64  0.3004
           46.66  0.3171
           46.68  0.3887
            46.7  0.4763
           46.72  0.5063
           46.74  0.4842
           46.76  0.4197
           46.78  0.3552
            46.8  0.3286
           46.82  0.3658
           46.84  0.4179
           46.86  0.4082
           46.88  0.3304
            46.9  0.2623
           46.92  0.2438
           46.94  0.2712
           46.96  0.2862
           46.98  0.2632
              47  0.2296
           47.02  0.2137
           47.04  0.1775
           47.06  0.1236
           47.08   0.074
            47.1  0.0396
           47.12   0.036
           47.14  0.1032
           47.16  0.2305
           47.18  0.3163
            47.2   0.303
           47.22  0.2155
           47.24  0.1518
           47.26  0.1616
           47.28  0.1845
            47.3  0.1545
           47.32   0.044
           47.34  -0.093
           47.36 -0.1629
           47.38 -0.1293
            47.4  -0.017
           47.42  0.0714
           47.44  0.0891
           47.46   0.082
           47.48  0.1156
            47.5  0.1633
           47.52  0.1633
           47.54  0.0962
           47.56  0.0502
           47.58  0.0908
            47.6  0.1872
           47.62  0.2641
           47.64  0.2738
           47.66  0.2287
           47.68   0.204
            47.7  0.2181
           47.72  0.2323
           47.74  0.2287
           47.76  0.2279
           47.78  0.2376
            47.8  0.2243
           47.82  0.1536
           47.84  0.0546
           47.86 -0.0232
           47.88 -0.0975
            47.9 -0.1832
           47.92  -0.246
           47.94 -0.2628
           47.96 -0.2177
           47.98 -0.1425
              48 -0.1142
           48.02 -0.1275
           48.04 -0.1646
           48.06 -0.2141
           48.08 -0.2884
            48.1 -0.3794
           48.12 -0.4661
           48.14 -0.5448
           48.16 -0.5766
           48.18 -0.5501
            48.2 -0.4334
           48.22 -0.2831
           48.24 -0.1691
           48.26 -0.1302
           48.28 -0.1399
            48.3  -0.139
           48.32 -0.1425
           48.34  -0.124
           48.36 -0.1425
           48.38 -0.2124
            48.4  -0.314
           48.42 -0.4077
           48.44 -0.4908
           48.46  -0.558
           48.48 -0.5704
            48.5 -0.5244
           48.52 -0.4104
           48.54 -0.3034
           48.56 -0.2486
           48.58 -0.2601
            48.6 -0.2902
           48.62 -0.2654
           48.64  -0.192
           48.66 -0.1195
           48.68 -0.0939
            48.7 -0.1195
           48.72 -0.2018
           48.74 -0.3229
           48.76 -0.4316
           48.78 -0.4723
            48.8 -0.3865
           48.82 -0.2548
           48.84 -0.1673
           48.86  -0.154
           48.88 -0.1584
            48.9 -0.1151
           48.92 -0.0188
           48.94  0.0404
           48.96  0.0219
           48.98 -0.0524
              49  -0.101
           49.02 -0.0727
           49.04  -0.017
           49.06 -0.0073
           49.08  -0.025
            49.1 -0.0303
           49.12 -0.0382
           49.14 -0.0656
           49.16  -0.131
           49.18 -0.2053
            49.2 -0.2477
           49.22  -0.253
           49.24 -0.2698
           49.26 -0.2972
           49.28 -0.2557
            49.3 -0.1761
           49.32 -0.1531
           49.34 -0.2044
           49.36 -0.2592
           49.38 -0.3167
            49.4 -0.3733
           49.42 -0.4493
           49.44 -0.4944
           49.46 -0.4723
           49.48 -0.3706
            49.5 -0.2336
           49.52 -0.1655
           49.54 -0.1947
           49.56  -0.253
           49.58 -0.2795
            49.6 -0.2769
           49.62  -0.299
           49.64 -0.3741
           49.66 -0.4396
           49.68 -0.4449
            49.7 -0.3618
           49.72 -0.2221
           49.74 -0.1054
           49.76 -0.0647
           49.78 -0.1319
            49.8 -0.2751
           49.82 -0.4166
           49.84  -0.505
           49.86 -0.5244
           49.88 -0.4873
            49.9 -0.4687
           49.92 -0.4811
           49.94 -0.5023
           49.96 -0.4873
           49.98 -0.4104
              50 -0.3255
           50.02 -0.2778
           50.04 -0.2955
           50.06 -0.3653
           50.08 -0.4122
            50.1 -0.4077
           50.12 -0.3759
           50.14 -0.3476
           50.16 -0.3229
           50.18 -0.2999
            50.2 -0.2787
           50.22 -0.2663
           50.24 -0.2689
           50.26 -0.2866
           50.28 -0.3052
            50.3 -0.3131
           50.32 -0.2707
           50.34 -0.1823
           50.36 -0.0683
           50.38  0.0219
            50.4   0.036
           50.42 -0.0736
           50.44 -0.2468
           50.46 -0.3538
           50.48 -0.3671
            50.5 -0.2928
           50.52 -0.1938
           50.54 -0.1001
           50.56 -0.0329
           50.58  0.0051
            50.6  0.0254
           50.62  0.0237
           50.64   0.013
           50.66   0.013
           50.68  0.0228
            50.7  0.0458
           50.72  0.0829
           50.74   0.128
           50.76  0.1704
           50.78  0.2164
            50.8  0.2482
           50.82  0.2332
           50.84  0.2146
           50.86  0.2561
           50.88  0.3251
            50.9  0.3967
           50.92  0.4515
           50.94  0.4683
           50.96   0.448
           50.98  0.3331
              51   0.158
           51.02  0.0157
           51.04 -0.0789
           51.06 -0.1001
           51.08 -0.0471
            51.1  0.0475
           51.12  0.1554
           51.14    0.25
           51.16  0.3384
           51.18  0.4303
            51.2  0.5134
           51.22  0.5877
           51.24  0.6371
           51.26  0.6875
           51.28  0.7158
            51.3  0.6911
           51.32  0.5735
           51.34  0.4338
           51.36  0.3384
           51.38  0.3074
            51.4  0.3145
           51.42  0.3596
           51.44  0.4188
           51.46  0.4736
           51.48  0.4895
            51.5  0.4276
           51.52  0.3392
           51.54  0.2791
           51.56  0.2641
           51.58  0.2561
            51.6  0.2305
           51.62  0.1996
           51.64   0.189
           51.66  0.2075
           51.68  0.2632
            51.7  0.3216
           51.72   0.356
           51.74  0.3401
           51.76   0.311
           51.78  0.2977
            51.8  0.2924
           51.82  0.2721
           51.84  0.2243
           51.86  0.1792
           51.88  0.1792
            51.9  0.2252
           51.92  0.2844
           51.94  0.3207
           51.96  0.3357
           51.98  0.3331
              52  0.3251
           52.02  0.3092
           52.04   0.303
           52.06  0.3216
           52.08  0.3384
            52.1  0.3242
           52.12  0.2986
           52.14  0.2712
           52.16  0.2358
           52.18   0.189
            52.2  0.1297
           52.22  0.0519
           52.24 -0.0002
           52.26  0.0237
           52.28  0.1094
            52.3  0.1669
           52.32  0.1863
           52.34  0.2279
           52.36  0.3083
           52.38  0.3826
            52.4  0.4002
           52.42  0.3313
           52.44  0.2305
           52.46  0.1775
           52.48  0.1978
            52.5  0.2508
           52.52  0.2659
           52.54  0.2332
           52.56  0.2146
           52.58  0.2243
            52.6  0.2482
           52.62    0.25
           52.64  0.2172
           52.66  0.1952
           52.68  0.2473
            52.7  0.2977
           52.72  0.3083
           52.74  0.2835
           52.76  0.2597
           52.78  0.2491
            52.8  0.2482
           52.82  0.2447
           52.84  0.2164
           52.86  0.1739
           52.88  0.1554
            52.9   0.166
           52.92   0.196
           52.94  0.2172
           52.96  0.2208
           52.98  0.1978
              53  0.1377
           53.02  0.0749
           53.04  0.0166
           53.06 -0.0223
           53.08 -0.0294
            53.1 -0.0276
           53.12 -0.0391
           53.14 -0.0718
           53.16 -0.0886
           53.18 -0.0665
            53.2 -0.0073
           53.22  0.0484
           53.24   0.074
           53.26  0.0891
           53.28  0.0864
            53.3  0.0802
           53.32  0.0608
           53.34  0.0166
           53.36 -0.0647
           53.38 -0.1381
            53.4 -0.1593
           53.42 -0.1204
           53.44 -0.0135
           53.46  0.0917
           53.48  0.1032
            53.5   0.036
           53.52 -0.0639
           53.54 -0.1478
           53.56 -0.1912
           53.58 -0.1947
            53.6 -0.1867
           53.62 -0.1744
           53.64 -0.1266
           53.66 -0.0418
           53.68  0.0528
            53.7  0.0908
           53.72  0.0811
           53.74  0.0502
           53.76  0.0581
           53.78  0.1041
            53.8  0.1085
           53.82  0.0325
           53.84 -0.0736
           53.86 -0.1293
           53.88 -0.1363
            53.9 -0.1381
           53.92 -0.1867
           53.94  -0.261
           53.96 -0.3123
           53.98  -0.307
              54 -0.2813
           54.02 -0.2628
           54.04 -0.2539
           54.06 -0.2265
           54.08 -0.1788
            54.1 -0.1584
           54.12 -0.1735
           54.14 -0.1973
           54.16 -0.2194
           54.18 -0.2309
            54.2 -0.2407
           54.22 -0.2725
           54.24 -0.3034
           54.26 -0.3176
           54.28  -0.314
            54.3 -0.3096
           54.32 -0.2919
           54.34 -0.2619
           54.36  -0.246
           54.38 -0.2689
            54.4 -0.3114
           54.42 -0.3556
           54.44 -0.3856
           54.46 -0.4007
           54.48 -0.3971
            54.5 -0.3741
           54.52 -0.3229
           54.54  -0.238
           54.56 -0.1708
           54.58 -0.1337
            54.6 -0.1107
           54.62 -0.0824
           54.64 -0.0683
           54.66 -0.0904
           54.68 -0.1682
            54.7 -0.2433
           54.72  -0.291
           54.74 -0.3078
           54.76 -0.2972
           54.78 -0.2716
            54.8 -0.2468
           54.82 -0.2442
           54.84 -0.2574
           54.86 -0.2795
           54.88 -0.2804
            54.9 -0.2619
           54.92 -0.2433
           54.94 -0.2433
           54.96 -0.2654
           54.98 -0.2875
              55 -0.2955
           55.02 -0.2937
           55.04 -0.3008
           55.06 -0.3176
           55.08 -0.3344
            55.1 -0.3379
           55.12 -0.3459
           55.14 -0.3662
           55.16 -0.3883
           55.18 -0.4051
            55.2 -0.4068
           55.22 -0.3874
           55.24 -0.3573
           55.26 -0.3237
           55.28 -0.3096
            55.3 -0.3158
           55.32  -0.337
           55.34 -0.3582
           55.36 -0.3839
           55.38  -0.406
            55.4 -0.4139
           55.42 -0.3874
           55.44 -0.3299
           55.46 -0.2743
           55.48 -0.2247
            55.5 -0.1717
           55.52 -0.1142
           55.54 -0.0612
           55.56 -0.0285
           55.58 -0.0303
            55.6 -0.0559
           55.62 -0.0895
           55.64 -0.1045
           55.66 -0.0939
           55.68 -0.0621
            55.7  -0.025
           55.72   0.021
           55.74  0.0776
           55.76  0.1315
           55.78  0.1642
            55.8  0.1616
           55.82  0.1165
           55.84  0.0449
           55.86  -0.009
           55.88 -0.0391
            55.9 -0.0506
           55.92 -0.0471
           55.94 -0.0223
           55.96  0.0104
           55.98  0.0343
              56  0.0431
           56.02  0.0431
           56.04  0.0352
           56.06  0.0307
           56.08  0.0139
            56.1 -0.0205
           56.12 -0.0559
           56.14 -0.0692
           56.16 -0.0285
           56.18  0.0192
            56.2  0.0245
           56.22  0.0024
           56.24  0.0095
           56.26   0.067
           56.28  0.1403
            56.3  0.1775
           56.32   0.166
           56.34  0.1403
           56.36  0.1386
           56.38  0.1616
            56.4  0.1731
           56.42  0.1739
           56.44  0.1739
           56.46  0.1907
           56.48  0.2164
            56.5  0.2438
           56.52  0.2632
           56.54  0.2818
           56.56  0.2774
           56.58  0.2659
            56.6  0.2544
           56.62  0.2455
           56.64   0.242
           56.66  0.2491
           56.68  0.2482
            56.7  0.2394
           56.72  0.2217
           56.74  0.2067
           56.76  0.1969
           56.78  0.1854
            56.8  0.1501
           56.82  0.1015
           56.84  0.0829
           56.86  0.0953
           56.88  0.1236
            56.9  0.1465
           56.92  0.1324
           56.94  0.1032
           56.96   0.082
           56.98  0.0935
              57  0.0997
           57.02  0.0962
           57.04  0.1041
           57.06  0.1342
           57.08  0.1616
            57.1  0.1748
           57.12  0.1616
           57.14  0.1368
           57.16  0.1297
           57.18  0.1395
            57.2   0.135
           57.22  0.0997
           57.24  0.0528
           57.26  0.0157
           57.28  0.0042
            57.3 -0.0029
           57.32  -0.017
           57.34 -0.0435
           57.36 -0.0603
           57.38 -0.0647
            57.4 -0.0692
           57.42 -0.0824
           57.44  -0.093
           57.46  -0.063
           57.48 -0.0064
            57.5  0.0502
           57.52  0.0891
           57.54  0.1289
           57.56  0.1739
           57.58  0.2155
            57.6  0.2058
           57.62  0.1395
           57.64  0.0634
           57.66  0.0245
           57.68   0.029
            57.7  0.0431
           57.72  0.0732
           57.74  0.1023
           57.76  0.1138
           57.78  0.1315
            57.8  0.1748
           57.82  0.2234
           57.84  0.2535
           57.86  0.2287
           57.88  0.1686
            57.9  0.1085
           57.92  0.0785
           57.94  0.0687
           57.96  0.0555
           57.98  0.0458
              58  0.0413
           58.02  0.0431
           58.04  0.0413
           58.06  0.0316
           58.08  0.0281
            58.1  0.0095
           58.12 -0.0108
           58.14  -0.002
           58.16   0.044
           58.18  0.1059
            58.2  0.1465
           58.22  0.1403
           58.24  0.0953
           58.26   0.059
           58.28  0.0573
            58.3  0.0723
           58.32  0.0723
           58.34   0.082
           58.36  0.1059
           58.38  0.1412
            58.4  0.1775
           58.42  0.1987
           58.44  0.1863
           58.46  0.1545
           58.48  0.1518
            58.5  0.1518
           58.52  0.1474
           58.54  0.1492
           58.56  0.1465
           58.58  0.1368
            58.6   0.105
           58.62  0.0458
           58.64 -0.0276
           58.66  -0.093
           58.68 -0.1319
            58.7 -0.1363
           58.72  -0.124
           58.74 -0.1134
           58.76 -0.1054
           58.78 -0.0975
            58.8 -0.0665
           58.82 -0.0152
           58.84  0.0237
           58.86  0.0245
           58.88 -0.0099
            58.9 -0.0612
           58.92 -0.1019
           58.94 -0.1045
           58.96 -0.0806
           58.98 -0.0294
              59  0.0157
           59.02  0.0396
           59.04  0.0219
           59.06  -0.017
           59.08 -0.0364
            59.1 -0.0391
           59.12 -0.0312
           59.14 -0.0188
           59.16  0.0007
           59.18  0.0024
            59.2 -0.0382
           59.22 -0.1257
           59.24 -0.2115
           59.26 -0.2574
           59.28 -0.2557
            59.3 -0.2283
           59.32 -0.1876
           59.34 -0.1779
           59.36 -0.1929
           59.38 -0.2053
            59.4 -0.2062
           59.42 -0.1956
           59.44 -0.1885
           59.46 -0.1885
           59.48 -0.1885
            59.5 -0.1779
           59.52 -0.1355
           59.54 -0.0913
           59.56 -0.0868
           59.58 -0.1275
            59.6 -0.1735
           59.62 -0.1973
           59.64 -0.1858
           59.66 -0.1602
           59.68 -0.1523
            59.7 -0.1593
           59.72 -0.1355
           59.74 -0.0736
           59.76 -0.0258
           59.78 -0.0285
            59.8 -0.0621
           59.82 -0.0824
           59.84 -0.0762
           59.86 -0.0718
           59.88 -0.0886
            59.9 -0.1107
           59.92 -0.0939
           59.94 -0.0444
           59.96  0.0237
           59.98  0.0829
              60  0.1059
