0
-2.31702E-06
6.21611E-07
5.33028E-05
4.89908E-05
-0.00012844
-0.000345566
-0.000296636
0.00016106
0.00059633
0.000621814
0.000375127
-1.38226E-05
-0.00040265
-0.000407747
0.000122324
0.000785933
0.000977574
0.000514781
-0.000171254
-0.000566769
-0.000615698
-0.000536188
-0.000178389
0.000407747
0.00066157
0.000360856
-0.000173293
-0.000565749
-0.000594292
-0.000131498
0.000633028
0.001200815
0.001160041
0.000585117
-4.94903E-05
-0.000370031
-0.000237513
0.00017737
0.000517839
0.00049949
7.50765E-05
-0.000546381
-0.0010316
-0.00111213
-0.000814475
-0.000480122
-0.000190622
-4.86646E-05
-0.000433231
-0.001021407
-0.000976555
-0.000331295
0.000176351
0.000279307
0.000230377
1.79205E-06
-0.00054842
-0.000990826
-0.00067788
0.000291539
0.001088685
0.00106524
0.000504587
8.24057E-05
-0.000121305
-0.000266055
-0.000138634
0.000333333
0.000442406
-0.000191641
-0.00077472
-0.000748216
-0.000619776
-0.000723751
-0.000688073
-0.000456677
-0.000509684
-0.000824669
-0.000873598
-0.00062895
-0.000353721
2.33129E-05
0.000603466
0.001018349
0.000852192
0.000314985
0.000114169
0.000424057
0.000723751
0.000664628
0.000540265
0.000372069
-0.000221203
-0.00093476
-0.000992864
-0.000466871
-0.000185525
-0.000268094
-0.000369011
-0.000616718
-0.00114577
-0.00133843
-0.000711519
8.6157E-05
0.00035474
0.000237513
2.53415E-05
-0.000291539
-0.000408767
0.000104995
0.000942915
0.001409786
0.00153211
0.001465851
0.000987768
0.000276249
1.02243E-05
0.000169215
0.000189602
-2.30275E-06
-0.000237513
-0.000680938
-0.001349643
-0.001697248
-0.001508665
-0.001106014
-0.000799185
-0.0007421
-0.00103262
-0.001437309
-0.00140367
-0.000669725
0.000470948
0.00141896
0.001713558
0.001432212
0.000905199
0.000514781
0.000799185
0.00166157
0.002155963
0.001730887
0.000833843
-9.91131E-05
-0.001034659
-0.001598369
-0.00138736
-0.000869521
-0.000960245
-0.00175739
-0.002513761
-0.002662589
-0.002214067
-0.001528033
-0.000833843
-0.000182467
0.000277268
0.000460754
0.000493374
0.000679918
0.001169215
0.001860347
0.002471967
0.002744139
0.002571865
0.001969419
0.001250765
0.000902141
0.001061162
0.001165138
0.000708461
-0.000116208
-0.000850153
-0.001393476
-0.001762487
-0.001771662
-0.00159633
-0.001754332
-0.002251784
-0.002374108
-0.001804281
-0.001234455
-0.001007136
-0.000678899
-0.000318043
-0.000352701
-0.00030683
0.000466871
0.001534149
0.002169215
0.002331295
0.002156983
0.00156473
0.000888889
0.000814475
0.001206932
0.001221203
0.000634047
-5.99694E-05
-0.000653415
-0.00120999
-0.001568807
-0.001592253
-0.001524975
-0.001644241
-0.001775739
-0.001698267
-0.001506626
-0.001334353
-0.001127421
-0.000812436
-0.000328236
0.000347604
0.001018349
0.001280326
0.001192661
0.001122324
0.001173293
0.001334353
0.001688073
0.002078491
0.002155963
0.001749235
0.001100917
0.00040265
-0.000286442
-0.000680938
-0.000639144
-0.00058104
-0.000964322
-0.001802243
-0.002599388
-0.002750255
-0.002296636
-0.001606524
-0.000787971
-0.00014475
6.28236E-05
-6.9368E-05
-0.0002263
1.59327E-05
0.00080632
0.001832824
0.002593272
0.002678899
0.001901121
0.000788991
0.000298675
0.000728848
0.001444444
0.001624873
0.001121305
0.000265036
-0.000502548
-0.000777778
-0.000627931
-0.000366972
-0.000175331
-0.000265036
-0.000823649
-0.001424057
-0.001453619
-0.001030581
-0.000544343
-0.000222222
-0.00011315
-0.00017737
-0.000159021
9.02548E-05
0.000423038
0.000630989
0.000633028
0.000300714
-0.00032212
-0.000712538
-0.000462793
-6.61264E-07
0.000165138
0.000180428
1.86035E-05
-0.000485219
-0.000964322
-0.000873598
-0.000416922
-0.00019368
-0.000251784
-0.000330275
-0.000351682
-0.000378186
-0.000308869
-4.20489E-05
0.000332314
0.000571865
0.000482161
0.000229358
0.000120285
0.000217125
0.000414883
0.000644241
0.00082263
0.000869521
0.000691131
0.00038736
0.000150866
4.0999E-05
-1.69215E-05
-0.000163099
-0.000363914
-0.000508665
-0.000594292
-0.000522936
-0.000292559
-0.000292559
-0.000584098
-0.000680938
-0.000411825
-0.000189602
-0.000228338
-0.000251784
-0.000347604
-0.000801223
-0.001181448
-0.000794088
0.000134557
0.000711519
0.000589195
0.000165138
-0.000298675
-0.000621814
-0.000330275
0.000690112
0.001571865
0.001417941
0.000576962
-0.000103976
-0.00062895
-0.001104995
-0.001090724
-0.000478084
-0.000104995
-0.00058002
-0.001498471
-0.002188583
-0.002501529
-0.002363914
-0.00177472
-0.001190622
-0.000988787
-0.000976555
-0.00072579
-0.000118247
0.000599388
0.000998981
0.000973496
0.000832824
0.000916412
0.001082569
0.001216106
0.001460754
0.001869521
0.00193476
0.001276249
0.000434251
-1.78797E-05
-0.000510703
-0.001271152
-0.001803262
-0.002060143
-0.002735984
-0.003875637
-0.004482161
-0.004160041
-0.003672783
-0.003260958
-0.002362895
-0.001072375
-8.31091E-05
0.000682977
0.001768603
0.002953109
0.003568807
0.003786952
0.004366972
0.005266055
0.005786952
0.005824669
0.005682977
0.00511315
0.003749235
0.002138634
0.000942915
-8.66667E-05
-0.001426096
-0.002741081
-0.003634047
-0.004389399
-0.005090724
-0.005302752
-0.004895005
-0.004398573
-0.004350663
-0.00446789
-0.0039684
-0.002559633
-0.000747197
0.000928644
0.002173293
0.002746177
0.002794088
0.002987768
0.003811417
0.004973496
0.005556575
0.00516208
0.004438328
0.003878695
0.003121305
0.001942915
0.000818552
7.47095E-05
-0.00069317
-0.001748216
-0.002630989
-0.003001019
-0.003192661
-0.00341998
-0.003365953
-0.003094801
-0.003008155
-0.002788991
-0.00195209
-0.000863405
-0.000147808
0.000432212
0.001437309
0.002576962
0.003280326
0.003925586
0.00493476
0.005490316
0.00487156
0.003702345
0.002954128
0.002663609
0.002493374
0.002570846
0.002756371
0.002221203
0.000734964
-0.000621814
-0.000985729
-0.000753313
-0.000550459
-0.000535168
-0.000836901
-0.001575943
-0.002648318
-0.003630989
-0.004075433
-0.003896024
-0.003377166
-0.002805301
-0.002166157
-0.001287462
-0.000190622
0.001029562
0.002216106
0.003183486
0.003741081
0.003812436
0.003507645
0.002974516
0.002233435
0.001248726
0.000393476
-8.86646E-07
-0.000278287
-0.000864424
-0.001434251
-0.00154842
-0.00156473
-0.001900102
-0.002268094
-0.002148828
-0.001647299
-0.001135576
-0.000541284
0.000361876
0.001143731
0.001316004
0.001219164
0.001238532
0.001082569
0.000413863
-0.000254842
-0.000431193
-0.000478084
-0.000507645
-5.26504E-05
0.000646279
0.000576962
-0.000406728
-0.001409786
-0.001786952
-0.001624873
-0.00124159
-0.00067788
-0.000261978
-0.000577982
-0.001359837
-0.001651376
-0.001398573
-0.001178389
-0.000918451
-0.000364934
-0.000745158
-0.003320082
-0.006825688
-0.008644241
-0.0084842
-0.008429154
-0.009393476
-0.010328236
-0.01106524
-0.012456677
-0.013695209
-0.013530071
-0.013197757
-0.014104995
-0.014848114
-0.013732926
-0.011465851
-0.008831804
-0.005276249
-0.001453619
4.84098E-05
-0.001868502
-0.00493578
-0.005251784
-0.000303772
0.007650357
0.012849134
0.012206932
0.007068298
-0.000673802
-0.009778797
-0.017490316
-0.020434251
-0.01869419
-0.016653415
-0.01814475
-0.022492355
-0.026562691
-0.027281346
-0.021678899
-0.009383282
0.005434251
0.018816514
0.030337411
0.039595311
0.045246687
0.048351682
0.05091947
0.052284404
0.051347604
0.049261978
0.047191641
0.04541896
0.044407747
0.042866463
0.038264016
0.030912334
0.021656473
0.006300714
-0.020071356
-0.052965341
-0.079927625
-0.092884811
-0.09293578
-0.083567788
-0.068366972
-0.053753313
-0.043190622
-0.030424057
-0.006511723
0.030857288
0.078759429
0.128296636
0.164072375
0.17720999
0.175343527
0.170074414
0.16404893
0.159783894
0.164955148
0.17095209
0.142708461
0.056965341
-0.061381244
-0.167460754
-0.242185525
-0.285636086
-0.297333333
-0.294172273
-0.310007136
-0.348630989
-0.37417737
-0.359606524
-0.306083588
-0.21830581
-0.105050968
0.00364526
0.08375739
0.149534149
0.222271152
0.291547401
0.345325178
0.404958206
0.479948012
0.528302752
0.521643221
0.493873598
0.467956167
0.400075433
0.258196738
0.083568807
-0.078037717
-0.227317023
-0.358798165
-0.442785933
-0.480960245
-0.510204893
-0.541253823
-0.538302752
-0.467336391
-0.346444444
-0.229465851
-0.143037717
-0.074004077
-0.011784913
0.05383894
0.155907238
0.298381244
0.413696228
0.438383282
0.387722732
0.309442406
0.226130479
0.157494393
0.128040775
0.118228338
0.071061162
-0.031881753
-0.150641182
-0.246359837
-0.31056371
-0.338904179
-0.329622834
-0.30820897
-0.305245668
-0.311833843
-0.295982671
-0.244760449
-0.157879715
-0.036650357
0.091874618
0.182104995
0.220573904
0.235915392
0.25670948
0.288033639
0.325450561
0.365738022
0.390348624
0.362104995
0.270849134
0.158005097
0.065027523
-0.002153925
-0.036304791
-0.030539246
-0.033567788
-0.112207951
-0.25150051
-0.369642202
-0.414801223
-0.38343527
-0.292055046
-0.190325178
-0.144269113
-0.164873598
-0.19904791
-0.192557594
-0.121460754
0.010732926
0.161079511
0.261609582
0.278508665
0.238302752
0.191555556
0.175552497
0.205946993
0.267755352
0.309445464
0.277053007
0.166291539
0.025393476
-0.089948012
-0.147556575
-0.144352701
-0.108687054
-0.083770642
-0.093698267
-0.134355759
-0.185258919
-0.212534149
-0.184555556
-0.108594292
-0.029910296
0.017425076
0.0342579
0.034449541
0.035110092
0.062231397
0.127804281
0.20691947
0.26338736
0.284239551
0.273950051
0.244545362
0.222689093
0.224678899
0.220438328
0.168363914
0.078341488
-0.010093782
-0.09014577
-0.174264016
-0.250683996
-0.30616106
-0.355753313
-0.407620795
-0.436574924
-0.423189602
-0.378809378
-0.310640163
-0.204029562
-0.063452599
0.065585117
0.14687156
0.19920897
0.255620795
0.310414883
0.351728848
0.402938838
0.475609582
0.521932722
0.485632008
0.368973496
0.216985729
0.071158002
-0.0404842
-0.108501529
-0.160594292
-0.244655454
-0.372991845
-0.506915392
-0.6012579
-0.632172273
-0.586195719
-0.472424057
-0.344958206
-0.259567788
-0.212633028
-0.163544343
-0.089082569
0.02324261
0.183020387
0.352330275
0.452511723
0.452294597
0.39632314
0.337278287
0.295683996
0.282343527
0.296173293
0.296899083
0.231534149
0.09606524
-0.06119368
-0.192067278
-0.272881753
-0.294359837
-0.270271152
-0.243363914
-0.244098879
-0.255752294
-0.245122324
-0.202755352
-0.133659531
-0.041428135
0.058457696
0.137487258
0.181236493
0.200093782
0.210122324
0.219702345
0.232569827
0.245398573
0.242466871
0.208396534
0.146701325
0.076786952
0.016703364
-0.026413863
-0.058151886
-0.093206932
-0.140910296
-0.192460754
-0.229898063
-0.243884811
-0.234194699
-0.202490316
-0.156001019
-0.107948012
-0.064940877
-0.022760449
0.021605505
0.065470948
0.108798165
0.152678899
0.189325178
0.206496432
0.201662589
0.182475025
0.156574924
0.12893476
0.102636086
0.073567788
0.031620795
-0.02483792
-0.083100917
-0.130529052
-0.163902141
-0.180884811
-0.178970438
-0.166858308
-0.158897044
-0.155256881
-0.143167176
-0.116665647
-0.079453619
-0.033004077
0.02077472
0.069995923
0.103958206
0.130139653
0.162283384
0.194755352
0.20814475
0.19620897
0.168994903
0.134973496
0.097410805
0.06093578
0.025382263
-0.018289501
-0.071881753
-0.122060143
-0.156851172
-0.173918451
-0.172054027
-0.154679918
-0.137636086
-0.132664628
-0.130430173
-0.115003058
-0.083158002
-0.038672783
0.015829766
0.071066259
0.112118247
0.134715596
0.146344546
0.151256881
0.15016106
0.150106014
0.155292559
0.153751274
0.131142712
0.089400612
0.039236493
-0.012649337
-0.058083588
-0.086513761
-0.098424057
-0.104819572
-0.112002039
-0.119440367
-0.125974516
-0.12498369
-0.10438634
-0.062275229
-0.01259735
0.028991845
0.055856269
0.068067278
0.070231397
0.072283384
0.082679918
0.096996942
0.101264016
0.090562691
0.073439348
0.053353721
0.024126402
-0.011135576
-0.038957187
-0.056726809
-0.073811417
-0.091943935
-0.104939857
-0.113078491
-0.119718654
-0.120360856
-0.109364934
-0.090390418
-0.069429154
-0.045103976
-0.014393476
0.018904179
0.049746177
0.079068298
0.106681957
0.126406728
0.135480122
0.137266055
0.13293578
0.123994903
0.116769623
0.106166157
0.07220999
0.009599388
-0.061370031
-0.121911315
-0.167883792
-0.19575739
-0.202994903
-0.200641182
-0.202901121
-0.205818552
-0.194400612
-0.165046891
-0.123606524
-0.068943935
-0.001783894
0.059433231
0.100283384
0.131975535
0.167075433
0.203908257
0.248545362
0.301653415
0.323095821
0.275945973
0.189409786
0.113302752
0.049464832
-0.013557594
-0.060404689
-0.093776758
-0.149925586
-0.233595311
-0.299424057
-0.312931702
-0.278058104
-0.210566769
-0.130447503
-0.066876656
-0.034655454
-0.017081549
0.01120897
0.058037717
0.113271152
0.158923547
0.179527013
0.171824669
0.144749235
0.116294597
0.111575943
0.139664628
0.167634047
0.152282365
0.093510703
0.020569827
-0.049598369
-0.099369011
-0.101092762
-0.067809378
-0.058007136
-0.095751274
-0.14585525
-0.179423038
-0.193730887
-0.172561672
-0.10193476
-0.014486239
0.04287156
0.065625892
0.07416208
0.07685423
0.083377166
0.111270133
0.153034659
0.17503262
0.164060143
0.137734964
0.106164118
0.066149847
0.030224261
0.015834862
0.008961264
-0.019262997
-0.067904179
-0.114733945
-0.150841998
-0.173049949
-0.166917431
-0.127955148
-0.076688073
-0.034289501
-0.006928644
0.003721713
0.003776758
0.013972477
0.044212029
0.075050968
0.086461774
0.082400612
0.071943935
0.056638124
0.046045872
0.05306524
0.068041794
0.06609684
0.040729867
0.00549949
-0.028915392
-0.056513761
-0.068957187
-0.068650357
-0.073669725
-0.093543323
-0.115404689
-0.12306524
-0.113281346
-0.088267074
-0.051166157
-0.014454638
0.005283384
0.007889908
0.011247706
0.028985729
0.059982671
0.098715596
0.136529052
0.154008155
0.135955148
0.093481142
0.052497452
0.026121305
0.014170234
0.015465851
0.021582059
0.011943935
-0.025924567
-0.079489297
-0.125568807
-0.151236493
-0.15312946
-0.132303772
-0.100810398
-0.078989806
-0.075559633
-0.080874618
-0.08259633
-0.074522936
-0.052349643
-0.016488277
0.020506626
0.042350663
0.045464832
0.04016106
0.038784913
0.048190622
0.069384302
0.095734964
0.113434251
0.112646279
0.098441386
0.084502548
0.078566769
0.080721713
0.088607543
0.095202854
0.093370031
0.087249745
0.083390418
0.07556473
0.053826707
0.018361876
-0.025058104
-0.067287462
-0.094385321
-0.104874618
-0.116869521
-0.141554536
-0.167782875
-0.183627931
-0.188844037
-0.179752294
-0.150119266
-0.109632008
-0.07667788
-0.056545362
-0.043348624
-0.029079511
-0.002476045
0.044203874
0.101813456
0.150376147
0.176194699
0.17661366
0.159317023
0.142291539
0.140130479
0.146082569
0.139707441
0.110643221
0.064235474
0.01043629
-0.03946789
-0.072320082
-0.084140673
-0.087558614
-0.09848318
-0.11979001
-0.143514781
-0.159440367
-0.156446483
-0.128351682
-0.085222222
-0.047850153
-0.026512742
-0.014283384
0.0010316
0.028230377
0.069883792
0.118543323
0.159176351
0.179383282
0.175555556
0.152884811
0.123480122
0.099794088
0.086123344
0.077413863
0.064291539
0.040180428
0.007811417
-0.023627931
-0.049060143
-0.069316004
-0.084707441
-0.096082569
-0.107969419
-0.121913354
-0.132843017
-0.135566769
-0.124942915
-0.094627931
-0.049985729
-0.012168196
0.005569827
0.015442406
0.03630683
0.068030581
0.095353721
0.1077421
0.105640163
0.093053007
0.074621814
0.057920489
0.047738022
0.038268094
0.02001631
-0.00803262
-0.040608563
-0.073017329
-0.097775739
-0.105771662
-0.098126402
-0.084877676
-0.068536188
-0.044147808
-0.017496432
-0.004252803
-0.007770642
-0.014689093
-0.014662589
-0.008082569
0.005163099
0.0249684
0.040828746
0.043647299
0.041772681
0.044553517
0.043527013
0.030585117
0.013732926
-0.00224159
-0.023821611
-0.046018349
-0.051582059
-0.038754332
-0.020785933
-0.000359837
0.027213048
0.051857288
0.057810398
0.047405708
0.034375127
0.024567788
0.020868502
0.031083588
0.052840979
0.065486239
0.05220999
0.019008155
-0.015916412
-0.039293578
-0.045658512
-0.036603466
-0.024002039
-0.025938838
-0.051593272
-0.08995107
-0.117170234
-0.11662895
-0.088381244
-0.044713558
-0.005085627
0.014158002
0.015976555
0.017275229
0.024593272
0.033518858
0.045566769
0.061988787
0.072426096
0.070756371
0.065275229
0.05946789
0.045311927
0.023286442
0.005599388
-0.00254842
-0.004977574
-0.002033639
0.004962283
0.003803262
-0.015485219
-0.043944954
-0.064202854
-0.069362895
-0.060392457
-0.038188583
-0.011933741
-0.000635066
-0.012262997
-0.032928644
-0.043878695
-0.036082569
-0.008938838
0.027259939
0.051614679
0.051293578
0.03608053
0.026131498
0.032367992
0.052153925
0.074481142
0.086329256
0.080920489
0.062965341
0.043577982
0.028637105
0.014847095
-0.002743119
-0.024793068
-0.048823649
-0.069980632
-0.080965341
-0.079152905
-0.072794088
-0.072754332
-0.08024159
-0.087223242
-0.084156983
-0.064878695
-0.03062895
0.008014271
0.037009174
0.048033639
0.043772681
0.03662895
0.040006116
0.057856269
0.082772681
0.102893986
0.109941896
0.101880734
0.079481142
0.044342508
0.003571865
-0.030054027
-0.050026504
-0.06020897
-0.063795107
-0.062729867
-0.065381244
-0.076173293
-0.083865443
-0.076796126
-0.058434251
-0.035173293
-0.006632008
0.021730887
0.036879715
0.036635066
0.032839959
0.034713558
0.04393578
0.06079103
0.079814475
0.085741081
0.06759633
0.032795107
-0.000915392
-0.022187564
-0.030089704
-0.029412844
-0.028461774
-0.036296636
-0.056044852
-0.080331295
-0.095285423
-0.090063201
-0.063282365
-0.022494393
0.019707441
0.050627931
0.064584098
0.066775739
0.066957187
0.070923547
0.079018349
0.08740265
0.089174312
0.079778797
0.061850153
0.040808359
0.018883792
-0.003302752
-0.025329256
-0.049378186
-0.07679001
-0.102533129
-0.119847095
-0.126549439
-0.122049949
-0.106946993
-0.088018349
-0.073550459
-0.062882773
-0.048685015
-0.027610601
-0.002543323
0.022480122
0.044232416
0.059039755
0.064672783
0.064018349
0.062520897
0.060621814
0.055281346
0.049747197
0.050800204
0.056456677
0.05850051
0.054836901
0.047269113
0.032873598
0.010289501
-0.012494393
-0.027351682
-0.035938838
-0.042801223
-0.047601427
-0.04938634
-0.049781855
-0.049134557
-0.046442406
-0.042376147
-0.036866463
-0.026056065
-0.007447503
0.013922528
0.029030581
0.033513761
0.031313965
0.030779817
0.037380224
0.048841998
0.056355759
0.051927625
0.035440367
0.013850153
-0.004614679
-0.014148828
-0.013511723
-0.008432212
-0.008088685
-0.016511723
-0.029869521
-0.041070336
-0.043344546
-0.033125382
-0.014314985
0.004673802
0.018929664
0.028227319
0.033240571
0.035444444
0.03753211
0.040236493
0.04259735
0.044152905
0.041648318
0.02869419
0.004424057
-0.023340469
-0.046370031
-0.060286442
-0.061158002
-0.049430173
-0.036337411
-0.03388685
-0.039627931
-0.042872579
-0.041864424
-0.040728848
-0.035020387
-0.017410805
0.006256881
0.023479103
0.032416922
0.038579001
0.043495413
0.049095821
0.059973496
0.070966361
0.067815494
0.047453619
0.02162895
-0.000882773
-0.019109072
-0.030562691
-0.033681957
-0.034954128
-0.040330275
-0.045989806
-0.046827727
-0.044374108
-0.039782875
-0.030835882
-0.020468909
-0.015989806
-0.016690112
-0.013787971
-0.001659531
0.019993884
0.048405708
0.073785933
0.082238532
0.069939857
0.047292559
0.026668705
0.013821611
0.00998369
0.01095107
0.005074414
-0.01661264
-0.04846789
-0.076712538
-0.093407747
-0.097020387
-0.087356779
-0.069593272
-0.054984709
-0.049696228
-0.048874618
-0.044437309
-0.031090724
-0.005374108
0.032061162
0.072325178
0.103518858
0.121141692
0.129049949
0.131733945
0.130344546
0.12417737
0.110859327
0.08646789
0.050110092
0.006965341
-0.035654434
-0.072672783
-0.100658512
-0.116826707
-0.12043527
-0.114057085
-0.102892966
-0.091990826
-0.082614679
-0.071950051
-0.057311927
-0.038722732
-0.016235474
0.010984709
0.040955148
0.069569827
0.095549439
0.11885423
0.136111111
0.142664628
0.137670744
0.122583078
0.097446483
0.062622834
0.021122324
-0.023201835
-0.066395515
-0.103250765
-0.128901121
-0.141038736
-0.13954842
-0.1267737
-0.108781855
-0.091481142
-0.074022426
-0.050825688
-0.021153925
0.009302752
0.036728848
0.061729867
0.083664628
0.100141692
0.112856269
0.126072375
0.138074414
0.14188787
0.133296636
0.112588175
0.08109684
0.042130479
0.002599388
-0.032197757
-0.063237513
-0.093223242
-0.1210316
-0.143608563
-0.15911213
-0.165246687
-0.158792049
-0.140135576
-0.113945973
-0.083699286
-0.050067278
-0.01459633
0.020006116
0.052590214
0.081825688
0.103931702
0.116656473
0.12229052
0.122505607
0.115205912
0.099037717
0.075748216
0.045760449
0.007889908
-0.033879715
-0.069102956
-0.089805301
-0.096654434
-0.093943935
-0.084884811
-0.07438736
-0.067982671
-0.063069317
-0.049344546
-0.021669725
0.013517839
0.044551478
0.062168196
0.062904179
0.051809378
0.041084608
0.041730887
0.055875637
0.075908257
0.089465851
0.086411825
0.065328236
0.034459735
0.005533129
-0.013114169
-0.01995209
-0.020291539
-0.022702345
-0.032867482
-0.049243629
-0.064828746
-0.072320082
-0.067667686
-0.051839959
-0.0312263
-0.014663609
-0.007277268
-0.006921509
-0.009246687
-0.012155963
-0.011249745
4.18247E-05
0.020201835
0.038931702
0.050448522
0.057246687
0.05961264
0.055575943
0.050156983
0.050215087
0.053361876
0.052275229
0.044460754
0.029686035
0.006475025
-0.021397554
-0.043566769
-0.054365953
-0.058163099
-0.060982671
-0.064851172
-0.071033639
-0.07987156
-0.086284404
-0.082579001
-0.065953109
-0.039397554
-0.00843527
0.019622834
0.038652396
0.048998981
0.056189602
0.064885831
0.076139653
0.087667686
0.093931702
0.08849949
0.068324159
0.036917431
0.003831804
-0.020985729
-0.033816514
-0.03811315
-0.040546381
-0.047090724
-0.059446483
-0.072554536
-0.078905199
-0.076428135
-0.068164118
-0.055
-0.035373089
-0.011823649
0.00924159
0.024138634
0.033605505
0.039926606
0.046029562
0.054576962
0.065456677
0.076045872
0.083794088
0.08487156
0.073741081
0.049002039
0.016477064
-0.014982671
-0.03754842
-0.045883792
-0.041817533
-0.036248726
-0.040363914
-0.055114169
-0.072724771
-0.085858308
-0.091476045
-0.087974516
-0.074475025
-0.054284404
-0.033591233
-0.012923547
0.014844037
0.052489297
0.090135576
0.115958206
0.126097859
0.11693578
0.084713558
0.041211009
0.009489297
-0.002606524
-0.005328236
-0.006443425
-0.00972579
-0.024998981
-0.056320082
-0.087649337
-0.09830683
-0.084846075
-0.057014271
-0.02495209
0.001131498
0.012831804
0.014389399
0.021407747
0.042825688
0.071735984
0.09506422
0.103675841
0.093374108
0.066888889
0.036163099
0.01383894
0.000605505
-0.01258104
-0.032975535
-0.063095821
-0.100965341
-0.135648318
-0.150458716
-0.137692151
-0.105604485
-0.069077472
-0.040766565
-0.02759633
-0.023599388
-0.009975535
0.026504587
0.078385321
0.125932722
0.153510703
0.155440367
0.135632008
0.105672783
0.078669725
0.061358818
0.048561672
0.025072375
-0.019060143
-0.07493578
-0.122462793
-0.146920489
-0.143254842
-0.115362895
-0.079602446
-0.057253823
-0.054232416
-0.055630989
-0.043072375
-0.008738022
0.044868502
0.106139653
0.15569317
0.178814475
0.176937819
0.159975535
0.132599388
0.096442406
0.058042813
0.023471967
-0.008034659
-0.036715596
-0.057883792
-0.070912334
-0.082642202
-0.097514781
-0.11361366
-0.128089704
-0.136653415
-0.130551478
-0.103651376
-0.059549439
-0.00749949
0.043542304
0.085437309
0.113874618
0.133068298
0.151351682
0.170697248
0.18414475
0.181657492
0.155073394
0.101997961
0.030825688
-0.040848114
-0.097617737
-0.13524159
-0.158922528
-0.177217125
-0.197494393
-0.21938634
-0.231825688
-0.22241896
-0.189023445
-0.13862895
-0.080412844
-0.024003058
0.02264526
0.058965341
0.091795107
0.127108053
0.163346585
0.19341998
0.210778797
0.212235474
0.198348624
0.174340469
0.147748216
0.121243629
0.090310907
0.050150866
0.000936799
-0.052959225
-0.104044852
-0.143943935
-0.169632008
-0.184479103
-0.190949032
-0.187618756
-0.173598369
-0.149443425
-0.114598369
-0.070191641
-0.022542304
0.021293578
0.058916412
0.090882773
0.117828746
0.14079001
0.159599388
0.170359837
0.168134557
0.151810398
0.124252803
0.089873598
0.053760449
0.01967788
-0.013050968
-0.047890928
-0.085396534
-0.122039755
-0.153847095
-0.176707441
-0.185453619
-0.17717737
-0.154966361
-0.125768603
-0.095291539
-0.065848114
-0.036683996
-0.004760449
0.032250765
0.071562691
0.105731906
0.127867482
0.135932722
0.132445464
0.121875637
0.108427115
0.095057085
0.082216106
0.067324159
0.047350663
0.022006116
-0.006189602
-0.034131498
-0.058920489
-0.07814475
-0.091718654
-0.101796126
-0.109275229
-0.111882773
-0.106649337
-0.092586137
-0.070325178
-0.041107034
-0.007845056
0.024786952
0.053019368
0.075769623
0.092334353
0.100707441
0.100978593
0.097081549
0.091956167
0.085159021
0.076544343
0.066360856
0.051379205
0.028275229
8.86442E-05
-0.026816514
-0.049104995
-0.065365953
-0.074334353
-0.078022426
-0.081447503
-0.086573904
-0.089345566
-0.08419368
-0.069038736
-0.04630683
-0.021651376
-0.001747197
0.009707441
0.015839959
0.023688073
0.037067278
0.054867482
0.073986748
0.089748216
0.096295617
0.091780836
0.080674822
0.067753313
0.054407747
0.041357798
0.028857288
0.013966361
-0.006913354
-0.032206932
-0.055866463
-0.072851172
-0.081585117
-0.082891947
-0.079704383
-0.076860347
-0.077428135
-0.07867686
-0.074624873
-0.06175739
-0.039792049
-0.010589195
0.020633028
0.046992864
0.06530581
0.07712946
0.084653415
0.089269113
0.092925586
0.096146789
0.095485219
0.086239551
0.066875637
0.039860347
0.010288481
-0.015986748
-0.034832824
-0.046207951
-0.05443629
-0.064444444
-0.077301733
-0.090130479
-0.098450561
-0.097540265
-0.084875637
-0.064029562
-0.043094801
-0.027008155
-0.014046891
-3.3578E-05
0.017796126
0.040759429
0.067411825
0.091343527
0.104724771
0.104901121
0.095262997
0.081535168
0.068608563
0.058636086
0.049619776
0.036462793
0.01504893
-0.013614679
-0.043545362
-0.067807339
-0.083109072
-0.091509684
-0.097721713
-0.104960245
-0.112834862
-0.117400612
-0.112229358
-0.092219164
-0.058816514
-0.020568807
0.013040775
0.037771662
0.055463812
0.07130683
0.090015291
0.111769623
0.130826707
0.13867788
0.12964526
0.104902141
0.071711519
0.038396534
0.009902141
-0.013148828
-0.033343527
-0.05482263
-0.080295617
-0.107546381
-0.129739042
-0.139884811
-0.134938838
-0.116899083
-0.09193476
-0.067408767
-0.047131498
-0.028482161
-0.005513761
0.02485525
0.060657492
0.09643527
0.124584098
0.138379205
0.137142712
0.126710499
0.113998981
0.102680938
0.092433231
0.079132518
0.056862385
0.023240571
-0.017787971
-0.059300714
-0.095
-0.120009174
-0.132084608
-0.133376147
-0.128766565
-0.122147808
-0.114775739
-0.104913354
-0.088485219
-0.062523955
-0.028823649
0.007237513
0.040164118
0.065863405
0.083179409
0.095223242
0.106732926
0.119060143
0.129464832
0.133748216
0.127603466
0.107591233
0.075124363
0.0382263
0.005327217
-0.021195719
-0.044081549
-0.066599388
-0.090562691
-0.115404689
-0.136131498
-0.14514475
-0.138990826
-0.12095209
-0.096576962
-0.069809378
-0.043167176
-0.017772681
0.008349643
0.038282365
0.070991845
0.101058104
0.123681957
0.137282365
0.141766565
0.137619776
0.126253823
0.109010194
0.086117227
0.057966361
0.026172273
-0.007308869
-0.040302752
-0.070103976
-0.094385321
-0.111920489
-0.122056065
-0.124426096
-0.119659531
-0.109406728
-0.094883792
-0.076449541
-0.054286442
-0.029243629
-0.002488277
0.024833843
0.050997961
0.073717635
0.091213048
0.102717635
0.10790316
0.106799185
0.100287462
0.089292559
0.073730887
0.053535168
0.029913354
0.005077472
-0.01867686
-0.039536188
-0.056296636
-0.06895107
-0.07875841
-0.086301733
-0.090392457
-0.089781855
-0.084440367
-0.07401631
-0.057719674
-0.036824669
-0.014523955
0.00691947
0.027036697
0.045330275
0.060805301
0.073008155
0.081815494
0.08612946
0.084561672
0.077482161
0.066644241
0.053197757
0.037051988
0.018533129
-0.001194699
-0.021173293
-0.040045872
-0.055247706
-0.065069317
-0.070411825
-0.072480122
-0.071058104
-0.066641182
-0.060574924
-0.052044852
-0.038752294
-0.02124261
-0.003602446
0.010571865
0.021424057
0.03130581
0.04127421
0.050643221
0.058508665
0.063431193
0.063300714
0.057555556
0.048427115
0.038665647
0.028712538
0.01743527
0.004637105
-0.009197757
-0.023640163
-0.037093782
-0.04685423
-0.052111111
-0.054845056
-0.056604485
-0.056538226
-0.053331295
-0.046848114
-0.037481142
-0.025780836
-0.013236493
-0.0015158
0.008948012
0.018601427
0.027785933
0.03616208
0.042462793
0.045216106
0.044370031
0.041447503
0.037955148
0.034446483
0.031051988
0.027307849
0.021434251
0.012231397
0.001185525
-0.009299694
-0.018503568
-0.02667788
-0.033250765
-0.037770642
-0.041015291
-0.043537207
-0.04472579
-0.044249745
-0.042700306
-0.039360856
-0.032365953
-0.021720693
-0.009317023
0.003829766
0.017312946
0.029607543
0.039630989
0.048195719
0.056191641
0.062949032
0.066752294
0.066558614
0.062167176
0.053248726
0.03979001
0.023186544
0.005496432
-0.01232314
-0.030033639
-0.046319062
-0.0592263
-0.068446483
-0.074505607
-0.076569827
-0.073428135
-0.065583078
-0.053901121
-0.038362895
-0.020003058
-0.001550459
0.0154842
0.031942915
0.04816208
0.062538226
0.07337105
0.079816514
0.080819572
0.07566055
0.065280326
0.051364934
0.034664628
0.015772681
-0.00335474
-0.020605505
-0.035788991
-0.049355759
-0.060759429
-0.069437309
-0.075127421
-0.076615698
-0.072412844
-0.062680938
-0.049074414
-0.033286442
-0.016867482
-0.001154944
0.014395515
0.031170234
0.048485219
0.063503568
0.073680938
0.077619776
0.074626911
0.065587156
0.053511723
0.04127421
0.029110092
0.015513761
-9.74312E-05
-0.016847095
-0.033716616
-0.048960245
-0.059468909
-0.063705403
-0.063521916
-0.061153925
-0.056629969
-0.049379205
-0.039521916
-0.026624873
-0.009986748
0.008880734
0.026478084
0.040344546
0.05043527
0.057650357
0.062721713
0.066222222
0.067933741
0.065780836
0.057610601
0.044227319
0.02864526
0.013289501
-0.000377166
-0.011461774
-0.020749235
-0.030517839
-0.041648318
-0.052294597
-0.059673802
-0.06206422
-0.058895005
-0.051106014
-0.041659531
-0.033625892
-0.027408767
-0.021039755
-0.012769623
-0.002574924
0.008201835
0.017615698
0.023923547
0.026810398
0.027165138
0.025833843
0.023654434
0.021590214
0.019327217
0.014893986
0.007289501
-0.00227421
-0.012191641
-0.021036697
-0.027044852
-0.029413863
-0.029314985
-0.028227319
-0.026601427
-0.024556575
-0.022030581
-0.018057085
-0.011374108
-0.002284404
0.007183486
0.014899083
0.019986748
0.023083588
0.025491335
0.028173293
0.031468909
0.035018349
0.037179409
0.035860347
0.030939857
0.024057085
0.01654842
0.009240571
0.002576962
-0.003928644
-0.0112263
-0.019018349
-0.0260316
-0.031374108
-0.034463812
-0.034592253
-0.031314985
-0.025328236
-0.018038736
-0.010810398
-0.004255861
0.002272171
0.00975841
0.018117227
0.026308869
0.033288481
0.037971458
0.039383282
0.037501529
0.033538226
0.028667686
0.022995923
0.016240571
0.008735984
0.000796126
-0.00767788
-0.015848114
-0.021885831
-0.025030581
-0.026547401
-0.027777778
-0.028817533
-0.029465851
-0.029576962
-0.02803262
-0.023374108
-0.015721713
-0.006681957
0.001995923
0.008965341
0.013942915
0.017997961
0.022137615
0.026349643
0.030107034
0.032960245
0.034076453
0.032377166
0.027817533
0.021809378
0.016074414
0.011423038
0.007218145
0.001669725
-0.006211009
-0.015574924
-0.02464526
-0.031988787
-0.037109072
-0.040276249
-0.041686035
-0.041353721
-0.039559633
-0.036599388
-0.032093782
-0.025375127
-0.016650357
-0.007281346
0.001508665
0.009238532
0.015863405
0.021637105
0.02706524
0.032149847
0.03551682
0.035619776
0.03233843
0.02659633
0.019396534
0.012053007
0.006108053
0.00161264
-0.003009174
-0.008928644
-0.015700306
-0.022312946
-0.027898063
-0.031347604
-0.031680938
-0.029150866
-0.025081549
-0.020537207
-0.015605505
-0.010106014
-0.00375841
0.003803262
0.012229358
0.020059123
0.026324159
0.031546381
0.036086646
0.038820591
0.038745158
0.036020387
0.03075739
0.023045872
0.014110092
0.005111111
-0.004247706
-0.013909276
-0.022355759
-0.028847095
-0.034021407
-0.037718654
-0.038573904
-0.036233435
-0.031828746
-0.026240571
-0.019779817
-0.012906218
-0.005906218
0.00158002
0.009950051
0.018544343
0.025804281
0.030692151
0.033179409
0.033466871
0.031812436
0.028991845
0.025620795
0.021146789
0.014647299
0.006461774
-0.00206422
-0.010051988
-0.016989806
-0.022260958
-0.025792049
-0.0282579
-0.029807339
-0.029888889
-0.028085627
-0.024365953
-0.018778797
-0.011696228
-0.004173293
0.002623853
0.008517839
0.013954128
0.018927625
0.022945973
0.025927625
0.02777472
0.027731906
0.025391437
0.02143527
0.016591233
0.011042813
0.005190622
-0.000328236
-0.005640163
-0.011249745
-0.016552497
-0.020485219
-0.02296738
-0.024229358
-0.023877676
-0.021926606
-0.019140673
-0.015731906
-0.011223242
-0.005760449
-5.47299E-05
0.005481142
0.010650357
0.015097859
0.018468909
0.020759429
0.022038736
0.022092762
0.020625892
0.017979613
0.014819572
0.01098369
0.00608053
0.000690112
-0.004260958
-0.008695209
-0.012770642
-0.016073394
-0.018235474
-0.019497452
-0.020020387
-0.019366972
-0.017445464
-0.014558614
-0.010761468
-0.006252803
-0.001594292
0.002916412
0.007286442
0.011224261
0.014328236
0.01661366
0.018276249
0.019017329
0.018377166
0.016307849
0.013350663
0.009905199
0.005895005
0.001615698
-0.002423038
-0.006198777
-0.009946993
-0.01341896
-0.01598369
-0.017414883
-0.017827727
-0.016989806
-0.014885831
-0.01224261
-0.009445464
-0.006261978
-0.002749235
0.000924567
0.005051988
0.009438328
0.012828746
0.014509684
0.015243629
0.015606524
0.015055046
0.013630989
0.012093782
0.010203874
0.007114169
0.002922528
-0.001377166
-0.005183486
-0.008352701
-0.010881753
-0.013026504
-0.014748216
-0.015617737
-0.015603466
-0.014866463
-0.013200815
-0.010405708
-0.006918451
-0.003412844
4.82671E-05
0.003438328
0.00645158
0.00893476
0.011011213
0.012834862
0.014214067
0.014584098
0.013538226
0.011434251
0.008915392
0.006267074
0.003567788
0.000797146
-0.002069317
-0.005012232
-0.007913354
-0.010369011
-0.012023445
-0.012856269
-0.012962283
-0.012299694
-0.01091947
-0.009083588
-0.00695107
-0.004471967
-0.001574924
0.00158002
0.004574924
0.00722528
0.009307849
0.010415902
0.010706422
0.010799185
0.010787971
0.010222222
0.008975535
0.007239551
0.004749235
0.00141896
-0.001954128
-0.004428135
-0.006025484
-0.007285423
-0.008393476
-0.009495413
-0.010796126
-0.011782875
-0.011350663
-0.009133537
-0.005955148
-0.003039755
-0.000930683
0.000530071
0.00156473
0.002780836
0.005125382
0.008227319
0.010355759
0.010759429
0.010024465
0.008485219
0.006331295
0.00462895
0.004102956
0.00383792
0.002498471
-0.000122324
-0.003453619
-0.006776758
-0.009092762
-0.009583078
-0.008562691
-0.007126402
-0.006294597
-0.00645158
-0.006796126
-0.00611315
-0.004023445
-0.001104995
0.001913354
0.004530071
0.006196738
0.006615698
0.006395515
0.006566769
0.007196738
0.007569827
0.00741998
0.006775739
0.005350663
0.003097859
0.000601427
-0.001576962
-0.003172273
-0.004063201
-0.004558614
-0.005329256
-0.006443425
-0.007374108
-0.00780632
-0.007675841
-0.006601427
-0.004470948
-0.002072375
-0.000379205
0.00058002
0.001476045
0.002636086
0.003939857
0.005390418
0.006858308
0.007788991
0.007667686
0.006586137
0.005216106
0.004023445
0.002941896
0.001931702
0.0009684
-0.000453619
-0.002636086
-0.004892966
-0.006376147
-0.007039755
-0.006985729
-0.006159021
-0.005104995
-0.004681957
-0.004834862
-0.004463812
-0.002915392
-0.000712538
0.001495413
0.003460754
0.004818552
0.005246687
0.004939857
0.004735984
0.005183486
0.005943935
0.006351682
0.005910296
0.00430581
0.001706422
-0.000980632
-0.002568807
-0.002798165
-0.002622834
-0.002941896
-0.003779817
-0.004733945
-0.0055158
-0.005797146
-0.005294597
-0.004126402
-0.002644241
-0.001255861
-7.15494E-05
0.000866463
0.001370031
0.001619776
0.002194699
0.003326198
0.004496432
0.005219164
0.00541998
0.004906218
0.003527013
0.001880734
0.000866463
0.000556575
0.000243629
-0.000385321
-0.00120999
-0.002447503
-0.00393476
-0.004763507
-0.004531091
-0.003879715
-0.003262997
-0.00249949
-0.001821611
-0.001795107
-0.00196738
-0.001357798
5.158E-05
0.001617737
0.002982671
0.003910296
0.003907238
0.003070336
0.002400612
0.002601427
0.003327217
0.003890928
0.003902141
0.003037717
0.001219164
-0.000752294
-0.001869521
-0.002176351
-0.002314985
-0.002537207
-0.002949032
-0.003782875
-0.004749235
-0.004953109
-0.003962283
-0.002282365
-0.000782875
0.000150866
0.000568807
0.000542304
0.000514781
0.001170234
0.002634047
0.004258919
0.005135576
0.004832824
0.003568807
0.001965341
0.000823649
0.000697248
0.001150866
0.001275229
0.000554536
-0.001170234
-0.003328236
-0.004912334
-0.005233435
-0.004308869
-0.002801223
-0.00167788
-0.001600408
-0.002255861
-0.002739042
-0.002341488
-0.000848114
0.001303772
0.003002039
0.003509684
0.003207951
0.002798165
0.002465851
0.002344546
0.002681957
0.003276249
0.003376147
0.002568807
0.001160041
-0.000501529
-0.002056065
-0.002961264
-0.003045872
-0.002825688
-0.002859327
-0.00314475
-0.003577982
-0.003965341
-0.003763507
-0.002754332
-0.001466871
-0.000411825
0.000383282
0.000926606
0.001214067
0.001595311
0.002439348
0.003384302
0.003825688
0.003710499
0.003252803
0.002601427
0.00191947
0.001250765
0.000545362
-0.000271152
-0.001186544
-0.002203874
-0.002923547
-0.003188583
-0.00341998
-0.003769623
-0.003908257
-0.00379103
-0.003546381
-0.002873598
-0.001594292
-0.000275229
0.000632008
0.001307849
0.001862385
0.002252803
0.00256371
0.002946993
0.003406728
0.003787971
0.003941896
0.003607543
0.00269419
0.001408767
0.000134557
-0.00061264
-0.000706422
-0.000718654
-0.001346585
-0.002618756
-0.003792049
-0.004395515
-0.004372069
-0.003775739
-0.002823649
-0.001913354
-0.001321101
-0.00106422
-0.000792049
-0.000126402
0.000938838
0.002022426
0.002820591
0.003293578
0.003369011
0.003073394
0.002662589
0.002433231
0.002406728
0.002270133
0.001685015
0.000670744
-0.000485219
-0.001541284
-0.002282365
-0.002594292
-0.002755352
-0.002883792
-0.002928644
-0.003012232
-0.00329052
-0.003440367
-0.00293578
-0.001754332
-0.000399592
0.000750255
0.001615698
0.00204893
0.002131498
0.002389399
0.002910296
0.003224261
0.003165138
0.002914373
0.0024842
0.001807339
0.000976555
0.000204893
-0.000426096
-0.00101631
-0.00170948
-0.002348624
-0.002713558
-0.002988787
-0.003184506
-0.002988787
-0.002397554
-0.0017737
-0.00132314
-0.000896024
-0.000291539
0.000577982
0.00151682
0.002342508
0.002958206
0.003054027
0.002576962
0.002132518
0.002122324
0.00229052
0.002346585
0.002239551
0.001788991
0.000705403
-0.000640163
-0.001584098
-0.002001019
-0.002221203
-0.002328236
-0.002383282
-0.002735984
-0.003299694
-0.003364934
-0.002672783
-0.001882773
-0.001324159
-0.000611621
0.000194699
0.000648318
0.001007136
0.001780836
0.002521916
0.002593272
0.002364934
0.002343527
0.002202854
0.001731906
0.001422018
0.001365953
0.001037717
0.000250765
-0.000626911
-0.00143629
-0.002227319
-0.002657492
-0.002458716
-0.002109072
-0.002175331
-0.002504587
-0.00262895
-0.002449541
-0.002045872
-0.00129052
-9.28542E-05
0.00096738
0.001324159
0.001304791
