  5    7    2    2    2    2    1
  1         0.0000         5.0000
  2         0.0000         0.0000
  3         5.0000         5.0000
  4         5.0000         0.0000
  5        10.0000         0.0000
 -1   -1
 -1   -1
  0    0
  0    0
  0    0
       0.0000         0.0000
       0.0000         0.0000
      40.0000         0.0000
       0.0000         0.0000
       0.0000       -50.0000
  1    2    1    1    0
  2    4    1    1    0
  4    5    1    1    0
  3    5    2    2    0
  1    3    2    2    0
  2    3    2    2    0
  3    4    2    2    0
200000000.00000          0.00000    203.00   2200.00      0.00
150000000.00000          0.00000    165.00   3500.00      0.00
        0.03000          0.00000          0.00000      0.00      0.00
        0.05000          0.00000          0.00000      0.00      0.00
       0.0000         0.0000
       0.0000         0.0000
       0.0001        -0.0002
      -0.0000        -0.0002
      -0.0001        -0.0005
      -0.0000         0.0000
     -50.0000         0.0000
     -50.0000         0.0000
      70.7107         0.0000
     140.0000         0.0000
     -70.7107         0.0000
      -0.0000         0.0000
 kN
 m
