  6    8    3    3    3    2    2
  1         0.0000         0.0000
  2       200.0000         0.0000
  3        60.0000         0.0000
  4       140.0000         0.0000
  5        60.0000        50.0000
  6       140.0000        50.0000
 -1   -1    0
  0   -1    0
  0    0    0
  0    0    0
  0    0    0
  0    0    0
       0.0000         0.0000         0.0000
       0.0000         0.0000         0.0000
       0.0000         0.0000         0.0000
       0.0000         0.0000         0.0000
       0.0000         0.0000         0.0000
       0.0000         0.0000         0.0000
  1    5    1    1    0
  5    6    1    1    0
  2    6    1    1    0
  1    3    2    2    0
  3    4    2    2    0
  2    4    2    2    0
  3    5    3    3    0
  4    6    3    3    0
       0.0000         0.0000         0.0000         0.0000         0.0000         0.0000
       0.0000         0.0000         0.0000         0.0000         0.0000         0.0000
       0.0000         0.0000         0.0000         0.0000         0.0000         0.0000
       0.0000       720.0000      7200.0000         0.0000       720.0000     -7200.0000
       0.0000       960.0000     12800.0000         0.0000       960.0000    -12800.0000
       0.0000       720.0000      7200.0000         0.0000       720.0000     -7200.0000
       0.0000         0.0000         0.0000         0.0000         0.0000         0.0000
       0.0000         0.0000         0.0000         0.0000         0.0000         0.0000
210000000.00000          0.00000      0.00      0.00      0.00
210000000.00000          0.00000      0.00      0.00      0.00
195000000.00000          0.00000      0.00      0.00      0.00
        1.00000          1.02600          0.00000      0.00      0.00
        0.20000          0.35000          0.00000      0.00      0.00
        0.00800          0.00000          0.00000      0.00      0.00
       0.0000         0.0000        -0.0031
       0.0068         0.0000        -0.0031
       0.0020        -0.1385        -0.0012
       0.0047         0.0500         0.0043
       0.0684        -0.0832         0.0009
       0.0678         0.0723         0.0011
   -1948.5121       122.4828     -6224.9690
   -1418.4769      -382.4392    -15791.1832
   -1778.8144        81.1545     -8465.5844
    1418.4769       766.4990      6224.9690
    1418.4769       850.4392      3435.0276
    1418.4769      1064.4246      8465.5844
    1723.9401         0.0000         0.0000
     693.9855         0.0000         0.0000
 kN
 m
