  6    8    3    3    3    2    2
  1         0.0000         0.0000
  2       200.0000         0.0000
  3        60.0000         0.0000
  4       140.0000         0.0000
  5        60.0000        50.0000
  6       140.0000        50.0000
 -1   -1    0
  0   -1    0
  0    0    0
  0    0    0
  0    0    0
  0    0    0
       0.0000         0.0000         0.0000
       0.0000         0.0000         0.0000
       0.0000         0.0000         0.0000
       0.0000         0.0000         0.0000
       0.0000         0.0000         0.0000
       0.0000         0.0000         0.0000
  1    5    1    1    0
  5    6    1    1    0
  2    6    1    1    0
  1    3    2    2    0
  3    4    2    2    0
  2    4    2    2    0
  3    5    3    3    0
  4    6    3    3    0
       0.0000         0.0000         0.0000         0.0000         0.0000         0.0000
       0.0000         0.0000         0.0000         0.0000         0.0000         0.0000
       0.0000         0.0000         0.0000         0.0000         0.0000         0.0000
       0.0000       720.0000      7200.0000         0.0000       720.0000     -7200.0000
       0.0000       960.0000     12800.0000         0.0000       960.0000    -12800.0000
       0.0000       720.0000      7200.0000         0.0000       720.0000     -7200.0000
       0.0000         0.0000         0.0000         0.0000         0.0000         0.0000
       0.0000         0.0000         0.0000         0.0000         0.0000         0.0000
210000000.00000          0.00000      0.00      0.00      0.00
210000000.00000          0.00000      0.00      0.00      0.00
195000000.00000          0.00000      0.00      0.00      0.00
        1.00000          1.02600          0.00000      0.00      0.00
        0.20000          0.35000          0.00000      0.00      0.00
        0.00800          0.00000          0.00000      0.00      0.00
       0.0000         0.0000        -0.0026
       0.0068         0.0000        -0.0027
       0.0020        -0.1195        -0.0012
       0.0047         0.0372         0.0041
       0.0562        -0.0685         0.0007
       0.0556         0.0576         0.0009
   -1917.1755        83.0920     -6008.0912
   -1419.6208      -299.2776    -12497.7868
   -1817.3863        36.6550     -8581.5691
    1419.6208       736.8211      6008.0912
    1419.6208       887.2776      4998.8258
    1419.6208      1043.3031      8581.5691
    1590.4565         0.0000         0.0000
     636.0256         0.0000         0.0000
 kN
 m
