  6    8    3    3    3    2    2
  1         0.0000         0.0000
  2       200.0000         0.0000
  3        60.0000         0.0000
  4       140.0000         0.0000
  5        60.0000        50.0000
  6       140.0000        50.0000
 -1   -1    0
  0   -1    0
  0    0    0
  0    0    0
  0    0    0
  0    0    0
       0.0000         0.0000         0.0000
       0.0000         0.0000         0.0000
       0.0000         0.0000         0.0000
       0.0000         0.0000         0.0000
       0.0000         0.0000         0.0000
       0.0000         0.0000         0.0000
  1    5    1    1    0
  5    6    1    1    0
  2    6    1    1    0
  1    3    2    2    0
  3    4    2    2    0
  2    4    2    2    0
  3    5    3    3    0
  4    6    3    3    0
       0.0000         0.0000         0.0000         0.0000         0.0000         0.0000
       0.0000         0.0000         0.0000         0.0000         0.0000         0.0000
       0.0000         0.0000         0.0000         0.0000         0.0000         0.0000
       0.0000       720.0000      7200.0000         0.0000       720.0000     -7200.0000
       0.0000       960.0000     12800.0000         0.0000       960.0000    -12800.0000
       0.0000       720.0000      7200.0000         0.0000       720.0000     -7200.0000
       0.0000         0.0000         0.0000         0.0000         0.0000         0.0000
       0.0000         0.0000         0.0000         0.0000         0.0000         0.0000
210000000.00000          0.00000      0.00      0.00      0.00
210000000.00000          0.00000      0.00      0.00      0.00
195000000.00000          0.00000      0.00      0.00      0.00
        1.00000          1.02600          0.00000      0.00      0.00
        0.20000          0.35000          0.00000      0.00      0.00
        0.00800          0.00000          0.00000      0.00      0.00
       0.0000         0.0000        -0.0028
       0.0062         0.0000        -0.0029
       0.0019        -0.1260        -0.0012
       0.0043         0.0446         0.0042
       0.0623        -0.0758         0.0008
       0.0618         0.0658         0.0010
   -1781.7070       106.9715     -5910.6639
   -1300.2637      -344.0359    -14265.4075
   -1641.6576        61.0878     -8486.3564
    1300.2637       745.2012      5910.6639
    1300.2637       872.0359      4398.5926
    1300.2637      1052.0346      8486.3564
    1566.8347         0.0000         0.0000
     659.9988         0.0000         0.0000
 kN
 m
