  3    2    2    2    6    2    1
  1         0.0000         0.0000         0.0000
  2        10.0000         0.0000         0.0000
  3        16.0000         8.0000         0.0000
 -1   -1   -1
 -1   -1   -1
  0    0    0
  0    0    0
  0    0    0
  0    0    0
       0.0000         0.0000         0.0000
       0.0000         0.0000         0.0000
       0.0000         0.0000      -100.0000
       0.0000         0.0000         0.0000
       0.0000         0.0000         0.0000
       0.0000         0.0000         0.0000
  1    2    1    1    0
  2    3    2    2    0
210000000.00000          0.30000      0.00      0.00      0.00
200000000.00000          0.30000      0.00      0.00      0.00
        0.02500          0.05000          0.03000      0.20      0.00
        0.01500          0.05000          0.02000      0.15      0.00
       0.0000         0.0000         0.0000
       0.0000         0.0000         0.0000
       0.0000         0.0000        -0.0032
       0.0000         0.0005         0.0000
       0.0000         0.0000        -0.0060
       0.0000         0.0005         0.0000
      -0.0000       100.0000         0.0000
      -0.0000         0.0000      1000.0000
      -0.0000         0.0000         0.0000
       0.0000        -0.0000         0.0000
 kN
 m
