0.000000
0.000000
0.000000
0.000000
0.000000
0.000000
0.000000
0.000000
0.000000
0.000000
0.000000
0.000000
0.000000
0.000000
0.000000
0.000000
0.000000
0.000000
0.000000
0.000000
0.000000
0.000000
0.000000
0.000000
0.000000
0.000000
0.000000
0.000000
0.000000
0.000000
0.000000
0.000000
0.000000
0.000000
0.000000
0.000000
0.000000
0.000000
0.000000
0.000000
0.000000
0.000000
0.000000
0.000000
0.000000
0.000000
0.000000
0.000000
0.000000
0.000000
0.000000
0.000000
0.000000
0.000000
0.000000
0.000000
0.000000
0.000000
0.000000
0.000000
0.000000
0.000000
0.000000
0.000000
0.000000
0.000000
0.000000
0.000000
0.000000
0.000000
0.000000
0.000000
0.000000
0.000000
0.000000
0.000000
0.000000
0.000000
0.000000
0.000000
0.000000
0.000000
0.000000
0.000000
0.000000
0.000000
0.000000
0.000000
0.000000
0.000000
0.000000
0.000000
0.000000
0.000000
0.000000
0.000000
0.000000
0.000000
0.000000
0.000000
0.000000
0.000000
0.000000
0.000000
0.000000
0.000000
0.000000
0.000000
0.000000
0.000000
0.000000
0.000000
0.000000
0.000000
0.000000
0.000000
0.000000
0.000000
0.000000
0.000000
0.000000
0.000000
0.000000
0.000000
0.000000
0.000000
0.000000
0.000000
0.000000
0.000000
0.000000
0.000000
0.000000
0.000000
0.000000
0.000000
0.000000
0.000000
0.000000
0.000000
0.000000
0.000000
0.000000
0.000000
0.000000
0.000000
0.000000
0.000000
0.000000
0.000000
0.000000
0.000000
0.000000
0.000000
0.000000
0.000000
0.000000
0.000000
0.000000
0.000000
0.000000
0.000000
0.000000
0.000000
0.000000
0.000000
0.000000
0.000000
0.000000
0.000000
0.000000
0.000000
0.000000
0.000000
0.000000
0.000000
0.000000
0.000000
0.000000
0.000000
0.000000
0.000000
0.000000
0.000000
0.000000
0.000000
0.000000
0.000000
0.000000
0.000000
0.000000
0.000000
0.000000
0.000000
0.000000
0.000000
0.000000
0.000000
0.000000
0.000000
0.000000
0.000000
0.000000
0.000000
0.000000
0.000000
0.000000
0.000000
0.000000
0.000000
0.000000
0.000000
0.000000
0.000000
0.000000
0.000000
0.000000
0.000000
0.000000
0.000000
0.000000
0.000000
0.000000
0.000000
0.000000
0.000000
0.000000
0.000000
0.000000
0.000000
0.000000
0.000000
0.000000
0.000000
0.000000
0.000000
0.000000
0.000000
0.000000
0.000000
0.000000
0.000000
0.000000
0.000000
0.000000
0.000000
0.000000
0.000000
0.000000
0.000000
0.000000
0.000000
0.000000
0.000000
0.000000
0.000000
0.000000
0.000000
0.000000
0.000000
0.000000
0.000000
0.000000
0.000000
0.000000
0.000000
0.000000
0.000000
0.000000
0.000000
0.000000
0.000000
0.000000
0.000000
0.000000
0.000000
0.000000
0.000000
0.000000
0.000000
0.000000
0.000000
0.000000
0.000000
0.000000
0.000000
0.000000
0.000000
0.000000
0.000000
0.000000
0.000000
0.000000
0.000000
0.000000
0.000000
0.000000
0.000000
0.000000
-0.000000
0.000000
-0.000000
0.000000
-0.000000
0.000000
-0.000000
0.000000
-0.000000
0.000000
-0.000000
0.000000
-0.000000
0.000000
-0.000000
0.000000
-0.000000
0.000000
-0.000000
0.000000
-0.000000
0.000000
0.000000
0.000000
-0.000000
0.000000
-0.000000
0.000000
-0.000000
0.000000
-0.000000
0.000000
-0.000000
0.000000
-0.000000
0.000000
-0.000000
0.000000
-0.000000
0.000000
-0.000000
0.000000
-0.000000
0.000000
-0.000000
0.000000
-0.000000
0.000000
-0.000000
-0.000090
0.000000
-0.000000
0.000000
-0.000000
-0.000000
0.000000
-0.000000
-0.000090
0.000000
-0.000000
0.000000
0.000090
-0.000000
0.000000
-0.000000
-0.000090
0.000000
-0.000000
0.000000
0.000090
-0.000000
0.000000
-0.000000
-0.000090
-0.000090
0.000000
0.000000
0.000090
0.000090
-0.000000
-0.000000
-0.000090
-0.000090
0.000000
0.000000
0.000090
0.000090
-0.000000
-0.000000
-0.000090
-0.000090
0.000000
0.000000
0.000090
0.000090
-0.000000
-0.000000
-0.000090
-0.000090
0.000000
0.000000
0.000090
0.000090
0.000000
-0.000000
-0.000090
-0.000090
0.000000
0.000090
0.000090
0.000090
-0.000000
0.000000
-0.000090
-0.000090
0.000000
0.000090
0.000090
0.000090
-0.000000
-0.000090
-0.000090
-0.000090
0.000000
0.000090
0.000181
0.000090
-0.000000
-0.000090
-0.000181
-0.000090
0.000000
0.000090
0.000181
0.000181
-0.000000
-0.000090
-0.000181
-0.000181
0.000000
0.000090
0.000181
0.000181
0.000000
-0.000090
-0.000181
-0.000181
0.000000
0.000090
0.000181
0.000181
0.000000
-0.000090
-0.000181
-0.000181
0.000000
0.000090
0.000181
0.000181
0.000090
-0.000090
-0.000272
-0.000181
-0.000090
0.000090
0.000272
0.000272
0.000090
-0.000090
-0.000272
-0.000272
-0.000090
0.000090
0.000272
0.000272
0.000090
-0.000090
-0.000272
-0.000272
-0.000090
0.000090
0.000362
0.000362
0.000090
-0.000090
-0.000362
-0.000362
-0.000181
0.000090
0.000362
0.000362
0.000181
-0.000090
-0.000362
-0.000452
-0.000181
0.000090
0.000452
0.000452
0.000272
-0.000090
-0.000452
-0.000543
-0.000272
0.000090
0.000543
0.000633
0.000362
-0.000090
-0.000633
-0.000723
-0.000452
0.000090
0.000815
0.001086
0.000815
0.000272
-0.000181
-0.000090
0.000905
0.002987
0.005605
0.008048
0.009678
0.010085
0.009319
0.007777
0.005973
0.004519
0.003617
0.003442
0.003617
0.004160
0.004887
0.005789
0.006962
0.008320
0.009794
0.011152
0.012024
0.012315
0.012024
0.011152
0.009794
0.008145
0.006332
0.004616
0.002987
0.001901
0.001716
0.002715
0.004887
0.008145
0.011830
0.015515
0.018230
0.019976
0.020752
0.020655
0.019976
0.018909
0.017358
0.015321
0.012606
0.009794
0.007331
0.006148
0.006875
0.009406
0.013091
0.016873
0.019491
0.019782
0.017939
0.014352
0.010473
0.007602
0.006516
0.007602
0.010473
0.014255
0.018230
0.022012
0.025309
0.028606
0.031709
0.034424
0.036267
0.036461
0.034618
0.030836
0.025794
0.020267
0.015418
0.011636
0.009047
0.006691
0.003801
-0.000272
-0.005789
-0.011927
-0.017842
-0.022109
-0.024145
-0.023661
-0.021527
-0.018327
-0.015224
-0.012606
-0.010570
-0.008960
-0.007147
-0.004887
-0.002085
0.000815
0.003801
0.006245
0.008145
0.009590
0.011055
0.012606
0.014352
0.016291
0.018230
0.020073
0.021818
0.023564
0.025212
0.026958
0.028315
0.028703
0.027636
0.024727
0.019879
0.014061
0.008048
0.003171
0.000272
-0.000181
0.001270
0.003985
0.006962
0.009590
0.011152
0.011830
0.011830
0.011636
0.011539
0.011830
0.012509
0.013479
0.014836
0.016388
0.017939
0.019297
0.020073
0.019976
0.018909
0.016970
0.014448
0.011927
0.009590
0.007505
0.005246
0.002172
-0.002172
-0.008048
-0.015321
-0.022982
-0.030545
-0.037430
-0.043733
-0.049552
-0.055952
-0.063418
-0.071855
-0.080582
-0.088533
-0.094448
-0.096970
-0.096970
-0.094545
-0.089988
-0.084752
-0.079515
-0.074667
-0.070206
-0.066036
-0.062448
-0.059636
-0.058279
-0.058667
-0.060800
-0.064485
-0.068945
-0.073503
-0.077576
-0.080679
-0.083103
-0.084848
-0.086206
-0.086982
-0.087370
-0.087079
-0.086109
-0.084655
-0.083006
-0.081455
-0.080000
-0.078739
-0.077479
-0.076218
-0.074861
-0.073697
-0.073309
-0.073891
-0.075442
-0.077770
-0.080194
-0.082036
-0.082812
-0.082133
-0.080291
-0.077576
-0.074570
-0.071661
-0.069042
-0.066812
-0.064776
-0.062739
-0.060606
-0.057988
-0.054885
-0.051588
-0.048097
-0.044897
-0.041988
-0.039370
-0.036945
-0.034230
-0.031030
-0.027636
-0.024533
-0.022303
-0.021915
-0.023564
-0.026764
-0.030352
-0.032485
-0.031515
-0.026473
-0.017842
-0.006788
0.004800
0.015418
0.024339
0.032097
0.039952
0.049261
0.060412
0.072630
0.083782
0.091055
0.092606
0.087273
0.076024
0.060800
0.044218
0.028703
0.015127
0.003433
-0.007331
-0.018715
-0.031612
-0.046448
-0.063127
-0.080970
-0.098909
-0.116364
-0.132848
-0.146424
-0.157091
-0.163879
-0.165818
-0.165818
-0.163879
-0.161939
-0.160000
-0.160000
-0.160970
-0.161939
-0.162909
-0.160970
-0.159030
-0.156121
-0.153212
-0.151273
-0.149333
-0.146424
-0.143515
-0.140606
-0.141576
-0.145455
-0.155152
-0.170667
-0.189091
-0.205576
-0.217212
-0.221091
-0.217212
-0.207515
-0.194909
-0.183273
-0.175515
-0.170667
-0.168727
-0.165818
-0.160970
-0.152242
-0.141576
-0.129939
-0.119273
-0.110545
-0.102788
-0.095709
-0.087855
-0.078642
-0.068267
-0.057697
-0.047806
-0.038885
-0.030933
-0.023079
-0.014448
-0.004887
0.005333
0.015709
0.025600
0.034618
0.042958
0.051394
0.060218
0.069915
0.080097
0.090085
0.099879
0.108606
0.117333
0.126061
0.135758
0.145455
0.155152
0.164848
0.173576
0.181333
0.191030
0.200727
0.210424
0.219152
0.224000
0.224000
0.217212
0.206545
0.192970
0.180364
0.171636
0.166788
0.166788
0.166788
0.165818
0.161939
0.157091
0.152242
0.150303
0.152242
0.157091
0.162909
0.163879
0.158061
0.144485
0.125091
0.102788
0.083006
0.067297
0.055370
0.043733
0.027636
0.002531
-0.033552
-0.079612
-0.130909
-0.181333
-0.224000
-0.255030
-0.271515
-0.275394
-0.269576
-0.258909
-0.249212
-0.242424
-0.240485
-0.243394
-0.248242
-0.253091
-0.255030
-0.253091
-0.247273
-0.239515
-0.229818
-0.223030
-0.219152
-0.218182
-0.218182
-0.218182
-0.215273
-0.210424
-0.203636
-0.197818
-0.192970
-0.191030
-0.191030
-0.190061
-0.189091
-0.185212
-0.178424
-0.171636
-0.166788
-0.163879
-0.163879
-0.164848
-0.163879
-0.159030
-0.151273
-0.140606
-0.129939
-0.121212
-0.114424
-0.111515
-0.107636
-0.100848
-0.090279
-0.074764
-0.055661
-0.034812
-0.013867
0.007244
0.029576
0.054303
0.081455
0.109576
0.133818
0.152242
0.160000
0.158061
0.146424
0.130909
0.115394
0.104727
0.097939
0.093382
0.088824
0.081067
0.069042
0.053430
0.036848
0.021042
0.007418
-0.005072
-0.018812
-0.035782
-0.056533
-0.079903
-0.102788
-0.120242
-0.129939
-0.130909
-0.124121
-0.112485
-0.099879
-0.088436
-0.079127
-0.071564
-0.064097
-0.055467
-0.044800
-0.032194
-0.018230
-0.003801
0.010570
0.024921
0.039273
0.053527
0.068073
0.082715
0.097939
0.112485
0.128000
0.142545
0.156121
0.164848
0.169697
0.167758
0.160970
0.150303
0.138667
0.128970
0.123152
0.119273
0.117333
0.114424
0.107636
0.096194
0.081552
0.065455
0.049842
0.035976
0.024048
0.012897
0.001086
-0.012509
-0.028121
-0.045188
-0.062448
-0.078352
-0.091927
-0.101818
-0.108606
-0.110545
-0.106667
-0.096679
-0.082327
-0.065067
-0.047515
-0.032194
-0.020752
-0.012800
-0.006245
0.001270
0.012121
0.026667
0.043442
0.059636
0.072921
0.082424
0.089212
0.096194
0.106667
0.121212
0.139636
0.157091
0.169697
0.173576
0.166788
0.152242
0.133818
0.114424
0.098909
0.085624
0.073018
0.058473
0.040145
0.019394
-0.000725
-0.015709
-0.022303
-0.019006
-0.007961
0.006875
0.021139
0.032000
0.038982
0.043927
0.050424
0.060703
0.076121
0.095321
0.116364
0.135758
0.152242
0.166788
0.179394
0.192000
0.206545
0.223030
0.239515
0.255030
0.265697
0.270545
0.269576
0.262788
0.251152
0.237576
0.224000
0.211394
0.199758
0.189091
0.179394
0.167758
0.154182
0.137697
0.118303
0.097939
0.078158
0.061479
0.049745
0.043733
0.043055
0.046545
0.052461
0.059539
0.066715
0.073600
0.080388
0.086982
0.093382
0.098909
0.103758
0.106667
0.108606
0.108606
0.107636
0.106667
0.103758
0.101818
0.099879
0.097939
0.096388
0.095321
0.094255
0.092606
0.089794
0.085818
0.081358
0.077382
0.075248
0.075927
0.079127
0.084170
0.089309
0.093188
0.095224
0.096194
0.096970
0.100848
0.105697
0.113455
0.120242
0.123152
0.122182
0.114424
0.100848
0.083782
0.065455
0.047224
0.029091
0.010570
-0.008776
-0.028606
-0.047127
-0.061382
-0.068848
-0.067976
-0.059442
-0.046158
-0.031612
-0.019103
-0.010376
-0.004887
-0.000542
0.005159
0.013964
0.025697
0.038788
0.051103
0.060897
0.068073
0.073794
0.080388
0.089600
0.101818
0.115394
0.127030
0.134788
0.137697
0.132848
0.124121
0.113455
0.101818
0.091830
0.082812
0.073794
0.064097
0.053333
0.042667
0.033939
0.028994
0.029479
0.035006
0.044412
0.055176
0.065164
0.072824
0.078158
0.082230
0.086982
0.094158
0.104727
0.117333
0.130909
0.142545
0.149333
0.149333
0.142545
0.128000
0.108606
0.085915
0.062836
0.041212
0.022206
0.005605
-0.009232
-0.023952
-0.039855
-0.057503
-0.076800
-0.096485
-0.114424
-0.129939
-0.140606
-0.145455
-0.147394
-0.145455
-0.143515
-0.141576
-0.141576
-0.141576
-0.141576
-0.140606
-0.138667
-0.136727
-0.133818
-0.131879
-0.131879
-0.130909
-0.129939
-0.128000
-0.124121
-0.118303
-0.111515
-0.105697
-0.100848
-0.096970
-0.094545
-0.091248
-0.086982
-0.081455
-0.075345
-0.069527
-0.064679
-0.060703
-0.057115
-0.052945
-0.047903
-0.041988
-0.035879
-0.030642
-0.026473
-0.022982
-0.019103
-0.014158
-0.007961
-0.001629
0.002444
0.002444
-0.002802
-0.013091
-0.026085
-0.038788
-0.049261
-0.057018
-0.063321
-0.070788
-0.081164
-0.094255
-0.107636
-0.117333
-0.119273
-0.111515
-0.096873
-0.078448
-0.061382
-0.049067
-0.042085
-0.037915
-0.032776
-0.023564
-0.009590
0.006516
0.020364
0.027345
0.025212
0.014836
-0.000816
-0.018230
-0.034424
-0.049067
-0.062642
-0.076218
-0.089309
-0.099879
-0.103758
-0.099879
-0.085818
-0.065648
-0.043636
-0.024145
-0.009988
-0.000632
0.006148
0.013576
0.022303
0.031127
0.036752
0.036655
0.030739
0.022594
0.017648
0.020364
0.031709
0.047903
0.062448
0.069042
0.066133
0.057891
0.052655
0.058376
0.076994
0.101818
0.119273
0.113455
0.072630
-0.000099
-0.090958
-0.177455
-0.235636
-0.255030
-0.235636
-0.192970
-0.149333
-0.122182
-0.120242
-0.138667
-0.161939
-0.174545
-0.166788
-0.139636
-0.101818
-0.067394
-0.045867
-0.038497
-0.038497
-0.035297
-0.020848
0.005973
0.039273
0.069236
0.087952
0.093964
0.092994
0.093964
0.104727
0.127030
0.154182
0.177455
0.188121
0.182303
0.164848
0.146424
0.134788
0.134788
0.144485
0.155152
0.158061
0.150303
0.131879
0.112485
0.097939
0.094642
0.099879
0.106667
0.106667
0.096388
0.079030
0.063418
0.059733
0.073309
0.101818
0.135758
0.162909
0.172606
0.162909
0.142545
0.122182
0.112485
0.116364
0.129939
0.142545
0.143515
0.130909
0.109576
0.088727
0.080582
0.089406
0.109576
0.127030
0.127030
0.096970
0.039273
-0.035879
-0.109576
-0.163879
-0.188121
-0.185212
-0.163879
-0.140606
-0.127030
-0.128970
-0.142545
-0.160970
-0.176485
-0.183273
-0.182303
-0.176485
-0.170667
-0.164848
-0.160970
-0.156121
-0.150303
-0.145455
-0.145455
-0.152242
-0.169697
-0.192970
-0.215273
-0.231758
-0.234667
-0.224970
-0.207515
-0.188121
-0.173576
-0.166788
-0.166788
-0.168727
-0.167758
-0.160970
-0.147394
-0.131879
-0.117333
-0.106667
-0.098909
-0.092509
-0.083879
-0.071370
-0.055661
-0.038982
-0.024145
-0.012800
-0.004432
0.003617
0.014158
0.028703
0.046836
0.066133
0.083103
0.095515
0.102788
0.104727
0.104727
0.104727
0.105697
0.106667
0.107636
0.107636
0.105697
0.103758
0.102788
0.102788
0.102788
0.101818
0.098909
0.096194
0.093770
0.094061
0.097939
0.105697
0.113455
0.120242
0.121212
0.116364
0.106667
0.095127
0.085721
0.080291
0.078739
0.079224
0.079612
0.077867
0.074182
0.069915
0.067491
0.068461
0.073309
0.080388
0.087661
0.092800
0.094933
0.094061
0.091442
0.087855
0.083588
0.077964
0.070109
0.059248
0.045770
0.031127
0.016970
0.005159
-0.003801
-0.010085
-0.014545
-0.017648
-0.019588
-0.019879
-0.017648
-0.012315
-0.003888
0.007331
0.021333
0.038109
0.058085
0.080970
0.105697
0.128970
0.145455
0.151273
0.142545
0.120242
0.086788
0.048776
0.013867
-0.011830
-0.025503
-0.027345
-0.020461
-0.008679
0.004528
0.017648
0.030448
0.043442
0.056630
0.069527
0.081455
0.091345
0.099879
0.108606
0.118303
0.130909
0.145455
0.160000
0.172606
0.181333
0.184242
0.183273
0.180364
0.176485
0.172606
0.165818
0.155152
0.135758
0.110545
0.079806
0.049455
0.024630
0.008688
0.002531
0.003442
0.007147
0.009135
0.006875
0.000271
-0.008504
-0.016485
-0.021139
-0.021818
-0.019588
-0.016873
-0.016097
-0.019006
-0.026085
-0.037139
-0.051006
-0.067103
-0.084267
-0.101818
-0.117333
-0.131879
-0.142545
-0.148364
-0.151273
-0.151273
-0.150303
-0.149333
-0.149333
-0.149333
-0.149333
-0.146424
-0.140606
-0.132848
-0.123152
-0.113455
-0.102788
-0.093770
-0.084558
-0.075636
-0.066618
-0.057600
-0.048873
-0.040339
-0.031806
-0.023273
-0.014352
-0.005605
0.002531
0.009678
0.015903
0.022109
0.029867
0.040630
0.054982
0.071564
0.087273
0.098909
0.101818
0.095030
0.080194
0.060412
0.040339
0.023855
0.012703
0.006245
0.001901
-0.003074
-0.011248
-0.022594
-0.035976
-0.049358
-0.060800
-0.069236
-0.074861
-0.078352
-0.080485
-0.081648
-0.081455
-0.079321
-0.075152
-0.069236
-0.061964
-0.053915
-0.045479
-0.036655
-0.027830
-0.020267
-0.015903
-0.017455
-0.026861
-0.044218
-0.067103
-0.090958
-0.110545
-0.120242
-0.119273
-0.109576
-0.095321
-0.081261
-0.071176
-0.066618
-0.065648
-0.065455
-0.062448
-0.055370
-0.044606
-0.032388
-0.020848
-0.011248
-0.002987
0.005159
0.014836
0.026182
0.037430
0.045867
0.048679
0.044315
0.033261
0.018036
0.001532
-0.013285
-0.025600
-0.035297
-0.043442
-0.050618
-0.056727
-0.060606
-0.061091
-0.057503
-0.050812
-0.042764
-0.035588
-0.030836
-0.028509
-0.027345
-0.025018
-0.019976
-0.011636
-0.000989
0.009988
0.019491
0.026473
0.031515
0.035879
0.041115
0.047612
0.054788
0.060994
0.064388
0.063709
0.058958
0.051297
0.042473
0.034036
0.026570
0.020073
0.013867
0.007418
0.000362
-0.007059
-0.014836
-0.022982
-0.031709
-0.041115
-0.050715
-0.059442
-0.065261
-0.066133
-0.060897
-0.049745
-0.034812
-0.019006
-0.005159
0.004975
0.012024
0.018036
0.025697
0.037236
0.053139
0.071079
0.087758
0.098909
0.101818
0.096388
0.083297
0.065939
0.047806
0.031709
0.018812
0.008679
-0.000092
-0.009406
-0.020461
-0.033648
-0.048485
-0.063612
-0.077576
-0.088824
-0.096388
-0.099879
-0.098909
-0.095127
-0.089794
-0.084461
-0.080291
-0.077673
-0.076412
-0.075248
-0.073018
-0.068558
-0.061867
-0.053527
-0.044800
-0.037042
-0.030739
-0.025891
-0.021430
-0.016194
-0.009406
-0.000989
0.007961
0.016097
0.021915
0.024533
0.024436
0.022594
0.020655
0.019588
0.019976
0.020945
0.021818
0.021333
0.019588
0.017358
0.016097
0.017358
0.022012
0.029770
0.038788
0.047127
0.052267
0.053042
0.049552
0.043152
0.035879
0.029770
0.025600
0.023564
0.022400
0.020848
0.017552
0.012509
0.006061
-0.000634
-0.006516
-0.011152
-0.014545
-0.017939
-0.022012
-0.027636
-0.034715
-0.042570
-0.049745
-0.054885
-0.057115
-0.055855
-0.051297
-0.044218
-0.035297
-0.024921
-0.013673
-0.001532
0.010667
0.022594
0.033067
0.041018
0.045479
0.046061
0.043055
0.037333
0.030352
0.023758
0.018715
0.016000
0.015418
0.015903
0.016000
0.014158
0.009794
0.002444
-0.006604
-0.015903
-0.023952
-0.029673
-0.033261
-0.035782
-0.039079
-0.044412
-0.052364
-0.061867
-0.071079
-0.077770
-0.080388
-0.078933
-0.075152
-0.071661
-0.071079
-0.074958
-0.083103
-0.093479
-0.102788
-0.108606
-0.107636
-0.101818
-0.091539
-0.079418
-0.067491
-0.057018
-0.047806
-0.038788
-0.028509
-0.015709
0.000184
0.019297
0.040824
0.063321
0.085430
0.104727
0.121212
0.130909
0.133818
0.131879
0.124121
0.113455
0.102788
0.093479
0.086400
0.080291
0.073115
0.062739
0.048194
0.029479
0.008233
-0.013188
-0.033455
-0.051491
-0.067782
-0.083297
-0.098909
-0.114424
-0.128970
-0.139636
-0.145455
-0.145455
-0.138667
-0.128970
-0.118303
-0.106667
-0.096388
-0.086885
-0.077770
-0.069430
-0.063030
-0.060218
-0.062739
-0.071176
-0.084267
-0.098909
-0.111515
-0.118303
-0.117333
-0.108606
-0.095515
-0.079903
-0.064485
-0.051006
-0.039370
-0.028800
-0.018133
-0.006875
0.004887
0.016970
0.028800
0.039952
0.051006
0.062158
0.073600
0.085139
0.096097
0.105697
0.114424
0.121212
0.128000
0.133818
0.140606
0.144485
0.146424
0.144485
0.138667
0.129939
0.120242
0.110545
0.103758
0.098909
0.095709
0.091248
0.084655
0.075636
0.065455
0.055758
0.047903
0.042473
0.038303
0.033648
0.026958
0.017455
0.005876
-0.006148
-0.017261
-0.026861
-0.035588
-0.045091
-0.056921
-0.071370
-0.087079
-0.100848
-0.109576
-0.111515
-0.106667
-0.097939
-0.086788
-0.077576
-0.071370
-0.067200
-0.062836
-0.056145
-0.046255
-0.034327
-0.023370
-0.016582
-0.015806
-0.020945
-0.029382
-0.038109
-0.044024
-0.046642
-0.046933
-0.047418
-0.050327
-0.056339
-0.064388
-0.071564
-0.075152
-0.073503
-0.067200
-0.058279
-0.049358
-0.042667
-0.038497
-0.035491
-0.031515
-0.024921
-0.015321
-0.003530
0.008145
0.018424
0.026570
0.033648
0.041115
0.050521
0.062158
0.074861
0.086400
0.094352
0.096970
0.095030
0.089212
0.081939
0.075248
0.069915
0.065842
0.062158
0.057988
0.052848
0.046933
0.040921
0.035394
0.030448
0.025891
0.021042
0.015515
0.009047
0.001988
-0.004975
-0.011830
-0.018327
-0.025018
-0.031806
-0.038788
-0.045576
-0.051394
-0.055564
-0.057794
-0.058182
-0.057212
-0.055176
-0.052461
-0.048776
-0.043830
-0.038012
-0.031806
-0.026667
-0.023952
-0.024727
-0.028703
-0.035006
-0.041891
-0.047806
-0.051976
-0.054594
-0.056727
-0.059830
-0.064388
-0.070206
-0.076218
-0.081261
-0.084655
-0.086885
-0.089018
-0.092412
-0.097939
-0.104727
-0.111515
-0.116364
-0.117333
-0.114424
-0.108606
-0.100848
-0.094255
-0.088436
-0.083491
-0.078352
-0.072242
-0.065164
-0.058085
-0.053139
-0.051976
-0.055855
-0.064097
-0.074861
-0.085915
-0.095030
-0.100848
-0.102788
-0.102788
-0.100848
-0.096679
-0.091927
-0.085915
-0.078933
-0.071273
-0.064097
-0.058085
-0.053624
-0.050424
-0.046836
-0.041697
-0.033745
-0.022885
-0.010764
0.000182
0.007234
0.008048
0.001532
-0.011248
-0.027927
-0.044994
-0.058376
-0.065455
-0.064873
-0.057309
-0.045382
-0.032582
-0.022109
-0.016194
-0.015030
-0.016873
-0.018909
-0.017842
-0.011927
-0.001173
0.012315
0.025212
0.034521
0.038303
0.035976
0.029188
0.019879
0.010085
0.000631
-0.008320
-0.017455
-0.027055
-0.037042
-0.046739
-0.055758
-0.063903
-0.071661
-0.080291
-0.090279
-0.101818
-0.113455
-0.125091
-0.134788
-0.142545
-0.151273
-0.160000
-0.171636
-0.183273
-0.192970
-0.196848
-0.189091
-0.171636
-0.144485
-0.114424
-0.085915
-0.061964
-0.042279
-0.023370
-0.000628
0.028606
0.063612
0.098909
0.128970
0.146424
0.149333
0.140606
0.128000
0.119273
0.119273
0.128970
0.144485
0.160000
0.171636
0.177455
0.179394
0.181333
0.185212
0.190061
0.192970
0.186182
0.168727
0.139636
0.106667
0.078061
0.062061
0.061285
0.072339
0.087564
0.097939
0.099879
0.092994
0.084073
0.080582
0.087370
0.102788
0.120242
0.128000
0.118303
0.088630
0.045673
0.000354
-0.034812
-0.051879
-0.050036
-0.035588
-0.018618
-0.008417
-0.009406
-0.019976
-0.034424
-0.046545
-0.051976
-0.051103
-0.047321
-0.044800
-0.045867
-0.049745
-0.053042
-0.051782
-0.043636
-0.029479
-0.012606
0.003258
0.015515
0.024339
0.032194
0.041988
0.055467
0.071370
0.086303
0.096097
0.097939
0.091055
0.078836
0.065358
0.054206
0.047321
0.043927
0.041600
0.037721
0.031127
0.022497
0.014448
0.009794
0.010279
0.016776
0.028024
0.042570
0.058861
0.076121
0.093673
0.110545
0.126061
0.138667
0.146424
0.150303
0.150303
0.150303
0.151273
0.155152
0.161939
0.168727
0.173576
0.172606
0.165818
0.154182
0.141576
0.128000
0.118303
0.112485
0.109576
0.108606
0.107636
0.107636
0.108606
0.109576
0.111515
0.113455
0.115394
0.114424
0.112485
0.110545
0.110545
0.112485
0.117333
0.123152
0.127030
0.128970
0.127030
0.124121
0.121212
0.123152
0.128970
0.136727
0.144485
0.145455
0.137697
0.118303
0.091055
0.060800
0.033261
0.013382
0.003345
0.002628
0.007874
0.015127
0.020752
0.022594
0.020945
0.016970
0.012897
0.010667
0.011055
0.013964
0.018424
0.023370
0.027442
0.030255
0.031709
0.032776
0.033842
0.035879
0.039176
0.043345
0.047515
0.050521
0.051006
0.048582
0.043055
0.035297
0.026279
0.017552
0.009590
0.002802
-0.003171
-0.009232
-0.016291
-0.024630
-0.034230
-0.044509
-0.054400
-0.062642
-0.068170
-0.070594
-0.069527
-0.066036
-0.060994
-0.055855
-0.051782
-0.049648
-0.049455
-0.050618
-0.051782
-0.051976
-0.050230
-0.046642
-0.041988
-0.037527
-0.035200
-0.036073
-0.041212
-0.050618
-0.063806
-0.079612
-0.096582
-0.113455
-0.127030
-0.136727
-0.141576
-0.139636
-0.133818
-0.123152
-0.112485
-0.100848
-0.091733
-0.082909
-0.073309
-0.061382
-0.046061
-0.027636
-0.007418
0.012024
0.029188
0.042764
0.052945
0.060412
0.066036
0.069430
0.069527
0.064388
0.052752
0.035006
0.013285
-0.008601
-0.027539
-0.041212
-0.050036
-0.056824
-0.065261
-0.078158
-0.096291
-0.117333
-0.136727
-0.150303
-0.154182
-0.149333
-0.137697
-0.123152
-0.110545
-0.099879
-0.092315
-0.083782
-0.071467
-0.053527
-0.030545
-0.005421
0.017842
0.035782
0.046545
0.050327
0.049261
0.046158
0.042861
0.040242
0.038109
0.035297
0.031418
0.026570
0.021915
0.018618
0.018036
0.020073
0.024145
0.028994
0.033261
0.036848
0.039758
0.042764
0.046836
0.051879
0.056727
0.060024
0.060024
0.055273
0.046255
0.033842
0.020364
0.007505
-0.003442
-0.012897
-0.022206
-0.032970
-0.046158
-0.061867
-0.078545
-0.093867
-0.105697
-0.113455
-0.118303
-0.121212
-0.125091
-0.130909
-0.138667
-0.143515
-0.141576
-0.131879
-0.111515
-0.086788
-0.062642
-0.046739
-0.044606
-0.057406
-0.081842
-0.110545
-0.134788
-0.148364
-0.147394
-0.133818
-0.112485
-0.086982
-0.062836
-0.041600
-0.022788
-0.004519
0.014545
0.034715
0.055176
0.074376
0.091248
0.105697
0.120242
0.132848
0.145455
0.156121
0.160970
0.159030
0.149333
0.131879
0.110545
0.088630
0.068267
0.050230
0.033164
0.015612
-0.003355
-0.023079
-0.040630
-0.052461
-0.056145
-0.051394
-0.039952
-0.025794
-0.012509
-0.002444
0.004073
0.008688
0.013576
0.020267
0.029673
0.041212
0.054594
0.068945
0.084364
0.099879
0.113455
0.120242
0.117333
0.100848
0.070400
0.030933
-0.009503
-0.041503
-0.057794
-0.056436
-0.041309
-0.021139
-0.005518
-0.001086
-0.008592
-0.023079
-0.036558
-0.041697
-0.035685
-0.021139
-0.005518
0.003258
0.000360
-0.014255
-0.035685
-0.056048
-0.068848
-0.071176
-0.064776
-0.054497
-0.045576
-0.041503
-0.042085
-0.044703
-0.045673
-0.043055
-0.037042
-0.029576
-0.023758
-0.020945
-0.020558
-0.020364
-0.017939
-0.011927
-0.003433
0.005072
0.010570
0.011248
0.007234
0.000541
-0.006061
-0.010958
-0.013770
-0.015806
-0.019297
-0.025115
-0.033261
-0.042473
-0.050715
-0.057503
-0.063418
-0.069818
-0.078061
-0.087855
-0.096776
-0.101818
-0.098909
-0.088339
-0.071467
-0.052461
-0.035879
-0.024048
-0.016097
-0.008320
0.003714
0.022885
0.048000
0.073794
0.093188
0.099879
0.092024
0.072436
0.048582
0.028800
0.018521
0.018521
0.024630
0.029382
0.026570
0.013576
-0.006788
-0.028024
-0.042570
-0.045091
-0.034715
-0.015418
0.006332
0.024727
0.036364
0.041891
0.044509
0.048291
0.055661
0.066036
0.076509
0.083394
0.083491
0.076315
0.063709
0.048970
0.035103
0.023758
0.014255
0.004975
-0.005973
-0.019394
-0.033842
-0.046739
-0.055273
-0.057309
-0.052848
-0.043345
-0.031515
-0.019879
-0.009590
-0.000270
0.009988
0.023273
0.040630
0.061576
0.084073
0.104727
0.119273
0.126061
0.125091
0.118303
0.107636
0.096485
0.087952
0.082036
0.078061
0.074085
0.068170
0.059539
0.048291
0.036267
0.025212
0.016679
0.010570
0.005605
-0.000092
-0.008688
-0.021042
-0.036945
-0.054497
-0.072145
-0.088436
-0.103758
-0.118303
-0.134788
-0.152242
-0.170667
-0.187152
-0.200727
-0.209455
-0.211394
-0.209455
-0.204606
-0.199758
-0.195879
-0.192000
-0.187152
-0.177455
-0.163879
-0.145455
-0.125091
-0.106667
-0.093673
-0.088048
-0.089309
-0.095418
-0.102788
-0.109576
-0.113455
-0.113455
-0.109576
-0.103758
-0.096194
-0.086982
-0.076606
-0.065842
-0.055176
-0.045479
-0.036945
-0.028994
-0.020558
-0.010085
0.003074
0.019588
0.038497
0.058376
0.077576
0.095224
0.111515
0.127030
0.142545
0.158061
0.172606
0.186182
0.196848
0.204606
0.211394
0.217212
0.224970
0.234667
0.246303
0.256970
0.266667
0.275394
0.281212
0.287030
0.293818
0.301576
0.310303
0.318061
0.320000
0.318061
0.310303
0.299636
0.288970
0.282182
0.278303
0.276364
0.273455
0.268606
0.259879
0.249212
0.238545
0.228848
0.223030
0.219152
0.214303
0.207515
0.197818
0.185212
0.175515
0.169697
0.170667
0.176485
0.185212
0.192000
0.191030
0.181333
0.164848
0.144485
0.125091
0.107636
0.094933
0.083782
0.072145
0.057891
0.041018
0.022400
0.004063
-0.012703
-0.027733
-0.042570
-0.058279
-0.075539
-0.093867
-0.111515
-0.127030
-0.140606
-0.152242
-0.165818
-0.182303
-0.202667
-0.224970
-0.244364
-0.254061
-0.250182
-0.230788
-0.199758
-0.163879
-0.128970
-0.101818
-0.083879
-0.074279
-0.068170
-0.060703
-0.047806
-0.028509
-0.004335
0.021139
0.044606
0.062642
0.073794
0.078061
0.076121
0.069333
0.059345
0.047709
0.035394
0.023079
0.010667
-0.002715
-0.018618
-0.038206
-0.061479
-0.087370
-0.113455
-0.136727
-0.155152
-0.166788
-0.173576
-0.177455
-0.181333
-0.186182
-0.193939
-0.200727
-0.207515
-0.210424
-0.210424
-0.209455
-0.209455
-0.211394
-0.214303
-0.218182
-0.218182
-0.213333
-0.201697
-0.186182
-0.168727
-0.152242
-0.138667
-0.128000
-0.118303
-0.106667
-0.091345
-0.073309
-0.054691
-0.039467
-0.030642
-0.030061
-0.037042
-0.048776
-0.061964
-0.073600
-0.082230
-0.088339
-0.093091
-0.098909
-0.105697
-0.113455
-0.123152
-0.131879
-0.138667
-0.144485
-0.147394
-0.147394
-0.145455
-0.142545
-0.137697
-0.131879
-0.126061
-0.120242
-0.116364
-0.112485
-0.109576
-0.104727
-0.099879
-0.093382
-0.085818
-0.078448
-0.071855
-0.066424
-0.061964
-0.057697
-0.052752
-0.046545
-0.039176
-0.030933
-0.022400
-0.013964
-0.005430
0.003442
0.013091
0.023564
0.034036
0.043830
0.051976
0.057988
0.062448
0.066230
0.070691
0.076412
0.083879
0.092412
0.100848
0.106667
0.110545
0.111515
0.107636
0.101818
0.093091
0.083006
0.072533
0.062739
0.054594
0.048970
0.046158
0.045673
0.046545
0.047224
0.046448
0.043345
0.038109
0.031612
0.024921
0.018812
0.013770
0.009319
0.004703
-0.000545
-0.006788
-0.013576
-0.019976
-0.025115
-0.028412
-0.030158
-0.030642
-0.030933
-0.031612
-0.032873
-0.034424
-0.035976
-0.037139
-0.037430
-0.037430
-0.037430
-0.037818
-0.038691
-0.039855
-0.040921
-0.041212
-0.040630
-0.038788
-0.035685
-0.031612
-0.026764
-0.021430
-0.015806
-0.010085
-0.004616
0.000724
0.006158
0.011636
0.017261
0.022691
0.027345
0.030352
0.031127
0.028994
0.024630
0.018909
0.013382
0.009406
0.007505
0.007418
0.007690
0.006419
0.002347
-0.004528
-0.013091
-0.020558
-0.023467
-0.019103
-0.006419
0.013576
0.038012
0.062836
0.084170
0.098909
0.105697
0.105697
0.100848
0.094836
0.089212
0.085818
0.084848
0.085139
0.085527
0.084267
0.081164
0.076024
0.069915
0.063806
0.058667
0.054788
0.051976
0.049261
0.045964
0.041503
0.036267
0.030642
0.025794
0.022206
0.020267
0.019588
0.019491
0.019491
0.019297
0.018909
0.018424
0.017842
0.016291
0.013285
0.007961
0.000360
-0.008688
-0.017261
-0.022982
-0.023758
-0.019297
-0.010279
0.000273
0.009590
0.014836
0.014739
0.010085
0.002890
-0.004160
-0.009590
-0.012897
-0.015418
-0.018909
-0.025212
-0.034618
-0.046061
-0.056921
-0.064388
-0.066715
-0.063321
-0.055273
-0.044897
-0.034521
-0.025891
-0.019491
-0.014545
-0.009891
-0.003888
0.003985
0.014255
0.026182
0.038497
0.049939
0.059248
0.065455
0.067782
0.066230
0.061285
0.053818
0.045382
0.037236
0.030352
0.024921
0.020073
0.014739
0.007602
-0.001901
-0.013770
-0.026667
-0.038885
-0.048776
-0.054982
-0.057406
-0.056824
-0.054303
-0.051200
-0.048485
-0.046448
-0.044994
-0.043733
-0.041988
-0.039758
-0.036848
-0.033261
-0.029382
-0.025406
-0.021624
-0.018036
-0.014739
-0.011636
-0.008320
-0.004344
0.000544
0.006701
0.013479
0.019976
0.025018
0.027442
0.026279
0.021527
0.014158
0.005246
-0.003258
-0.010570
-0.016291
-0.020752
-0.024824
-0.029576
-0.035879
-0.043830
-0.052848
-0.061673
-0.068945
-0.073503
-0.074861
-0.072921
-0.068073
-0.061673
-0.054594
-0.047806
-0.041697
-0.035879
-0.030158
-0.023758
-0.016679
-0.009232
-0.002715
0.001716
0.003074
0.000815
-0.004344
-0.011248
-0.018230
-0.024048
-0.028412
-0.031709
-0.035297
-0.039758
-0.045479
-0.051976
-0.057309
-0.060121
-0.059636
-0.055661
-0.049745
-0.043830
-0.039467
-0.037139
-0.036461
-0.035879
-0.033842
-0.029285
-0.022594
-0.014836
-0.007505
-0.001901
0.001813
0.004528
0.007505
0.011830
0.018036
0.025212
0.032582
0.038788
0.043248
0.046448
0.049261
0.052945
0.058182
0.065067
0.072630
0.079903
0.085721
0.089697
0.091345
0.090764
0.087564
0.081164
0.071273
0.057988
0.042376
0.026279
0.012218
0.001988
-0.003801
-0.006516
-0.008776
-0.013576
-0.023079
-0.036945
-0.052558
-0.065552
-0.070788
-0.064485
-0.045964
-0.017455
0.015709
0.047321
0.071370
0.084170
0.084945
0.076315
0.062739
0.049164
0.039564
0.035685
0.037042
0.040630
0.042764
0.040048
0.030739
0.015224
-0.004170
-0.023758
-0.039855
-0.050133
-0.053624
-0.051588
-0.046352
-0.040436
-0.035976
-0.033745
-0.033455
-0.034521
-0.036267
-0.038497
-0.041794
-0.046352
-0.052170
-0.058376
-0.063321
-0.065067
-0.062255
-0.054497
-0.042473
-0.027733
-0.012218
0.002899
0.017261
0.031224
0.045188
0.059442
0.073697
0.087467
0.099879
0.111515
0.122182
0.132848
0.143515
0.155152
0.165818
0.172606
0.173576
0.165818
0.151273
0.129939
0.106667
0.085527
0.068073
0.055661
0.046545
0.038400
0.028121
0.014158
-0.003355
-0.022400
-0.039855
-0.052364
-0.058279
-0.057309
-0.051200
-0.042473
-0.034036
-0.027248
-0.022497
-0.018812
-0.014255
-0.007234
0.002628
0.014933
0.027539
0.037915
0.043927
0.044606
0.040048
0.031709
0.021818
0.012121
0.003714
-0.003074
-0.009144
-0.015418
-0.022594
-0.031321
-0.041309
-0.052267
-0.063612
-0.074861
-0.085430
-0.094448
-0.100848
-0.102788
-0.100848
-0.092412
-0.079903
-0.064873
-0.049939
-0.037333
-0.028218
-0.022303
-0.017745
-0.012800
-0.006061
0.002987
0.013673
0.024630
0.035006
0.045091
0.056339
0.070691
0.088727
0.109576
0.129939
0.144485
0.149333
0.140606
0.117333
0.084364
0.046158
0.008320
-0.024533
-0.050715
-0.070594
-0.085818
-0.098909
-0.109576
-0.118303
-0.124121
-0.125091
-0.121212
-0.113455
-0.103758
-0.094061
-0.085139
-0.077091
-0.069430
-0.060994
-0.050909
-0.039370
-0.026861
-0.014352
-0.002618
0.008048
0.018036
0.027539
0.037139
0.046836
0.056727
0.066521
0.075636
0.083782
0.089988
0.093479
0.092897
0.087855
0.078158
0.065358
0.051782
0.039758
0.030933
0.025697
0.022206
0.017552
0.008679
-0.005799
-0.025115
-0.045867
-0.063709
-0.074376
-0.076121
-0.069721
-0.059055
-0.048873
-0.043345
-0.044315
-0.051103
-0.060897
-0.069818
-0.075152
-0.075733
-0.072145
-0.066715
-0.061188
-0.056921
-0.054109
-0.051976
-0.049648
-0.046836
-0.043733
-0.041115
-0.040242
-0.041309
-0.044218
-0.048000
-0.051685
-0.054109
-0.054982
-0.054400
-0.052558
-0.049648
-0.045576
-0.040242
-0.033455
-0.025309
-0.016679
-0.008136
-0.000721
0.005246
0.010570
0.016291
0.023855
0.034521
0.048776
0.065842
0.083976
0.100848
0.113455
0.120242
0.120242
0.113455
0.103758
0.090570
0.077673
0.066327
0.056921
0.049164
0.042279
0.035103
0.027248
0.018327
0.008776
-0.000999
-0.011152
-0.021624
-0.032679
-0.044218
-0.055661
-0.065552
-0.072339
-0.074570
-0.071952
-0.065164
-0.056145
-0.047612
-0.041115
-0.037236
-0.035588
-0.034133
-0.030836
-0.024824
-0.016097
-0.006148
0.002715
0.008863
0.011345
0.010376
0.007234
0.003074
-0.001086
-0.005246
-0.009794
-0.015127
-0.020945
-0.026473
-0.030545
-0.031903
-0.030158
-0.025697
-0.019879
-0.014352
-0.010085
-0.007059
-0.004519
-0.001261
0.003888
0.011442
0.020945
0.031418
0.041600
0.050618
0.057600
0.062448
0.064873
0.064776
0.062352
0.057891
0.052267
0.046642
0.042085
0.039079
0.037236
0.035491
0.032291
0.026667
0.019006
0.010667
0.004247
0.002172
0.005615
0.014448
0.026570
0.039176
0.049745
0.057115
0.061285
0.063806
0.066133
0.069333
0.073115
0.076218
0.077479
0.075636
0.071176
0.065261
0.059539
0.055273
0.052655
0.051006
0.049164
0.045770
0.040824
0.035103
0.030158
0.027152
0.026764
0.028703
0.031515
0.033939
0.035103
0.034909
0.034230
0.033842
0.034521
0.036461
0.039079
0.041115
0.042085
0.041309
0.039079
0.035879
0.032582
0.029382
0.026570
0.024145
0.021721
0.019297
0.016873
0.014642
0.012509
0.010376
0.008048
0.005430
0.002347
-0.000633
-0.003345
-0.005246
-0.006061
-0.005789
-0.004703
-0.003161
-0.001270
0.000816
0.003345
0.006604
0.010667
0.015709
0.021527
0.028024
0.034909
0.041988
0.048873
0.054982
0.060121
0.064194
0.067200
0.069721
0.072436
0.076024
0.080679
0.086594
0.092897
0.098909
0.103758
0.106667
0.107636
0.105697
0.099879
0.092121
0.080970
0.067297
0.052170
0.037527
0.025212
0.016679
0.012315
0.011345
0.011927
0.012315
0.011152
0.008592
0.005702
0.004073
0.004800
0.007505
0.010958
0.013188
0.012800
0.009590
0.005062
0.000989
-0.001270
-0.002531
-0.005062
-0.012218
-0.025891
-0.045576
-0.067200
-0.084267
-0.090667
-0.082812
-0.062255
-0.035588
-0.012024
0.000002
-0.003898
-0.022400
-0.048873
-0.073988
-0.089988
-0.093285
-0.085139
-0.071079
-0.057794
-0.049939
-0.048582
-0.051006
-0.053139
-0.051297
-0.044218
-0.033648
-0.022982
-0.015224
-0.011733
-0.011442
-0.011442
-0.009222
-0.003258
0.005518
0.014933
0.022400
0.026667
0.028218
0.028994
0.031224
0.036170
0.043636
0.051685
0.058279
0.061867
0.062739
0.062739
0.063903
0.067879
0.074570
0.082909
0.090473
0.095127
0.096097
0.093285
0.087855
0.080970
0.073212
0.064873
0.055758
0.045964
0.036267
0.027442
0.020267
0.014642
0.009319
0.002531
-0.007059
-0.019685
-0.033261
-0.044800
-0.050521
-0.048000
-0.037430
-0.021430
-0.004432
0.008776
0.015418
0.014448
0.007777
-0.001542
-0.010376
-0.016873
-0.020558
-0.022594
-0.024630
-0.027636
-0.032291
-0.038012
-0.044024
-0.049939
-0.055564
-0.061091
-0.066812
-0.072339
-0.077285
-0.080388
-0.080776
-0.077964
-0.072242
-0.064582
-0.056145
-0.047903
-0.040533
-0.033648
-0.026958
-0.019879
-0.011733
-0.002347
0.008233
0.019879
0.031903
0.043442
0.053333
0.060606
0.064582
0.065067
0.062739
0.058667
0.054594
0.051491
0.049939
0.049552
0.049455
0.048388
0.045867
0.041891
0.037042
0.032388
0.028703
0.025988
0.023758
0.021430
0.018327
0.014352
0.009891
0.005605
0.002259
-0.000091
-0.001988
-0.004257
-0.007505
-0.012315
-0.018327
-0.024921
-0.031224
-0.036364
-0.040242
-0.042958
-0.044994
-0.046933
-0.049067
-0.051491
-0.054206
-0.057115
-0.060024
-0.063224
-0.066327
-0.069139
-0.071370
-0.072727
-0.072921
-0.072145
-0.070691
-0.069139
-0.067685
-0.066618
-0.065745
-0.064873
-0.063709
-0.062158
-0.060412
-0.058667
-0.056921
-0.055273
-0.053527
-0.051685
-0.049261
-0.046836
-0.044606
-0.042570
-0.041115
-0.039758
-0.038303
-0.036267
-0.033939
-0.031224
-0.028703
-0.026473
-0.024921
-0.023564
-0.022206
-0.020655
-0.018812
-0.017164
-0.016194
-0.016291
-0.017358
-0.018715
-0.019685
-0.019588
-0.018327
-0.016679
-0.015515
-0.015515
-0.017067
-0.019200
-0.020752
-0.020364
-0.017745
-0.013188
-0.007961
-0.003530
-0.000452
0.001358
0.003345
0.006788
0.012412
0.019879
0.027733
0.034424
0.038691
0.041115
0.043442
0.047709
0.055467
0.066036
0.076412
0.082230
0.079030
0.064970
0.041018
0.011636
-0.016679
-0.038303
-0.049842
-0.051394
-0.046255
-0.039370
-0.034909
-0.035297
-0.039855
-0.046255
-0.051006
-0.051976
-0.048485
-0.042085
-0.034715
-0.028412
-0.023855
-0.020848
-0.017745
-0.013576
-0.007602
-0.000540
0.006148
0.011152
0.013285
0.012606
0.009794
0.005876
0.002259
-0.000452
-0.002531
-0.004344
-0.006516
-0.009503
-0.013479
-0.018230
-0.023176
-0.027733
-0.031515
-0.033842
-0.034618
-0.033842
-0.031903
-0.029382
-0.026958
-0.025018
-0.023855
-0.023273
-0.022691
-0.021624
-0.019685
-0.016873
-0.013867
-0.010861
-0.008504
-0.006875
-0.005605
-0.004160
-0.002172
0.000544
0.003801
0.006788
0.008863
0.009503
0.008688
0.006691
0.004160
0.001542
-0.000634
-0.002628
-0.004519
-0.006419
-0.008592
-0.011152
-0.013770
-0.016388
-0.018521
-0.019588
-0.019200
-0.016194
-0.010376
-0.001716
0.009232
0.021333
0.033164
0.043830
0.052848
0.060994
0.069527
0.080097
0.092897
0.107636
0.121212
0.131879
0.136727
0.134788
0.126061
0.111515
0.096388
0.081745
0.069624
0.060121
0.052170
0.044024
0.034521
0.023273
0.010667
-0.001901
-0.013867
-0.024436
-0.033939
-0.042861
-0.051976
-0.061382
-0.071079
-0.080582
-0.089406
-0.096970
-0.104727
-0.111515
-0.117333
-0.123152
-0.127030
-0.128970
-0.128970
-0.126061
-0.122182
-0.116364
-0.111515
-0.106667
-0.102788
-0.099879
-0.097939
-0.095903
-0.094933
-0.094642
-0.095030
-0.095224
-0.094545
-0.092121
-0.087273
-0.080679
-0.073018
-0.065358
-0.058667
-0.053236
-0.048194
-0.043248
-0.037624
-0.031418
-0.025309
-0.020848
-0.018618
-0.019297
-0.022109
-0.025406
-0.027927
-0.028509
-0.026861
-0.023661
-0.019976
-0.016485
-0.013188
-0.009503
-0.004344
0.002628
0.011442
0.020655
0.028412
0.033067
0.033648
0.030642
0.025115
0.018909
0.013382
0.009135
0.005789
0.002444
-0.001358
-0.005876
-0.010570
-0.014158
-0.015806
-0.015030
-0.011927
-0.007864
-0.003801
-0.000722
0.000999
0.001813
0.002444
0.003714
0.005789
0.008592
0.011830
0.015030
0.017745
0.019976
0.022109
0.024242
0.026570
0.029091
0.031709
0.034424
0.036752
0.039079
0.041309
0.043636
0.045964
0.048291
0.050618
0.052945
0.055176
0.057503
0.059733
0.061673
0.062836
0.063127
0.062352
0.060703
0.058667
0.056824
0.055564
0.054885
0.054691
0.054497
0.053721
0.052267
0.050230
0.047709
0.045188
0.042473
0.039467
0.035879
0.031612
0.026473
0.020945
0.015612
0.010958
0.006962
0.003530
-0.000001
-0.004344
-0.009678
-0.015612
-0.021430
-0.026085
-0.028412
-0.028121
-0.025406
-0.021139
-0.016194
-0.011248
-0.006691
-0.002172
0.002802
0.008960
0.016679
0.025406
0.034424
0.042473
0.048097
0.050618
0.049648
0.045673
0.039758
0.033164
0.027055
0.022109
0.018133
0.014545
0.010570
0.005246
-0.001726
-0.009988
-0.018618
-0.026376
-0.032194
-0.035685
-0.036752
-0.036364
-0.035491
-0.034618
-0.034424
-0.034424
-0.034327
-0.033648
-0.032485
-0.030836
-0.028994
-0.027055
-0.024921
-0.022206
-0.018521
-0.013479
-0.007234
-0.000450
0.005973
0.011539
0.016097
0.019879
0.023855
0.028703
0.034812
0.041988
0.049261
0.055952
0.061188
0.064776
0.067103
0.069042
0.070982
0.073406
0.076121
0.078739
0.080776
0.082133
0.083006
0.083782
0.085139
0.087273
0.090085
0.093188
0.095515
0.096388
0.095127
0.091152
0.084848
0.076218
0.066133
0.055176
0.044412
0.034327
0.025503
0.017455
0.009678
0.001445
-0.007874
-0.018715
-0.030545
-0.042473
-0.053721
-0.063515
-0.072145
-0.080194
-0.089018
-0.098909
-0.111515
-0.123152
-0.133818
-0.140606
-0.143515
-0.141576
-0.136727
-0.128970
-0.121212
-0.115394
-0.110545
-0.105697
-0.100848
-0.094739
-0.086788
-0.077188
-0.066424
-0.054982
-0.043345
-0.031612
-0.020558
-0.010376
-0.001901
0.003976
0.007234
0.008145
0.007331
0.006245
0.005702
0.006332
0.007777
0.009319
0.010182
0.010085
0.009135
0.008048
0.007777
0.008592
0.010279
0.011830
0.012218
0.010376
0.006148
0.000181
-0.006158
-0.011733
-0.015321
-0.016582
-0.015806
-0.014061
-0.012218
-0.011442
-0.012412
-0.015224
-0.019879
-0.025988
-0.032679
-0.039273
-0.044897
-0.049261
-0.052170
-0.054691
-0.057309
-0.061285
-0.066715
-0.072921
-0.079030
-0.083297
-0.084364
-0.081745
-0.075830
-0.067394
-0.057794
-0.048194
-0.038885
-0.030158
-0.021721
-0.013867
-0.006962
-0.001988
0.000453
0.000362
-0.001629
-0.004616
-0.007331
-0.009047
-0.009891
-0.010764
-0.012800
-0.016485
-0.021624
-0.026958
-0.030933
-0.031806
-0.029091
-0.023467
-0.016194
-0.008863
-0.002802
0.001716
0.005333
0.008863
0.013188
0.018327
0.024145
0.029867
0.034909
0.039176
0.043152
0.047321
0.051976
0.057309
0.062352
0.066424
0.068848
0.069430
0.069042
0.068267
0.068267
0.069624
0.072339
0.075636
0.078836
0.080970
0.081842
0.081261
0.079418
0.076606
0.073212
0.069139
0.064776
0.060121
0.055661
0.051297
0.047321
0.043345
0.039273
0.034618
0.029576
0.023952
0.018133
0.012509
0.007050
0.001901
-0.003171
-0.008417
-0.013964
-0.019588
-0.025018
-0.030255
-0.034909
-0.039370
-0.043733
-0.048291
-0.053139
-0.058085
-0.062836
-0.067297
-0.071661
-0.076121
-0.080776
-0.085915
-0.091055
-0.095418
-0.097939
-0.097939
-0.095709
-0.091055
-0.085333
-0.079418
-0.074279
-0.070012
-0.066230
-0.062255
-0.057406
-0.051685
-0.045091
-0.038206
-0.031418
-0.024921
-0.018909
-0.012800
-0.006332
0.000546
0.008048
0.015806
0.023661
0.031127
0.038400
0.045382
0.052267
0.059055
0.065745
0.072533
0.079515
0.086885
0.094352
0.101818
0.107636
0.111515
0.111515
0.107636
0.100848
0.091733
0.082327
0.074085
0.067782
0.063321
0.059733
0.055758
0.050424
0.043248
0.034521
0.025115
0.015806
0.007147
-0.000452
-0.007602
-0.014448
-0.021624
-0.029285
-0.037818
-0.047321
-0.057891
-0.069236
-0.080388
-0.090279
-0.096970
-0.099879
-0.097939
-0.092121
-0.083200
-0.073794
-0.065358
-0.059152
-0.054691
-0.050909
-0.046352
-0.039855
-0.031709
-0.022885
-0.014352
-0.007234
-0.001629
0.002987
0.007874
0.013867
0.020945
0.028800
0.036267
0.042861
0.048485
0.053624
0.059248
0.065842
0.072921
0.079224
0.083006
0.082909
0.078642
0.071176
0.062448
0.054303
0.047903
0.043345
0.039370
0.034424
0.027636
0.018812
0.008863
-0.000637
-0.008873
-0.015418
-0.020655
-0.025697
-0.031224
-0.037236
-0.043152
-0.047806
-0.050133
-0.050036
-0.048000
-0.045188
-0.042473
-0.040436
-0.038594
-0.036461
-0.033067
-0.028121
-0.022206
-0.015903
-0.010182
-0.005333
-0.000903
0.003801
0.009891
0.017358
0.026279
0.035782
0.044897
0.053139
0.060121
0.066618
0.072630
0.078933
0.085236
0.091636
0.097939
0.103758
0.109576
0.114424
0.118303
0.121212
0.122182
0.122182
0.121212
0.119273
0.118303
0.119273
0.122182
0.125091
0.127030
0.126061
0.121212
0.112485
0.102788
0.093091
0.085624
0.080485
0.077091
0.073600
0.068364
0.060800
0.051394
0.041600
0.033164
0.026764
0.022206
0.017842
0.012218
0.004519
-0.004887
-0.014836
-0.023564
-0.030061
-0.034424
-0.038303
-0.043539
-0.051394
-0.061867
-0.073309
-0.082909
-0.088145
-0.087564
-0.081842
-0.073212
-0.064388
-0.058279
-0.056145
-0.057988
-0.062642
-0.068364
-0.073988
-0.078739
-0.082715
-0.086206
-0.089794
-0.093576
-0.096970
-0.100848
-0.104727
-0.108606
-0.113455
-0.119273
-0.126061
-0.132848
-0.138667
-0.143515
-0.145455
-0.145455
-0.142545
-0.137697
-0.129939
-0.120242
-0.108606
-0.095709
-0.081648
-0.067491
-0.053624
-0.039661
-0.024630
-0.007418
0.012800
0.036170
0.061576
0.087079
0.109576
0.128000
0.139636
0.144485
0.143515
0.137697
0.130909
0.123152
0.116364
0.110545
0.106667
0.102788
0.098909
0.092994
0.085527
0.076121
0.065455
0.054594
0.044800
0.036364
0.029382
0.022885
0.015515
0.006332
-0.005072
-0.017939
-0.030448
-0.040533
-0.046545
-0.048000
-0.045576
-0.041115
-0.036461
-0.032970
-0.030836
-0.029576
-0.027830
-0.024921
-0.020461
-0.015224
-0.010667
-0.007777
-0.007234
-0.008592
-0.010861
-0.012800
-0.013867
-0.014061
-0.014158
-0.015127
-0.017164
-0.020170
-0.023176
-0.024533
-0.023467
-0.019297
-0.012606
-0.004335
0.004073
0.012218
0.019588
0.026764
0.034036
0.041891
0.050133
0.058085
0.064776
0.069333
0.070982
0.070109
0.067103
0.062836
0.058473
0.054497
0.051200
0.048485
0.045964
0.043055
0.039467
0.034909
0.029576
0.023855
0.018133
0.012800
0.007593
0.002444
-0.002899
-0.008873
-0.015418
-0.022109
-0.028703
-0.034618
-0.039952
-0.045091
-0.050327
-0.056339
-0.063224
-0.070691
-0.077576
-0.083200
-0.086400
-0.086982
-0.085430
-0.082424
-0.079127
-0.076218
-0.073988
-0.072242
-0.070400
-0.068073
-0.065358
-0.062061
-0.058764
-0.055758
-0.052558
-0.049261
-0.045285
-0.040921
-0.036558
-0.033261
-0.031903
-0.033164
-0.036848
-0.042085
-0.047515
-0.051782
-0.054303
-0.055079
-0.055176
-0.055564
-0.057309
-0.060897
-0.065842
-0.071079
-0.075539
-0.077867
-0.077576
-0.074473
-0.068945
-0.061576
-0.053236
-0.044800
-0.036752
-0.029479
-0.023079
-0.017164
-0.011345
-0.004616
0.003258
0.012606
0.022691
0.032582
0.040824
0.046158
0.047709
0.045382
0.039855
0.032291
0.024048
0.016194
0.009222
0.003345
-0.001716
-0.007059
-0.013091
-0.020461
-0.029091
-0.038788
-0.048679
-0.057697
-0.064873
-0.069333
-0.070594
-0.068945
-0.065261
-0.060509
-0.055758
-0.051588
-0.047903
-0.044703
-0.041115
-0.036655
-0.031224
-0.025018
-0.018618
-0.012315
-0.006148
-0.000270
0.005518
0.011539
0.017552
0.023467
0.028703
0.033358
0.037624
0.041891
0.046448
0.051394
0.056339
0.060412
0.062642
0.061964
0.058667
0.053527
0.047903
0.043248
0.040533
0.039758
0.040048
0.040339
0.039564
0.037042
0.033261
0.028994
0.025018
0.022206
0.020655
0.019588
0.018521
0.016679
0.013867
0.010473
0.007147
0.004160
0.001901
-0.000091
-0.002356
-0.005430
-0.009319
-0.013770
-0.018230
-0.022109
-0.025018
-0.027442
-0.029673
-0.032582
-0.036364
-0.041115
-0.046158
-0.050618
-0.053527
-0.054497
-0.053236
-0.050230
-0.046158
-0.041503
-0.037042
-0.032873
-0.028897
-0.024921
-0.021042
-0.016873
-0.012509
-0.007690
-0.002531
0.002899
0.008504
0.013964
0.018521
0.022206
0.024436
0.025406
0.025794
0.026279
0.027539
0.029964
0.033552
0.037915
0.042376
0.046061
0.048776
0.050812
0.052848
0.055467
0.058861
0.063030
0.066812
0.068945
0.068655
0.065455
0.059927
0.053042
0.046352
0.040727
0.036558
0.033164
0.029576
0.024921
0.018327
0.010570
0.002531
-0.004073
-0.008320
-0.009503
-0.007690
-0.003530
0.001716
0.007418
0.012800
0.017552
0.021818
0.025600
0.029285
0.033164
0.037915
0.043830
0.051006
0.058958
0.066812
0.072436
0.074376
0.071176
0.062739
0.050133
0.035588
0.021236
0.009319
0.000540
-0.005430
-0.010085
-0.014739
-0.020655
-0.028121
-0.037042
-0.046642
-0.056824
-0.067394
-0.078352
-0.089503
-0.099879
-0.107636
-0.111515
-0.109576
-0.100848
-0.088921
-0.074570
-0.060994
-0.050133
-0.042376
-0.036848
-0.031515
-0.024533
-0.014933
-0.003161
0.009590
0.021915
0.033067
0.043345
0.053624
0.065067
0.077673
0.090279
0.100848
0.106667
0.106667
0.100848
0.090667
0.078836
0.068267
0.060994
0.056533
0.053333
0.048679
0.040048
0.026376
0.008048
-0.012897
-0.034036
-0.052461
-0.066230
-0.074861
-0.078642
-0.078933
-0.077285
-0.074958
-0.073212
-0.072048
-0.071176
-0.070303
-0.068461
-0.065261
-0.060315
-0.054012
-0.047030
-0.040145
-0.034036
-0.028897
-0.024339
-0.020170
-0.015709
-0.010764
-0.005430
0.000002
0.004975
0.009794
0.014158
0.018909
0.024048
0.029673
0.035006
0.039273
0.041406
0.041018
0.038206
0.033745
0.028897
0.024727
0.021527
0.019297
0.017067
0.014352
0.010570
0.005789
0.000633
-0.004344
-0.008863
-0.012800
-0.016873
-0.021042
-0.025794
-0.030933
-0.035976
-0.040533
-0.044315
-0.047903
-0.051685
-0.056242
-0.061673
-0.067297
-0.071661
-0.073503
-0.071758
-0.066521
-0.058473
-0.049358
-0.040921
-0.034133
-0.029188
-0.025794
-0.022497
-0.018521
-0.013091
-0.006604
0.000455
0.007244
0.013091
0.017939
0.021915
0.025891
0.030352
0.035588
0.041600
0.047903
0.053721
0.058473
0.061479
0.062739
0.062545
0.060897
0.058473
0.055661
0.052752
0.049745
0.046739
0.043539
0.039952
0.035976
0.031515
0.026473
0.021236
0.016000
0.010764
0.005789
0.000989
-0.003617
-0.008504
-0.013673
-0.019491
-0.025697
-0.032388
-0.038788
-0.044509
-0.048679
-0.050618
-0.050327
-0.047709
-0.043539
-0.038691
-0.034036
-0.030158
-0.027248
-0.025018
-0.023079
-0.020752
-0.017648
-0.013964
-0.009678
-0.005333
-0.001086
0.002802
0.006604
0.009891
0.012509
0.013867
0.013576
0.011539
0.008233
0.004160
0.000632
-0.001358
-0.001358
0.000544
0.003888
0.007690
0.011152
0.013867
0.015806
0.017745
0.019976
0.022885
0.026182
0.029091
0.031224
0.031709
0.030545
0.028315
0.025503
0.022982
0.021333
0.020752
0.021139
0.022303
0.024048
0.026085
0.028024
0.029770
0.030933
0.031127
0.030352
0.028218
0.025406
0.022206
0.019200
0.016582
0.014448
0.012606
0.010667
0.008320
0.005430
0.002172
-0.001173
-0.004432
-0.007418
-0.010085
-0.012800
-0.015515
-0.018424
-0.021624
-0.025018
-0.028412
-0.031709
-0.034715
-0.037721
-0.040727
-0.043830
-0.047030
-0.050521
-0.053915
-0.057309
-0.060703
-0.063903
-0.066812
-0.069430
-0.072145
-0.075248
-0.079030
-0.083685
-0.089018
-0.094352
-0.098909
-0.101818
-0.101818
-0.099879
-0.095030
-0.089212
-0.082909
-0.077091
-0.072048
-0.067200
-0.062255
-0.056145
-0.048873
-0.040339
-0.031418
-0.022594
-0.014545
-0.007321
-0.000540
0.006332
0.014255
0.023273
0.033067
0.043152
0.052848
0.061576
0.069527
0.076800
0.084364
0.092897
0.102788
0.113455
0.124121
0.133818
0.140606
0.145455
0.146424
0.143515
0.139636
0.134788
0.128970
0.124121
0.120242
0.116364
0.111515
0.105697
0.097939
0.087855
0.077091
0.066230
0.056048
0.047127
0.039079
0.031321
0.022982
0.013479
0.002434
-0.009416
-0.021430
-0.032291
-0.040339
-0.044509
-0.043830
-0.038400
-0.028703
-0.016000
-0.002259
0.010570
0.021624
0.030061
0.036655
0.042764
0.050327
0.060412
0.073115
0.087079
0.099879
0.107636
0.109576
0.104727
0.094448
0.080485
0.066036
0.053042
0.041988
0.032485
0.022885
0.012024
-0.000458
-0.014255
-0.028315
-0.041503
-0.053527
-0.064970
-0.076703
-0.089503
-0.102788
-0.115394
-0.125091
-0.129939
-0.129939
-0.124121
-0.116364
-0.107636
-0.100848
-0.096194
-0.093285
-0.090376
-0.085915
-0.079127
-0.070691
-0.061576
-0.053236
-0.046255
-0.039758
-0.032485
-0.023079
-0.010958
0.003442
0.018812
0.033552
0.046642
0.057988
0.068655
0.080097
0.093188
0.107636
0.123152
0.136727
0.145455
0.149333
0.147394
0.138667
0.124121
0.103758
0.076703
0.044994
0.009396
-0.027055
-0.060994
-0.088533
-0.106667
-0.114424
-0.113455
-0.105697
-0.096388
-0.088242
-0.083103
-0.080873
-0.080000
-0.077964
-0.073503
-0.065745
-0.055564
-0.044218
-0.033552
-0.024339
-0.016776
-0.010085
-0.003530
0.003985
0.012800
0.022497
0.032679
0.042473
0.051394
0.059442
0.066909
0.074667
0.083103
0.092800
0.103758
0.114424
0.124121
0.130909
0.134788
0.134788
0.130909
0.124121
0.115394
0.107636
0.099879
0.093285
0.087855
0.082618
0.076703
0.069624
0.061285
0.051879
0.041697
0.031321
0.020848
0.010085
-0.000637
-0.011539
-0.022400
-0.032873
-0.042570
-0.051879
-0.060606
-0.069527
-0.078836
-0.088533
-0.098909
-0.108606
-0.118303
-0.128000
-0.136727
-0.145455
-0.154182
-0.162909
-0.171636
-0.176485
-0.179394
-0.177455
-0.172606
-0.164848
-0.157091
-0.149333
-0.143515
-0.138667
-0.133818
-0.128970
-0.123152
-0.116364
-0.107636
-0.098909
-0.091055
-0.083588
-0.076703
-0.070109
-0.063127
-0.055661
-0.047515
-0.038885
-0.030352
-0.022206
-0.014352
-0.006875
0.000546
0.008330
0.016485
0.024921
0.033358
0.041600
0.049648
0.057406
0.065067
0.072921
0.081067
0.089406
0.097939
0.105697
0.113455
0.120242
0.126061
0.131879
0.138667
0.145455
0.152242
0.160000
0.166788
0.173576
0.179394
0.185212
0.191030
0.197818
0.205576
0.213333
0.220121
0.224970
0.225939
0.222061
0.214303
0.204606
0.194909
0.185212
0.177455
0.171636
0.164848
0.158061
0.148364
0.136727
0.123152
0.109576
0.096970
0.085624
0.074861
0.064097
0.052558
0.039952
0.026764
0.013673
0.001261
-0.010279
-0.022206
-0.035103
-0.050036
-0.066521
-0.083103
-0.097939
-0.106667
-0.109576
-0.105697
-0.096291
-0.083394
-0.069624
-0.056824
-0.045285
-0.034521
-0.023467
-0.011248
0.002172
0.016291
0.030448
0.044024
0.057503
0.071467
0.086400
0.102788
0.117333
0.129939
0.136727
0.135758
0.127030
0.112485
0.095030
0.078448
0.064776
0.054594
0.046255
0.037236
0.025212
0.009038
-0.010279
-0.030352
-0.047321
-0.058667
-0.062739
-0.060315
-0.053721
-0.045770
-0.038885
-0.034230
-0.031515
-0.029285
-0.026085
-0.020461
-0.012315
-0.002259
0.008504
0.018909
0.028315
0.036558
0.044121
0.051782
0.059830
0.068655
0.077964
0.087661
0.096970
0.106667
0.115394
0.123152
0.128970
0.131879
0.131879
0.128970
0.123152
0.116364
0.109576
0.104727
0.100848
0.097939
0.095321
0.091248
0.084752
0.075733
0.064970
0.054012
0.044121
0.035879
0.028994
0.022303
0.014739
0.005246
-0.005615
-0.017164
-0.027733
-0.036073
-0.041600
-0.044509
-0.045964
-0.046933
-0.048097
-0.049358
-0.050618
-0.051103
-0.050909
-0.050618
-0.050909
-0.052558
-0.055467
-0.058958
-0.061770
-0.062739
-0.061673
-0.059345
-0.057309
-0.057309
-0.059927
-0.064291
-0.068170
-0.068558
-0.062836
-0.050036
-0.031224
-0.008950
0.013188
0.032776
0.048582
0.061673
0.074085
0.088145
0.104727
0.124121
0.144485
0.160970
0.172606
0.176485
0.173576
0.165818
0.155152
0.144485
0.134788
0.127030
0.120242
0.113455
0.105697
0.096485
0.085139
0.072242
0.058958
0.046061
0.034133
0.023079
0.012315
0.000720
-0.012412
-0.027442
-0.043927
-0.060121
-0.074570
-0.084945
-0.090376
-0.090958
-0.087661
-0.082715
-0.077964
-0.074958
-0.073794
-0.073988
-0.074085
-0.072921
-0.070109
-0.065648
-0.060606
-0.055952
-0.051976
-0.048970
-0.046255
-0.043248
-0.039467
-0.035006
-0.030352
-0.026279
-0.023176
-0.020655
-0.018230
-0.015612
-0.012412
-0.009047
-0.006516
-0.006148
-0.008960
-0.015224
-0.024339
-0.035394
-0.046933
-0.058182
-0.068655
-0.078352
-0.087564
-0.096485
-0.105697
-0.113455
-0.120242
-0.125091
-0.128970
-0.130909
-0.132848
-0.133818
-0.133818
-0.133818
-0.131879
-0.128970
-0.125091
-0.121212
-0.116364
-0.112485
-0.107636
-0.102788
-0.096970
-0.089406
-0.080097
-0.069430
-0.058085
-0.046545
-0.035685
-0.025697
-0.016776
-0.008950
-0.002172
0.003714
0.008960
0.013673
0.018230
0.022788
0.027636
0.032873
0.038109
0.043055
0.047321
0.050618
0.053236
0.055176
0.057018
0.058861
0.061285
0.063903
0.066521
0.068945
0.070788
0.071661
0.071370
0.069430
0.065745
0.060024
0.052267
0.043248
0.033552
0.024242
0.016000
0.009135
0.003074
-0.002899
-0.010085
-0.018909
-0.029673
-0.041406
-0.052752
-0.061964
-0.067685
-0.069236
-0.066715
-0.061091
-0.053527
-0.045188
-0.037042
-0.029285
-0.021915
-0.014545
-0.006875
0.001270
0.010182
0.019685
0.030158
0.041212
0.052752
0.064485
0.075636
0.085139
0.092218
0.096000
0.096388
0.093673
0.088533
0.082521
0.076412
0.071176
0.066715
0.063030
0.059248
0.054788
0.049261
0.042667
0.035297
0.027733
0.020752
0.014352
0.008776
0.003345
-0.002259
-0.008601
-0.015515
-0.022594
-0.028800
-0.033164
-0.035103
-0.034424
-0.031709
-0.028024
-0.024630
-0.022400
-0.022012
-0.023176
-0.025309
-0.027636
-0.029091
-0.029576
-0.028897
-0.027248
-0.025115
-0.022885
-0.020558
-0.018133
-0.015418
-0.012509
-0.009406
-0.006332
-0.003433
-0.000632
0.002172
0.005430
0.009144
0.013285
0.017552
0.021236
0.023661
0.024727
0.024242
0.022885
0.021333
0.020267
0.019782
0.019879
0.019879
0.019491
0.018230
0.016388
0.014255
0.012509
0.011345
0.010570
0.009988
0.008776
0.006875
0.004344
0.002075
0.000814
0.001629
0.004432
0.009047
0.014352
0.019491
0.023661
0.026861
0.029673
0.033067
0.037527
0.042861
0.048291
0.052461
0.054012
0.052364
0.047806
0.041115
0.034230
0.027927
0.022885
0.018909
0.015030
0.010182
0.004073
-0.003355
-0.011539
-0.019588
-0.026958
-0.033745
-0.040533
-0.047903
-0.056242
-0.065455
-0.074376
-0.081358
-0.085139
-0.084655
-0.080291
-0.073115
-0.064679
-0.056727
-0.050036
-0.044703
-0.039855
-0.034618
-0.027830
-0.019491
-0.010085
-0.000989
0.006158
0.010182
0.010861
0.008320
0.003801
-0.001358
-0.005973
-0.009406
-0.011733
-0.013576
-0.015515
-0.018327
-0.022206
-0.026667
-0.031515
-0.035976
-0.039952
-0.043636
-0.047224
-0.051103
-0.055758
-0.060703
-0.065648
-0.069818
-0.072630
-0.073794
-0.073406
-0.071758
-0.069333
-0.066424
-0.063418
-0.060121
-0.056533
-0.052655
-0.048582
-0.044509
-0.040824
-0.037430
-0.034327
-0.031224
-0.027733
-0.023952
-0.020170
-0.017067
-0.015321
-0.015418
-0.017358
-0.020752
-0.024727
-0.028218
-0.030642
-0.032000
-0.032485
-0.032776
-0.033358
-0.034618
-0.036267
-0.037915
-0.038691
-0.038303
-0.036364
-0.033164
-0.029382
-0.025503
-0.022206
-0.019685
-0.018424
-0.018327
-0.019491
-0.021527
-0.024436
-0.027636
-0.030739
-0.033358
-0.035200
-0.036364
-0.037139
-0.037915
-0.039370
-0.041794
-0.045188
-0.049067
-0.052752
-0.055661
-0.057212
-0.057212
-0.055952
-0.054012
-0.051782
-0.049648
-0.047903
-0.046448
-0.045091
-0.043830
-0.042473
-0.041018
-0.039564
-0.038206
-0.036945
-0.035782
-0.034521
-0.033358
-0.032000
-0.030642
-0.029382
-0.028218
-0.027152
-0.026182
-0.025018
-0.023952
-0.022788
-0.021624
-0.020558
-0.019685
-0.019200
-0.018909
-0.018618
-0.018327
-0.017939
-0.017261
-0.016485
-0.015515
-0.014448
-0.013382
-0.012121
-0.010667
-0.009135
-0.007505
-0.005973
-0.004790
-0.003976
-0.003530
-0.003074
-0.002531
-0.001629
-0.000271
0.000999
0.002085
0.002356
0.001542
-0.000272
-0.003074
-0.006245
-0.009319
-0.011830
-0.013867
-0.015515
-0.017261
-0.019491
-0.022303
-0.025697
-0.029285
-0.032873
-0.035782
-0.037818
-0.038594
-0.038400
-0.037042
-0.034812
-0.032194
-0.029673
-0.027636
-0.026279
-0.025600
-0.025309
-0.025115
-0.024436
-0.022982
-0.020655
-0.017842
-0.015127
-0.012994
-0.011636
-0.010861
-0.009988
-0.008504
-0.006061
-0.002987
0.000001
0.001988
0.002172
0.000271
-0.003258
-0.007602
-0.011830
-0.015224
-0.017745
-0.019976
-0.022594
-0.026376
-0.031127
-0.035976
-0.039855
-0.041697
-0.040630
-0.036945
-0.031612
-0.025600
-0.020170
-0.015515
-0.011055
-0.006148
0.000003
0.007515
0.015903
0.023661
0.029188
0.031418
0.029673
0.024921
0.018327
0.011733
0.006332
0.002715
0.000452
-0.001173
-0.003171
-0.006158
-0.010182
-0.014739
-0.019297
-0.023370
-0.026764
-0.030061
-0.033552
-0.037721
-0.042473
-0.047321
-0.051200
-0.053333
-0.053139
-0.050618
-0.046642
-0.042182
-0.037818
-0.034230
-0.030933
-0.027442
-0.022982
-0.017164
-0.010182
-0.002890
0.003714
0.009047
0.012703
0.015321
0.017745
0.021139
0.025988
0.031903
0.037915
0.042376
0.043830
0.042182
0.037527
0.031321
0.024921
0.019976
0.016873
0.015321
0.014448
0.013285
0.011248
0.008145
0.004519
0.000989
-0.001901
-0.004160
-0.005876
-0.007418
-0.009232
-0.011248
-0.013188
-0.014642
-0.015321
-0.014933
-0.013770
-0.012024
-0.009988
-0.007777
-0.005430
-0.002987
-0.000723
0.001086
0.001988
0.001358
-0.000816
-0.004432
-0.008776
-0.013091
-0.016873
-0.019685
-0.021915
-0.023758
-0.025891
-0.028218
-0.030448
-0.032194
-0.032582
-0.031321
-0.028315
-0.024048
-0.019200
-0.014158
-0.009493
-0.004887
-0.000179
0.004703
0.010085
0.015612
0.021042
0.026279
0.030836
0.034812
0.038109
0.040630
0.042473
0.043055
0.042570
0.041018
0.038400
0.035103
0.031515
0.027636
0.023855
0.019976
0.015709
0.011055
0.006061
0.000903
-0.003985
-0.008863
-0.013576
-0.018230
-0.023273
-0.028218
-0.033067
-0.037139
-0.039758
-0.040727
-0.039952
-0.037915
-0.035297
-0.032776
-0.030545
-0.028897
-0.027442
-0.025891
-0.023758
-0.021139
-0.018133
-0.015127
-0.012315
-0.009678
-0.007331
-0.004975
-0.002444
0.000182
0.003171
0.006158
0.008960
0.011442
0.013867
0.016194
0.018618
0.021333
0.024339
0.027442
0.030448
0.033164
0.035491
0.036945
0.037430
0.036848
0.035103
0.032485
0.029285
0.025988
0.022982
0.020461
0.018424
0.016679
0.014739
0.012315
0.009135
0.005430
0.001532
-0.001988
-0.005159
-0.007505
-0.009503
-0.011248
-0.013188
-0.015612
-0.018327
-0.021139
-0.023661
-0.025018
-0.025309
-0.024242
-0.022109
-0.019006
-0.015418
-0.011442
-0.007602
-0.003801
-0.000089
0.003258
0.006332
0.008776
0.010279
0.010764
0.010085
0.008592
0.006332
0.003976
0.001716
-0.000001
-0.001173
-0.001901
-0.002356
-0.002531
-0.002628
-0.002444
-0.002172
-0.001629
-0.000999
-0.000452
-0.000181
-0.000090
0.000000
0.000905
0.002899
0.006332
0.010958
0.016291
0.021333
0.025503
0.028218
0.029673
0.030642
0.032000
0.034327
0.037527
0.041115
0.043830
0.044509
0.042667
0.038206
0.031806
0.024727
0.017939
0.012024
0.007050
0.002618
-0.001813
-0.006516
-0.011345
-0.015515
-0.018424
-0.019588
-0.018618
-0.016291
-0.012897
-0.009222
-0.005518
-0.001988
0.001726
0.005789
0.010182
0.015030
0.019588
0.023952
0.027830
0.031515
0.035006
0.038788
0.042861
0.047224
0.051588
0.055564
0.058861
0.061479
0.063612
0.065067
0.065842
0.066036
0.065455
0.064097
0.061867
0.059248
0.056630
0.054109
0.051879
0.049745
0.047612
0.045188
0.042376
0.039370
0.036170
0.033067
0.030255
0.027539
0.024921
0.022206
0.019491
0.016679
0.014061
0.011636
0.009503
0.007418
0.005062
0.002444
-0.000272
-0.003171
-0.005702
-0.007602
-0.008688
-0.009135
-0.009406
-0.009794
-0.010376
-0.011442
-0.012800
-0.014061
-0.015030
-0.015612
-0.016000
-0.016485
-0.017067
-0.018133
-0.019491
-0.021042
-0.022691
-0.024339
-0.025697
-0.027055
-0.028121
-0.028994
-0.029479
-0.029770
-0.029673
-0.029479
-0.029479
-0.029867
-0.030642
-0.031806
-0.033067
-0.034036
-0.034230
-0.033358
-0.031515
-0.028509
-0.024824
-0.020558
-0.015903
-0.011442
-0.006962
-0.002987
0.000452
0.003714
0.006875
0.010085
0.013673
0.017745
0.022303
0.026764
0.031030
0.034618
0.037333
0.039079
0.039952
0.040048
0.039661
0.038691
0.037624
0.036461
0.035394
0.034715
0.034715
0.035491
0.036752
0.038303
0.039855
0.041018
0.041891
0.042764
0.043830
0.045382
0.047321
0.049261
0.050715
0.051103
0.050036
0.047515
0.043830
0.039661
0.035394
0.031418
0.027733
0.024533
0.021527
0.018521
0.015709
0.012994
0.010473
0.007874
0.005062
0.001804
-0.001813
-0.006061
-0.010376
-0.014642
-0.018618
-0.022303
-0.025891
-0.029770
-0.034036
-0.038691
-0.043345
-0.047321
-0.050230
-0.051782
-0.051976
-0.051394
-0.050327
-0.049358
-0.048485
-0.047612
-0.046255
-0.044412
-0.041891
-0.038885
-0.035685
-0.032582
-0.029673
-0.026861
-0.024048
-0.021042
-0.017939
-0.014933
-0.012315
-0.010279
-0.009047
-0.008417
-0.008048
-0.007602
-0.006691
-0.005430
-0.003801
-0.002172
-0.000632
0.000633
0.001716
0.002715
0.003888
0.005246
0.006875
0.008417
0.009988
0.011442
0.012606
0.013673
0.014739
0.015806
0.016873
0.018036
0.018812
0.019297
0.019200
0.018715
0.017745
0.016291
0.014642
0.012994
0.011442
0.009988
0.008688
0.007331
0.005876
0.004160
0.002172
-0.000002
-0.002172
-0.004344
-0.006332
-0.008320
-0.010085
-0.012024
-0.014158
-0.016194
-0.018327
-0.020558
-0.022497
-0.024533
-0.026376
-0.028315
-0.030352
-0.032485
-0.034521
-0.036461
-0.038303
-0.040048
-0.041988
-0.044024
-0.046255
-0.048388
-0.050327
-0.051782
-0.052752
-0.053527
-0.054303
-0.055176
-0.056048
-0.056630
-0.056339
-0.054594
-0.051297
-0.046352
-0.040533
-0.034424
-0.028800
-0.023661
-0.019394
-0.015127
-0.010570
-0.005605
-0.000181
0.005343
0.010958
0.016291
0.021430
0.026764
0.032388
0.038012
0.043055
0.046933
0.048873
0.048485
0.046352
0.043152
0.040048
0.037818
0.036848
0.036752
0.036752
0.036073
0.034327
0.031612
0.028218
0.025212
0.022885
0.021236
0.020170
0.018909
0.016970
0.014352
0.011345
0.008407
0.005973
0.004519
0.003976
0.004073
0.004519
0.005159
0.005876
0.006788
0.007874
0.008776
0.009406
0.009319
0.008320
0.006604
0.004519
0.002618
0.001173
0.000362
-0.000181
-0.000906
-0.002172
-0.004160
-0.006419
-0.008417
-0.009678
-0.009891
-0.009047
-0.007690
-0.006332
-0.005333
-0.004887
-0.004616
-0.004247
-0.003345
-0.001988
-0.000451
0.000543
0.000814
-0.000092
-0.001988
-0.004528
-0.007059
-0.009232
-0.010667
-0.011636
-0.012315
-0.012897
-0.013673
-0.014448
-0.015418
-0.016194
-0.016873
-0.017358
-0.018133
-0.018909
-0.019976
-0.020945
-0.021818
-0.022206
-0.022012
-0.021042
-0.019588
-0.017939
-0.016000
-0.014158
-0.012412
-0.010667
-0.009135
-0.007418
-0.005605
-0.003704
-0.001629
0.000362
0.002259
0.003714
0.004616
0.005062
0.005062
0.004790
0.004703
0.004790
0.005333
0.006245
0.007418
0.008592
0.009891
0.011055
0.012315
0.013673
0.015321
0.016970
0.018715
0.020461
0.021915
0.023273
0.024533
0.025988
0.027636
0.029576
0.031709
0.033745
0.035588
0.036752
0.037042
0.036267
0.034618
0.032291
0.029479
0.026667
0.024048
0.021721
0.019685
0.017648
0.015418
0.012703
0.009590
0.006604
0.004344
0.003258
0.003801
0.005789
0.008592
0.011539
0.013964
0.015515
0.016194
0.016776
0.017842
0.019879
0.022885
0.026279
0.029091
0.030739
0.030642
0.028994
0.026279
0.023467
0.020848
0.019200
0.017842
0.016582
0.014836
0.012509
0.009590
0.006507
0.003617
0.000999
-0.001086
-0.002899
-0.004432
-0.005702
-0.006419
-0.006419
-0.005605
-0.004160
-0.002531
-0.001270
-0.000905
-0.001629
-0.003345
-0.005615
-0.008320
-0.011152
-0.014158
-0.017745
-0.021915
-0.026570
-0.031224
-0.035006
-0.037430
-0.038012
-0.036945
-0.034715
-0.032291
-0.030255
-0.028800
-0.027733
-0.026958
-0.025600
-0.023564
-0.020848
-0.017842
-0.014739
-0.012024
-0.009493
-0.007234
-0.004790
-0.002075
0.000726
0.003530
0.006245
0.008776
0.011248
0.013867
0.016776
0.019976
0.023079
0.025503
0.026667
0.026279
0.024630
0.021915
0.018909
0.016194
0.014158
0.012800
0.011539
0.010085
0.007864
0.005159
0.001988
-0.001173
-0.003985
-0.006332
-0.007961
-0.009232
-0.010182
-0.011055
-0.011636
-0.012315
-0.012800
-0.013285
-0.013770
-0.014255
-0.015030
-0.015709
-0.016388
-0.016873
-0.016873
-0.016873
-0.016679
-0.016485
-0.016485
-0.016485
-0.016388
-0.015806
-0.014739
-0.012994
-0.010764
-0.008145
-0.005518
-0.003161
-0.001086
0.000633
0.002356
0.004257
0.006604
0.009232
0.012218
0.015224
0.017842
0.019782
0.020752
0.020655
0.019394
0.017455
0.015224
0.012897
0.010861
0.009135
0.007602
0.006061
0.004247
0.002172
-0.000090
-0.002628
-0.005159
-0.007602
-0.009988
-0.012315
-0.014642
-0.016873
-0.019006
-0.020558
-0.021527
-0.021818
-0.021527
-0.021042
-0.020752
-0.020655
-0.020945
-0.021236
-0.021527
-0.021527
-0.021236
-0.020848
-0.020461
-0.020073
-0.019588
-0.018909
-0.017552
-0.015418
-0.012412
-0.009047
-0.005789
-0.002890
-0.000633
0.001173
0.003171
0.005789
0.009047
0.012897
0.016388
0.019006
0.020073
0.019491
0.017358
0.014642
0.012024
0.009988
0.008688
0.007777
0.006691
0.005159
0.002899
0.000088
-0.002802
-0.005343
-0.007147
-0.008145
-0.008504
-0.008592
-0.008688
-0.008960
-0.009319
-0.009794
-0.010085
-0.010376
-0.010473
-0.010570
-0.010764
-0.010958
-0.011055
-0.011055
-0.010764
-0.010182
-0.009590
-0.008776
-0.007874
-0.006962
-0.005973
-0.004975
-0.004247
-0.004073
-0.004528
-0.005886
-0.007874
-0.010182
-0.012509
-0.014352
-0.015709
-0.016873
-0.018133
-0.019782
-0.022109
-0.024824
-0.027442
-0.029285
-0.029964
-0.029285
-0.027539
-0.025309
-0.023176
-0.021527
-0.020461
-0.019588
-0.018715
-0.017358
-0.015515
-0.013091
-0.010764
-0.008863
-0.007505
-0.006875
-0.006691
-0.006516
-0.006245
-0.005789
-0.005159
-0.004616
-0.004160
-0.003976
-0.003801
-0.003433
-0.002802
-0.001901
-0.000633
0.000634
0.001813
0.002899
0.003801
0.004616
0.005246
0.005876
0.006419
0.006691
0.006962
0.007147
0.007418
0.008048
0.008960
0.010085
0.011442
0.012897
0.014255
0.015709
0.017261
0.019006
0.020945
0.022788
0.024242
0.024824
0.024339
0.022885
0.020558
0.018036
0.015515
0.013479
0.011830
0.010376
0.008776
0.006691
0.004247
0.001532
-0.001086
-0.003442
-0.005159
-0.006245
-0.006875
-0.007331
-0.007874
-0.008688
-0.009678
-0.010861
-0.012315
-0.013770
-0.015224
-0.016582
-0.017842
-0.018909
-0.019588
-0.019976
-0.019976
-0.019685
-0.019297
-0.018909
-0.018618
-0.018521
-0.018521
-0.018618
-0.018909
-0.019297
-0.019588
-0.019976
-0.020267
-0.020267
-0.019685
-0.018521
-0.016873
-0.014933
-0.012800
-0.010667
-0.008776
-0.007059
-0.005430
-0.003704
-0.001804
0.000182
0.002444
0.004616
0.006788
0.008863
0.010861
0.012897
0.015030
0.017164
0.019588
0.021818
0.024048
0.026085
0.027830
0.029479
0.030836
0.032097
0.033164
0.034230
0.035103
0.035782
0.036461
0.036752
0.036655
0.035976
0.034812
0.033261
0.031612
0.029867
0.028218
0.026764
0.025406
0.023855
0.022206
0.020073
0.017842
0.015612
0.013576
0.011927
0.010764
0.009891
0.009047
0.008233
0.007234
0.006332
0.005430
0.004790
0.004519
0.004616
0.005062
0.005605
0.006245
0.006962
0.007777
0.008592
0.009232
0.009678
0.009590
0.008960
0.007874
0.006516
0.005062
0.003714
0.002618
0.001629
0.000723
-0.000363
-0.001716
-0.003258
-0.004790
-0.006332
-0.007777
-0.009047
-0.010473
-0.011927
-0.013479
-0.014933
-0.016097
-0.016873
-0.016873
-0.016679
-0.015903
-0.015030
-0.013964
-0.012703
-0.011055
-0.009047
-0.006691
-0.004247
-0.001988
0.000000
0.001542
0.003171
0.004975
0.007418
0.010279
0.013382
0.016097
0.017842
0.018230
0.017164
0.015224
0.012800
0.010764
0.009135
0.007961
0.006962
0.005789
0.004160
0.002075
-0.000001
-0.001716
-0.002899
-0.003530
-0.003617
-0.003530
-0.003345
-0.003345
-0.003345
-0.003258
-0.002802
-0.002085
-0.001173
-0.000180
0.000724
0.001716
0.002715
0.003801
0.004887
0.005876
0.006245
0.005973
0.004790
0.002899
0.000722
-0.001270
-0.002987
-0.004344
-0.005518
-0.006788
-0.008417
-0.010279
-0.012509
-0.014642
-0.016776
-0.018618
-0.020461
-0.022303
-0.024436
-0.026473
-0.028218
-0.029188
-0.029188
-0.028315
-0.026667
-0.024921
-0.023564
-0.022497
-0.022109
-0.021624
-0.021042
-0.019976
-0.018424
-0.016873
-0.015224
-0.014061
-0.013285
-0.012800
-0.012218
-0.011345
-0.010085
-0.008592
-0.007059
-0.005702
-0.004432
-0.003345
-0.002259
-0.000904
0.000634
0.002356
0.004073
0.005615
0.006962
0.008145
0.009319
0.010570
0.011733
0.012897
0.013770
0.014352
0.014739
0.014933
0.015418
0.015903
0.016873
0.017745
0.018521
0.019103
0.019491
0.019588
0.019976
0.020655
0.021527
0.022400
0.023079
0.023176
0.022497
0.021333
0.019685
0.018036
0.016485
0.015224
0.013964
0.012800
0.011248
0.009503
0.007602
0.005702
0.003801
0.002172
0.000632
-0.000634
-0.002085
-0.003345
-0.004616
-0.005605
-0.006516
-0.007234
-0.008048
-0.008960
-0.010085
-0.011248
-0.012509
-0.013576
-0.014255
-0.014836
-0.015127
-0.015418
-0.015612
-0.016097
-0.016582
-0.016873
-0.016970
-0.016776
-0.016194
-0.015224
-0.013867
-0.012121
-0.010085
-0.007777
-0.005246
-0.002531
0.000002
0.002628
0.004975
0.007059
0.009047
0.010764
0.012218
0.013382
0.014061
0.014158
0.013867
0.013285
0.012606
0.012024
0.011539
0.011248
0.010764
0.010085
0.009047
0.007961
0.007147
0.006691
0.007059
0.007961
0.009135
0.010279
0.010958
0.010861
0.010085
0.008679
0.007059
0.005518
0.004160
0.003074
0.002075
0.001086
-0.000001
-0.000999
-0.001988
-0.002899
-0.003530
-0.003985
-0.004519
-0.005062
-0.005789
-0.006604
-0.007418
-0.008320
-0.009047
-0.009794
-0.010570
-0.011248
-0.011927
-0.012315
-0.012412
-0.011927
-0.011055
-0.009891
-0.008688
-0.007602
-0.006962
-0.006691
-0.006691
-0.006788
-0.006875
-0.006788
-0.006788
-0.006691
-0.006875
-0.007234
-0.007602
-0.007874
-0.007602
-0.006604
-0.004790
-0.002347
0.000455
0.003530
0.006245
0.008417
0.009891
0.010667
0.011152
0.011345
0.011539
0.011927
0.012606
0.013382
0.014158
0.014836
0.015321
0.015515
0.015612
0.015806
0.016000
0.016388
0.016873
0.017358
0.017745
0.017842
0.017455
0.016776
0.015709
0.014448
0.013091
0.011927
0.010861
0.009988
0.009047
0.008048
0.006875
0.005518
0.004073
0.002802
0.001813
0.001358
0.001445
0.002085
0.002899
0.003714
0.004344
0.004703
0.004790
0.004975
0.005333
0.005973
0.006875
0.007961
0.008863
0.009406
0.009678
0.009590
0.009590
0.009590
0.009891
0.010182
0.010473
0.010182
0.009406
0.007961
0.005973
0.003617
0.001270
-0.000907
-0.002987
-0.004975
-0.007059
-0.009135
-0.011248
-0.013091
-0.014642
-0.015612
-0.016194
-0.016194
-0.015903
-0.015515
-0.015030
-0.014255
-0.013382
-0.012218
-0.010667
-0.008863
-0.006962
-0.005062
-0.003345
-0.001716
-0.000179
0.001358
0.002987
0.004887
0.006875
0.008863
0.010764
0.012412
0.013770
0.014739
0.015418
0.015709
0.015806
0.015612
0.015418
0.014933
0.014255
0.013382
0.012315
0.010958
0.009406
0.007961
0.006691
0.005702
0.005159
0.004975
0.004887
0.004887
0.004790
0.004519
0.004073
0.003801
0.003617
0.003714
0.003985
0.004073
0.003888
0.003258
0.002172
0.000814
-0.000633
-0.002085
-0.003345
-0.004616
-0.005702
-0.006875
-0.008233
-0.009590
-0.011055
-0.012509
-0.013964
-0.015418
-0.016873
-0.018521
-0.020073
-0.021139
-0.021721
-0.021430
-0.020267
-0.018424
-0.016291
-0.014255
-0.012703
-0.011442
-0.010376
-0.009319
-0.007874
-0.005973
-0.003704
-0.001445
0.000363
0.001813
0.002531
0.002802
0.002987
0.003171
0.003617
0.004344
0.005159
0.005876
0.006332
0.006604
0.006691
0.006875
0.007059
0.007505
0.008048
0.008592
0.009047
0.009319
0.009406
0.009232
0.008960
0.008592
0.008048
0.007418
0.006691
0.005876
0.004975
0.003976
0.002987
0.001901
0.000722
-0.000544
-0.001901
-0.003442
-0.004887
-0.006148
-0.007331
-0.008417
-0.009590
-0.010861
-0.012509
-0.014158
-0.015806
-0.017164
-0.018036
-0.018230
-0.017939
-0.017164
-0.016388
-0.015612
-0.015127
-0.014545
-0.013964
-0.012800
-0.011152
-0.008950
-0.006419
-0.003888
-0.001445
0.000544
0.002356
0.004160
0.006158
0.008417
0.010958
0.013576
0.016097
0.018230
0.020073
0.021333
0.022400
0.023370
0.024145
0.024921
0.025406
0.025600
0.025309
0.024727
0.023855
0.022982
0.022206
0.021624
0.020945
0.020461
0.019685
0.018812
0.017842
0.016776
0.015806
0.014933
0.014158
0.013091
0.011830
0.010376
0.008592
0.006875
0.005246
0.003714
0.002444
0.001173
-0.000090
-0.001813
-0.003617
-0.005343
-0.006604
-0.007147
-0.006962
-0.006061
-0.004703
-0.003433
-0.002444
-0.001988
-0.001988
-0.002172
-0.002444
-0.002356
-0.002085
-0.001629
-0.001086
-0.000633
-0.000272
-0.000090
0.000000
0.000181
0.000453
0.000723
0.000905
0.000999
0.000814
0.000543
0.000180
-0.000181
-0.000633
-0.000999
-0.001358
-0.001629
-0.001813
-0.001716
-0.001542
-0.001086
-0.000452
0.000091
0.000724
0.001173
0.001445
0.001813
0.002085
0.002531
0.003171
0.003888
0.004519
0.005062
0.005430
0.005430
0.005159
0.004790
0.004247
0.003714
0.003161
0.002628
0.002085
0.001445
0.000814
0.000090
-0.000543
-0.001358
-0.002085
-0.002802
-0.003530
-0.004344
-0.005072
-0.005876
-0.006691
-0.007505
-0.008320
-0.009047
-0.009590
-0.010085
-0.010376
-0.010473
-0.010570
-0.010667
-0.010764
-0.010861
-0.010958
-0.010958
-0.010861
-0.010667
-0.010376
-0.010085
-0.009891
-0.009678
-0.009678
-0.009590
-0.009503
-0.009319
-0.008960
-0.008592
-0.008233
-0.008145
-0.008320
-0.008688
-0.009319
-0.010085
-0.010667
-0.011345
-0.011830
-0.012315
-0.012800
-0.013188
-0.013867
-0.014545
-0.015321
-0.016000
-0.016679
-0.017164
-0.017552
-0.017842
-0.017842
-0.017745
-0.017455
-0.017164
-0.016873
-0.016388
-0.016000
-0.015515
-0.015030
-0.014545
-0.014061
-0.013576
-0.012994
-0.012606
-0.012024
-0.011442
-0.010861
-0.010376
-0.009988
-0.009794
-0.009794
-0.010085
-0.010376
-0.010861
-0.011345
-0.011636
-0.012024
-0.012315
-0.012703
-0.013091
-0.013576
-0.014158
-0.014739
-0.015224
-0.015612
-0.016097
-0.016582
-0.017067
-0.017648
-0.018230
-0.018812
-0.019394
-0.019588
-0.019685
-0.019588
-0.019394
-0.019006
-0.018715
-0.018424
-0.018230
-0.018133
-0.017939
-0.017745
-0.017455
-0.017067
-0.016776
-0.016388
-0.016097
-0.015903
-0.015612
-0.015321
-0.014642
-0.013576
-0.012218
-0.010570
-0.008950
-0.007602
-0.006419
-0.005518
-0.004616
-0.003345
-0.001445
0.000999
0.004160
0.007602
0.010861
0.013576
0.015612
0.016970
0.017939
0.018521
0.019200
0.019879
0.020558
0.020945
0.020945
0.020655
0.020073
0.019394
0.018812
0.018424
0.018230
0.018133
0.017745
0.017164
0.016388
0.015515
