  5    7    2    2    2    2    1
  1         0.0000        -3.0000
  2         0.0000         0.0000
  3         4.0000        -3.0000
  4         4.0000         0.0000
  5         8.0000        -3.0000
  0   -1
  0    0
  0    0
  0    0
 -1   -1
       0.0000         0.0000
       0.0000         0.0000
       0.0000         0.0000
      80.0000      -100.0000
       0.0000         0.0000
  1    2    1    1    0
  2    3    1    1    0
  3    4    1    1    0
  4    5    2    1    0
  1    3    2    2    0
  2    4    2    2    0
  3    5    2    2    0
100000000.00000          0.00000  100000.00      0.00      0.00
150000000.00000          0.00000  250000.00      0.00      0.00
        0.05000          0.00001          0.00000      0.00      0.00
        0.03000          0.00001          0.00000      0.00      0.00
      -0.0000         0.0000
       0.0000        -0.0000
      -0.0000        -0.0001
       0.0000        -0.0001
       0.0000         0.0000
     -20.0004         0.0219
      33.2865         0.0122
     -20.0191         0.0114
    -133.2481        -0.0166
      -0.0219         0.0187
     -26.6000         0.0187
      26.5886        -0.0187
 kN
 m
